41

22265
10597.9 15910
18459.5 7334.2 9480.7
6612.1 21855 7801.6 16282.3
10889.1 23953.8 8346.1 18381.1 6867.3
15897.8 8115.7 9719 8335 16566.8 17352
15661 8960.1 12214.2 10937.4 19062 19847.2 3052.1
10816.2 11812.7 6246.3 9369.8 14966.7 15752 4610 5132.7
12774.2 18910.3 4474.4 13337.6 6844.5 7629.7 13476.9 15859.3 11048.1
16436.9 12712.9 5614.9 5562.1 13539.1 14324.4 8435.6 11038 8920.1 7263.9
11072 11300.8 7228.8 8857.9 14454.8 15240 4098.1 4620.8 526.4 13235.8 8610.3
22797.9 15419.8 10565.7 9978.3 16868.2 11955.1 18223.4 20120.6 15846.6 10023.7 6064.9 15334.7
12911.7 11891.6 7489.4 7392.7 14337.1 15122.4 3792.6 6156.5 2646.8 13118.1 7145.2 2134.8 16936.2
16874.4 9092.2 9251.7 7867.7 16099.4 16884.7 1426.2 3228.2 3786.5 14880.4 7968.3 3274.6 17777.7 3325.3
16565 12142.6 5743 4991.7 13667.2 14452.5 8563.7 11166.1 9048.2 8371.9 1195.2 8536.2 6039.5 7272.8 8096.3
27650.4 5215.8 19406.5 12006.8 26254.2 27039.4 10565.8 10758 14208.8 25035.2 17368.5 13696.9 20075.3 13450.5 11542.3 16798.2
19992.6 3784.6 13842.7 5349.4 20690.4 21475.6 5843 6687.4 9534.8 19471.4 10711.2 9022.8 13418 6221.2 5660.6 10140.8 8562
13370.9 17082.4 2548.9 10446.2 9987.2 10772.5 11649 14031.4 9220.2 3142.7 5212.7 8708.3 8212.6 8330.7 11181.7 6079.3 21859.9 15081.3
21777.4 9372.1 10955.4 3930.6 18879.6 17309.5 12175.7 14072.9 13177.1 15378 6407.6 12665.1 6200.2 11232.9 11708.4 5837.2 14149.5 7370.9 10967.5
20422.3 5941.1 15162.1 9032.6 22009.8 22795.1 6272.8 7117.2 9964.5 20790.9 10678.2 9452.5 17101.2 9206.2 7249.3 10107.8 8842.4 3633.1 15536.2 11080.3
7589.9 17816.5 10604 19502.1 10007.2 15782.8 11502.9 11141.9 8945.3 15993.8 19254.6 9915 20111 11324.9 12479.4 19382.6 20291.9 15508.5 13159.7 22955.7 15973.9
16181.2 6917.7 9951.1 4159.6 16798.8 17584.1 4936.4 7376.4 7496.1 15579.9 6328.1 6984.2 14069.5 5551.9 4469.1 5757.8 11695.2 3403.2 10325.2 8048.6 5298.8 16685.2
20300.6 5819.5 15040.5 8911 21888.2 22673.4 6151.1 6995.5 9842.8 20669.2 10556.5 9330.9 16979.6 9084.5 7127.6 9986.1 8720.7 3511.4 15414.5 10958.6 2238.3 16543.4 5164.7
18686 10839.2 7864 3850.5 15788.2 16573.4 9203.3 11805.7 10204.7 8897.6 3316.1 9692.8 5436.8 8260.6 8736 2745.8 15616.6 8838.1 7876 2956 12521.3 21014.4 5027.9 12399.6
18460.4 4387.4 13200.3 11178.4 20048 20833.3 4359.6 4551.8 8002.7 18829 11782.5 7490.7 19246.9 7244.4 5336.1 10707.2 6451.3 6201 13574.3 13226 5165.3 14703.2 6903.8 5043.6 11464
16106 8815.7 10340.5 10501.3 17188.2 17973.5 2502.1 3982.4 5194.7 15969.3 10253.7 4682.8 19787.4 4384.6 3478.6 10381.8 11291.1 6507.6 10714.6 13954.9 6973 12348.8 6967.2 6851.4 11369.6 5084.9
9636.5 22701.2 7093.6 17128.5 5614.8 2680.8 17267.9 19650.3 14839.1 8315.4 14164.8 14327.1 13340.5 13949.6 16800.6 14292.9 27478.7 20700.1 9972.4 19532 22640.9 15235.6 17500 22519.2 16413.8 20752.8 15667.9
20638.5 8570.7 11659.8 2667.1 18534.6 19319.8 11195.6 13271.5 12197 17315.6 7882.2 11685.1 10550.9 10252.9 10728.3 7311.8 10337.3 6569.6 12060.9 4530 10252.8 22819.4 7020.2 10131.1 6008.5 12820.4 12789.3 18017.9
15791.4 18493.3 4867.6 12920.6 9861.7 10647 13060 15442.3 10631.2 3017.3 7793 10119.2 8719.1 9741.7 12592.7 8675 23270.8 16492.2 3840.1 14139.1 18433 21677.4 13292.1 18311.3 9426.7 16544.9 11459.9 5914.8 15099.6
13495.3 21940 7504.1 16367.3 9473.5 2549.6 16506.7 18889 14077.8 7345.7 10353.3 13565.9 9405.5 13188.3 16039.3 11461.4 26717.5 19938.9 7491.7 14825.5 21879.7 16618.5 16738.7 21758 11987.1 19991.5 14906.6 5273.6 19148.7 6669
20506.1 12659.2 9684 5670.5 17608.3 14098.8 11023.4 13625.8 12024.8 10681.6 4274.7 11512.9 3616.8 10080.6 10556.1 4565.8 17436.7 10658.1 8094.6 4200 14341.4 22834.5 6848 14219.7 1820.1 13284.1 12617 17091.6 7828.5 7664.3 11549.2
24170.6 3530.6 18656 10162.8 25503.7 26288.9 10069.8 10262 13712.8 24284.7 15524.5 13200.9 18231.3 12954.5 11046.3 14954.1 2363.7 6596.8 19030 12210.4 8753.4 20413.4 9748 8631.7 13650.7 5955.3 10773.9 24987 8044.4 23600 24284.6 15470.8
23357.9 17590.4 26057.2 26217.9 32904.9 33690.2 15297.3 15420.8 17765.4 31685.9 25970.4 17253.4 35504 20101.3 16273.8 26098.5 16131 22651.2 26431.2 30107 23116.6 18116.5 22816.3 22995 27086.3 14283.2 18425.9 32388.2 28730.7 31001.2 31685.8 28906.3 17780.9
22629 19454.8 24053.8 24214.6 30901.5 31686.8 16642.3 14691.9 18908 29682.5 23967 18396 33500.6 18097.9 17618.8 24095.1 17240.4 20647.8 24427.8 28103.6 21113.2 17387.6 20812.9 20991.6 25082.9 15704.1 16422.5 30384.8 26727.3 28997.9 29682.4 26902.9 21022.7 3195.5
22787.1 21414.9 25890.2 26051 30766.3 33523.2 18478.7 14850 17194.6 31518.9 25803.4 16682.6 35337 19934.3 19455.2 25931.5 19955.5 22484.3 26264.2 29940 22949.7 17545.7 22649.3 22828 26919.3 15641.4 18258.9 32221.2 28563.7 30834.3 31518.8 28739.4 21605.4 10772.7 8515.2
23097.1 13226.3 24817.1 24977.9 31664.8 32450.1 12963 13027 16253.5 30445.8 24730.3 15741.6 34264 18861.2 13939.5 24858.4 11766.8 16562.9 25191.2 22064.9 17028.3 17855.7 17428.1 16906.6 25846.2 11948.9 17185.8 31148.2 20688.7 29761.2 30445.7 27666.3 13416.8 4670.4 5350.6 10533.5
26272.7 14847.2 27994.7 21638.2 34842.4 35627.7 16140.5 16204.6 19431.1 33623.4 27907.9 18919.1 29706.8 22038.7 17117.1 28036 13387.8 18072.3 28368.7 23685.9 18378.8 21031.3 21223.5 18257.1 25126.2 15920 20363.4 34325.7 22309.6 32938.7 33623.3 26946.3 15037.7 3066.2 6110.3 13711 5513.7
21149.9 11393.8 19450.1 19610.8 26297.8 27083.1 9786.3 9850.3 13076.8 25078.8 19363.3 12564.9 28896.9 13494.1 10762.8 19491.4 9934.4 13386.2 19824.1 20833.4 13851.6 15908.5 14251.4 13729.9 20479.1 8772.2 11818.8 25781.1 19457.1 24394.1 25078.7 22299.2 11584.3 6860.5 7540.8 7356.8 4526.2 7703.8
20392.3 22344.9 26943.9 27104.7 28371.4 33862.7 19532.5 16946.9 21798.1 32572.7 26857.2 21286.2 36390.8 20988 20509 26985.2 20983.6 23538 27318 30993.7 24003.4 14395.3 23703.1 23881.7 27973 18594.3 19312.7 32560.8 29617.5 31888 32572.6 29793.1 23912.8 10539.2 6289.1 14896.1 9301.7 12269 12965.3
21730.7 11807.1 20030.8 20191.6 26878.6 27663.8 10367 10431.1 13657.6 25659.6 19944 13145.6 29477.7 14074.9 11343.5 20072.1 10347.7 13966.9 20404.9 21414.2 14432.3 16489.2 14832.1 14310.7 21059.9 9352.9 12399.6 26361.9 20037.9 24974.9 25659.5 22880 11997.6 6554.9 7235.1 7937.5 4220.6 7398.1 1919.4 13003.3
