41

18649
22032.9 3383.8
9127.2 11622.6 14555.4
22052.3 18697.1 16862.5 9666.3
20113.5 12444 8941.7 13822.4 15150.6
18656.4 13719 10216.7 12405.2 14323.5 2502.8
6010.8 14016.4 16949.2 3513.4 13506.2 17197.9 15683.6
8983.2 15170.1 20947.2 4077.3 8427.7 19594.8 18080.5 3749.4
4368.7 17287.3 17497.6 4324.7 15347.1 17746.2 16231.9 2701.3 5510.7
11070.6 9941.9 11303.6 4210 8768.7 10937.7 9423.4 10152.4 9467.4 8261.1
5812.4 16064.5 22221 6242.5 13858.6 20868.6 19354.3 3791.7 3958.1 3190.2 10743.2
13378 12854.1 13520.8 4420.6 5294.3 13636.4 12122.1 8144.2 7459.2 9567.7 3505.6 8958.1
14656.5 12001.2 8573.5 9731.5 8489.3 7656.6 6142.3 13455.1 12770.2 14878.6 4646.3 14269 6802.5
13065.2 6570 9953.8 10005.1 18952.9 14129.2 16234.3 10871.2 12230.4 12328.6 9496.5 13125.2 14090.7 12309.9
16447.1 8232.2 5858.4 9334.5 11368 5197.7 5642.6 16233.7 15548.7 13206.6 6420.2 17047.6 8127.2 3147.1 10219.9
15855.3 14169.8 12308.9 6897.8 4775.2 10664.8 9150.5 10621.5 9936.5 12045 5985.4 11435.4 3377.1 4003.8 13319.6 6922.1
5593.2 16264.8 22421.4 6442.8 14059 21069 19554.7 3649.2 4158.4 3047.7 10943.5 568.1 8787.4 14164.8 13325 17034.5 11292.7
13019.1 10363.8 9621.1 6699.2 8552.1 8704.2 7189.9 11937 11252.1 10640 3853.6 12751 5284.4 2567 9513.6 4234.3 4066.6 12949.1
10048.8 15213.7 19810 3543.7 7227.5 18457.6 16943.3 4815 1294.4 6238.5 8332.1 4992.4 4535.6 11553.4 12643.4 14423.1 6883.2 5190.5 10824.6
15722.9 15199 15865.7 5776.7 4331.8 14721.7 13207.4 10489.1 4589.8 11912.6 5850.5 8287.8 2367.6 8060.7 14348.7 10478.9 4715.2 8485.9 7228.8 3444
7965.3 9533.7 12466.5 4375.1 13182.2 13522.4 12008.1 5241.3 6600.5 5971.3 4489.8 7495.2 7910.6 8083.7 6453 8719.2 9830.1 7693.4 6445.5 7234.3 10255.5
22615 19304.2 17469.6 12058.5 4950.3 12870 11355.6 15782.2 11162.2 17205.7 11146.1 16596.1 7996.8 9164.5 18453.9 12082.8 5450.5 16794.2 9227.3 10016.3 7104.1 15775.1
10810.3 9675.4 11037.2 4470.3 9043.9 10671.3 9157 10427.6 9742.6 8431.2 260.3 11241.5 3772.4 5232.6 8825.2 6201.4 6283.1 11439.7 3594.4 8619 6117.3 4121.1 11442.2
6470.1 13138.2 16071.1 2635.3 12113.7 16319.7 14805.4 863.4 3360.6 2357.1 6464.5 3609.5 6842.2 12219.5 10198.4 11849.8 9347.5 3807.6 9242.8 4426.1 8589.2 4215.1 14506.6 7026.8
15129.8 7190.7 7248.1 10041.9 14468 7847.1 10019.7 11551.4 18809.6 12281.5 8247.8 13805.4 12841.9 7706.7 8108.8 5742.3 9982.5 14003.5 6946.6 12776.8 16012.6 7377.7 15141.6 7981.3 10878.8
19482.3 6843.5 3748.4 13405.9 15439.4 3573.2 5745.9 15903.9 19620.1 16634 10491.6 21119 12198.6 7218.5 12461.3 4950.9 10953.9 21317.2 8266.1 18496.5 14543.5 11730.2 15886.7 10225.2 15231.3 6273
10673.4 7280.7 10040.9 6885.6 17068.7 10639.9 12812.6 8395.1 11008.3 9125.2 6756.3 10649.1 9660 10425.7 3727 8284 12481.5 10847.2 8787.5 9620.5 12004.9 4404.3 17742.4 5735.6 7722.5 4713.3 9065.8
9206.8 9411.7 11417 7265.1 17627.5 12015.9 14188.6 8131.2 9490.4 8470.2 6615.3 10385.1 10516 10077.1 3987.6 9140 13040.3 10583.3 9346.3 10124.2 12860.9 3999.3 18301.2 6355 7458.5 6089.4 10441.9 1680.5
12146.8 11647.6 13433.7 2528.3 7980 12516.8 11002.5 6913 6228 8336.5 2865.5 7726.9 2708.4 6208.2 10156.4 8046.9 5213.7 7925 5347.1 5104.3 4147.4 4654.6 10372.9 3125.8 4995.6 9099.4 12078.7 6835.4 7424.1
21282.4 12628.5 9126.2 15745.1 17073.3 2102.8 3064.9 22278.3 21593.3 18464.5 12830.8 23092.2 14537.8 9557.6 15055.2 6392.1 12587.8 23290.3 10605.3 20469.7 16644.8 13560.7 14793.3 12564.3 17061.8 8702.3 4428.4 11525.8 12871.1 14400.7
22350.6 18884.7 15382.5 13393.2 11911.8 7668.5 6154.2 17116.8 16431.8 18540.3 12480.8 17930.7 10464.2 7838.8 18653.9 9998.6 7426.3 18128.9 11087 15308.2 11483.3 15975.1 8858.6 12695.3 15801 14958.5 10684.6 16727.6 18072.9 11677.8 6602.8
16515.6 8300.8 5927 8903.7 10937.1 5266.3 5211.8 15802.9 15117.9 12775.8 5989.4 16616.8 7696.4 2716.2 10288.4 540.1 6451.7 16814.9 3763.9 13994.2 10041.3 8465.7 11610.8 5722.9 11373.1 5778.8 4987.4 8362.2 9171.2 7559.3 6428.6 9544.3
16640.3 23632.9 23209.6 11362.7 8152 22292.7 20778.3 12739 9823.8 17327.5 12695 14011.5 9212.2 15085.4 22782.7 17822.7 11579.4 13927.5 14224.2 9040.8 8319.4 17000.2 9228.1 12909.5 12629.4 21084.8 21854.6 20856.4 22201.7 11894.6 23375.6 19046 17384.8
18919.9 25577.2 25153.9 14830.3 9372.3 24236.9 22722.6 15018.5 12103.3 19607 13915.3 16291 10432.4 17029.7 24727 19767 13523.7 16207 16168.5 12451.9 9539.7 18220.5 11006.8 14129.8 14908.9 23029.1 23798.8 22800.7 24146 13114.9 25319.9 20990.2 19329 3575.8
16765.7 27032.2 26608.8 17190.3 11502 25691.9 24177.6 15960 9416.7 14818.4 16343.4 12578.7 12860.6 18484.6 26181.9 21222 14978.7 12380.8 17623.5 9725.1 10162.1 19622.6 12461.7 16557.9 15850.4 24484.1 25253.8 24255.6 28057.4 18453 26774.9 22445.2 20784 4213.3 6030
21330.9 33881 33457.6 21755.5 16275.2 32540.7 31026.4 20525.2 17884.7 19383.6 25748.4 17143.9 17335.3 25333.4 33030.7 28070.8 21827.5 16946 24472.3 14225.6 16442.6 24187.8 19310.5 25962.9 20415.6 31332.9 32102.6 31104.4 32449.8 25398.8 33623.6 29294 27632.8 8073.9 8926.9 6996.4
32830.5 35452.2 28909.1 28685.5 17780.1 21195.2 19680.9 32409.1 24270 33832.6 27319.6 30201.6 24587.9 20171.4 34601.9 29642 18280.3 30117.7 26043.5 22993.8 23695.2 31923.1 13795.5 27534.1 31093.3 32904.1 24211.3 32675.6 34021 26970 22278.1 16827.6 29204 14213.6 11153.5 14450.1 13742
19927.8 29143.1 28719.7 20352.4 13960.9 27802.8 26288.5 19122.1 16481.6 17980.5 21010.4 15740.8 15021 20595.5 28292.8 23332.9 17089.6 15542.9 19734.4 12822.6 14128.3 22784.7 14572.6 21224.9 19012.6 26594.9 27364.7 26366.5 27711.8 20660.9 28885.7 24556.1 22894.9 6362.8 6612.6 5593.3 2806.6 12800.5
24081.6 30232.1 29808.8 23465.4 13159.8 24035 22520.7 20180.2 17265 24768.7 18681.7 21452.7 15198.9 17374 29381.8 24421.9 13660 21368.7 20823.4 17218.4 14306.2 26703 11287.2 18896.2 20070.6 27684 28453.7 27455.6 28800.9 21750 25118 19214.6 23983.9 8737.5 6533.3 10283.4 11406.1 6008.6 7827.2
23634.7 29785.3 29361.9 23018.6 12713 23588.2 22073.9 19733.3 16818.2 24321.8 18234.9 21005.9 14752.1 16927.2 28935 23975.1 13213.2 20921.9 20376.6 16771.5 13859.4 26256.2 10840.3 18449.4 19623.8 27237.1 28006.9 27008.7 28354.1 21303.1 24671.1 20350 23537.1 8290.7 6086.4 9836.6 10230.5 5012.5 7729.3 1175.6
