63

11693
11700.4 366.9
7363.7 5780.3 6203.2
3469.6 9508 10551.8 4648.9
4572.1 10420.9 10233.4 4158.4 1148.4
4023.7 11188.3 11000.8 4925.8 1413 1061.2
5975.1 8225 8037.5 4221.2 2721.6 1545.2 2341.9
6519.7 8210.3 8022.8 4765.7 3266.1 1608.8 2405.5 806.9
6681.8 7974 7786.5 4927.8 3428.2 2251.9 3048.6 706.6 628
3967.9 11376 11188.5 5113.5 1600.7 1283.1 221.9 3246.4 2627.4 3521.7
4464.6 10313 10125.5 5664.3 2151.5 1833.9 772.7 2546.4 2201.7 2821.6 550.8
4922.8 10016.1 9828.7 6012.3 2216.4 1867.2 753.7 2249.6 1904.9 2524.8 772 511.4
8277.5 16820.3 23326.2 17536 7512.1 8611.9 7550.7 10535.8 9824 10811 7494.9 8003.4 8133.7
7201.7 17785.8 17598.3 11523.3 7433.3 7861.3 6800.1 9824.7 9073.4 10099.9 6744.3 7252.8 7383.1 1033.8
10275.1 25511.2 25323.7 15165.9 11990.7 11504 10442.8 12242.7 11898 12518 10386.9 10227.2 10207.7 3094 3316.6
10553.2 25789.3 25601.8 19811.7 12380.7 11894 10832.7 12632.7 12288 12907.9 10776.9 10617.2 10597.7 3490 3712.6 397.2
15175.6 30411.7 30224.2 24434.1 18117.1 22345.3 14588.1 22859.7 23214.4 23134.9 14532.3 14372.6 14353.1 9767.7 10459 6975 6717.7
16004.3 31240.4 31052.9 25262.8 18945.8 23174 19194.8 23688.3 24043.1 23963.6 19139 15586.7 15567.2 10596.4 11287.7 7803.7 7546.4 1655.9
14070 10701.9 10514.4 6856.5 10816.4 10328.3 11095.7 7776.6 7697.9 7451.4 11283.4 9800.6 9503.8 15766.4 14859 17541.7 17938.8 24151.3 24061.1
13615.8 10247.7 10060.2 6402.3 10362.3 9874.2 10641.6 7322.5 7243.8 6997.2 10829.2 9346.5 9049.6 15441.6 14534.2 17342.8 17740 25179.9 25089.8 1588.2
13883.2 11377.6 11190.1 7532.2 10629.6 9453.3 10250 7908 7829.3 7319.9 10471.9 10046.2 9749.4 15081.2 14173.7 16856.4 17253.6 23466 23375.9 1292.5 2263.9
8744.8 11935.9 11748.4 8090.5 8773.6 6156.4 6408.8 6052 5973.3 5463.9 6353 5577.7 5558.2 9655.1 8747.7 11430.4 11827.5 13290 13199.8 6403.3 7880.8 5718.1
9392.4 11054.1 10866.7 7208.8 7645 6468.7 7265.4 4923.4 4844.8 4335.3 7000.6 6225.3 6205.8 10302.7 9395.3 12132.8 12530 19312 19221.9 5789.7 6999 5104.5 839.4
8644.7 13805.1 13617.6 9959.7 7796.7 6663.9 6916.3 7921.2 6198.2 7333.1 6860.4 6085.2 6065.7 9294.9 7871.1 8624 9021.2 12675.3 10651.6 9076.1 9750 8390.9 2948.3 3595.9
9061.3 13614.1 13426.6 9768.7 7605.6 6472.9 6725.3 7730.2 6007.2 7142.1 6669.4 5894.2 5874.7 10594.5 9170.7 9923.6 10320.8 11783.2 11693.1 8058.3 9559 7373 2393.8 2268.6 1441.6
10499.7 13547.7 13360.2 9702.3 10138.6 7911.3 8163.7 7417 7338.3 6828.9 8107.9 7332.6 7313.1 11543.3 10119.5 10872.4 11269.6 17307.3 17217.1 8283.2 9492.6 7598 2618.7 2493.5 2692.6 1008.2
9969.8 14062.3 13874.8 10216.9 8514.2 7381.4 7633.8 7931.6 6915.7 7343.5 7578 6802.8 6783.3 11003.1 9579.3 10332.2 10729.4 16652.7 16562.6 8797.8 10467.5 8112.6 3133.3 3008.1 2338.2 1522.8 1747.8
11516.2 16445 16257.5 12599.6 11530.3 9303.7 9982.3 10561.1 8838.1 9973 9926.5 8558.8 8539.3 7290.6 6383.2 8776 9173.1 8563.1 8473 11716 12389.9 11030.8 5588.2 5870.1 3040 4081.4 4609.7 4069.5
11927.2 16855.9 16668.4 13010.5 11941.2 9714.7 10393.2 10972 9249 10383.9 10337.4 8969.8 8950.3 7495.6 6794.1 6828.4 6717.9 8523.7 8433.6 12126.9 12800.8 11441.7 5999.1 6070.1 3450.9 4584.8 4809.7 4147.2 410.9
16706.9 27747.8 27560.3 23902.4 14395.4 12886.7 12847.5 14144 12421 13555.9 12791.6 12631.9 12612.4 7974.3 7867.9 4891.2 4529.8 4272.8 4182.7 20503.4 15972.8 19818.2 9171.2 9836.4 6623 7664.4 8576.1 8035.8 4444.3 4404.9
18126.4 27074.6 26887.1 23229.2 15006.5 13497.7 13458.5 14755.1 13032.1 14167 13402.7 13242.9 13223.4 8585.4 8479 5718.6 5357.1 5100.2 5010 19830.2 20801.5 19145 9782.2 10447.5 7234 8275.4 10727.6 10132.6 5055.4 5015.9 835.3
18312.6 27260.9 27073.4 23415.5 15331.7 13748.3 13783.8 15005.7 13282.7 14417.6 13727.9 13568.2 13548.7 8910.7 8804.2 6135.4 5774 5517 5426.9 20016.5 20987.8 19331.2 10032.8 12719.2 7484.6 8526 10371.5 9776.5 5306 5266.5 1292.5 457.2
20516.6 33984.6 33797.2 29775.1 23458.1 27686.3 23707.1 28200.6 28555.4 28475.9 23651.3 23182.4 23162.9 14479.3 14701.9 13176.9 12919.6 5805.9 4770.6 26740.3 27711.6 26055 23417.7 24064.4 21191.9 21590.5 20646.4 20051.4 13207.5 15511.5 8917.2 11099.1 11176.4
21165.2 34181.8 33994.3 30423.7 24106.7 28334.9 24355.7 28849.2 29204 27179.6 24299.9 23831.1 23811.5 15127.9 15350.5 13825.5 13568.2 6454.5 5419.2 26937.4 27908.8 26252.2 23614.9 24261.6 21389.1 21787.6 20843.6 20248.6 13594.8 15708.7 9304.5 11296.2 11373.5 648.6
17652.2 9455.8 9268.4 10438.7 14398.6 13910.5 14677.9 11358.8 11280.2 11043.8 14865.6 13382.8 13086 25212.8 23789 24541.9 24939.1 25951.8 25861.7 5939.7 4714.3 5254.4 8104.8 7578.5 10978.3 9847.1 10072 10586.6 17777.7 17820.8 22634.3 22027.9 22105.1 28534.1 28731.3
17953 9756.7 9569.2 10739.6 14699.5 14211.4 14978.8 11659.7 11581 9835.5 15166.5 13683.7 13386.9 25513.7 16689.3 24842.8 25239.9 26252.7 26162.5 6240.6 5015.2 5555.3 8016.4 7490.1 10889.9 9758.7 9983.7 10498.3 18078.5 18121.6 22935.1 22328.7 22406 28835 29032.2 670.9
18513.6 10317.3 10129.8 11300.1 15260 14772 15539.3 12220.3 12141.6 10558.4 15727 14244.2 13947.4 17595.2 16687.8 24003.4 24400.6 25413.3 25323.2 6801.1 5575.8 6115.9 8166.5 7640.3 10888.4 9908.9 10133.8 10648.4 17239.2 17282.3 22095.8 21489.4 21566.7 27995.7 28192.8 1813.5 2115.6
18578.8 10574.8 10387.3 11365.3 15325.2 14837.1 13086.4 10744.5 10665.8 10156.4 13308.3 12882.6 12585.8 17193.2 16285.8 23601.4 23998.6 25011.3 24921.2 6866.3 5640.9 6181 7764.6 7238.3 10486.4 9506.9 9731.8 10246.5 16837.2 16880.3 21693.8 21087.4 21164.7 27593.7 27790.9 1878.6 2180.7 402
16706.3 11537.5 11350 12328 13452.7 12276.4 13073.1 10731.2 10652.5 10143.1 13295 12869.3 12572.5 17179.9 16272.5 23588.1 23985.3 24998 24907.9 5560.6 6532 4875.4 7751.2 7225 10473.1 9493.6 9718.5 10233.1 16823.9 16867 21680.5 21074.1 21151.4 27580.4 27777.5 1767.9 1660.4 1364.7 962.7
13911 13577.2 13389.7 9731.8 10657.5 9481.1 10277.8 7935.9 7857.2 7347.8 10499.7 10074 9777.2 17567.2 16143.4 16896.3 17293.5 20316.6 20226.5 4895.3 5866.7 4210.1 4922.3 4396 7644.2 6664.6 6889.6 6535.5 9830.9 10252.1 16999.1 16392.7 16470 22899 23096.2 5612.4 5526.4 5704.1 5302.2 5288.8
14196.2 13862.4 13674.9 10017.1 10942.7 9766.3 10563 8221.1 8142.4 7633 10784.9 10359.2 10062.4 14636.2 13728.7 21044.4 21441.6 22454.3 22364.2 5180.6 6151.9 4495.3 5207.5 4681.3 7929.4 6949.9 7174.8 7689.4 14280.2 14323.3 19136.8 18530.4 18607.6 25036.6 25233.8 5519.5 5433.5 5199.1 4797.1 4783.8 752.5
12804.7 16802.2 16614.8 12956.9 13109.8 10216.2 10468.6 10388.2 10309.5 9800.1 10412.8 9637.6 9618.1 13759.9 12336.1 13089 13486.1 15522.6 15432.5 9557.8 10529.2 8872.6 4923.7 4798.5 4314.6 3731.4 2875.5 2728.1 6023.6 6444.7 11228.6 10622.2 10035.4 18105 18302.1 11665.1 11967.2 12504.4 10463.9 10450.6 5924.7 7508.1
15165.2 21549.6 21362.1 17704.2 15179.2 12291 13631.2 15135.6 15056.9 14547.4 13575.4 13415.7 13396.2 13095.8 11672 12424.9 12822.1 11554.1 11463.9 14305.2 15276.6 13620 8411.9 8286.7 6033.9 6432.4 5939 5344.1 3676.7 3304.6 7647.9 7041.4 6454.7 16371.5 16568.6 16412.4 16714.5 17251.7 15211.2 15197.9 10672.1 10534.6 5709
15179.1 20867.9 20680.4 17022.5 15193.1 12304.9 13645.2 14453.8 14375.1 13865.7 13589.3 13429.6 13410.1 13109.7 11685.9 12438.8 12836 12008.6 11918.5 13623.5 14594.8 12938.2 8425.8 8300.6 6047.8 6446.4 5953 5358 3690.6 3318.5 8102.4 7496 6909.3 16826 17023.2 15730.7 16032.8 16570 14529.5 14516.2 9990.3 9852.9 5722.9 681.7
16382.5 20548.9 20361.4 16703.5 16856.5 15680.1 14848.6 14134.9 14056.2 13546.8 14792.7 14633 14613.5 14313.1 12889.4 13642.2 14039.4 14222.6 14132.5 13304.5 14275.9 12619.3 9260.3 9135.1 7251.2 7649.8 6854 6259 4591.6 4219.5 9003.4 8397 7810.3 16805 17002.1 15411.8 15713.8 16251 14210.6 14197.2 9671.4 9533.9 5413.7 1582.7 901
17586.6 21753 21565.6 17907.7 18060.6 16884.2 16052.7 15339 15260.3 14750.9 15996.9 15837.1 15817.6 11624.8 14093.5 14846.4 10573.4 12670.1 12580 14508.7 15480 13823.4 10464.4 10339.2 8455.3 8853.9 8363.1 7768.2 6976.5 6604.5 7638.7 6790.7 6661.8 15252.5 15449.6 16615.9 16918 17455.2 15414.7 15401.4 10875.5 10738.1 6617.9 3451.5 3286 2256
16349.2 20515.6 20328.1 16670.3 16823.2 15646.8 14815.3 14101.6 14022.9 13513.5 14759.4 14599.7 14580.2 14279.9 12856.1 13609 14006.1 13875.5 13785.4 13271.2 14242.6 12586 9227 9101.8 7217.9 7616.5 7125.7 6530.7 5739.1 5367.1 8844 7996 7867.2 16457.8 16655 15378.5 15680.5 16217.8 14177.3 14163.9 9638.1 9500.6 5380.4 2730.3 2048.6 1117.1 1908.9
16150.1 20316.5 20129 16471.1 16624 15447.7 14616.1 13902.4 13823.7 13314.3 14560.3 14400.6 14381.1 14080.7 12656.9 13409.8 13807 14059.6 13969.5 13072.1 14043.4 12386.8 9027.8 8902.6 7018.8 7417.3 6926.6 6331.6 5540 5168 9028.2 8180.1 8051.3 16642 16839.1 15179.3 15481.4 16018.6 13978.1 13964.8 9438.9 9301.5 5181.3 2531.1 1849.4 1066.2 2093 855.6
16247.2 20413.6 20226.1 16568.2 16721.1 15544.8 14713.2 13999.5 13920.8 13411.4 14657.4 14497.7 14478.2 14177.8 12754 13506.9 13904.1 14798.3 14708.2 13169.2 14140.5 12483.9 9124.9 8999.7 7115.9 7514.4 7023.7 6428.7 5637.1 5265.1 10048.9 8918.8 8790 17380.6 17577.8 15276.4 15578.5 16115.7 14075.2 14061.9 9536 9398.6 5278.4 2628.2 1946.5 1627.6 2831.7 1594.3 1395.1
16506.3 20672.7 20485.2 16827.3 16980.2 15803.9 14972.4 14258.7 14180 13670.5 14916.5 14756.8 14737.3 14436.9 13013.1 13766 14163.2 15753.8 15663.7 13428.3 14399.7 12743.1 9384.1 9258.9 7375 7773.6 7282.8 6687.8 7001.8 5846.1 10629.9 9499.8 9371 18336.2 18533.3 15535.6 15837.6 16374.8 14334.4 14321 9795.2 11378.6 5401 3209.2 2527.5 2208.6 2668.2 755.3 710.8 456.9
16485.5 20651.9 20464.4 16806.5 16959.4 15783.1 14951.5 14237.8 14159.1 13649.7 14895.7 14736 14716.5 14416.1 12992.3 13745.2 14142.4 15733 15642.9 13407.5 14378.8 12722.2 9363.2 9238 7354.1 7752.7 7262 6667 6981 5825.2 10609.1 9479 9350.1 18315.3 18512.5 15514.7 15816.8 16354 14313.5 14300.2 9774.3 11357.7 5380.2 3188.4 2506.7 2187.7 3391.9 1098 1053.4 667.9 339.7
16834.8 21001.2 20813.8 17155.9 17308.8 16132.4 15300.9 14587.2 14508.5 13999.1 15245.1 15085.4 15065.9 14765.5 13341.7 14094.6 14491.8 16082.4 15992.2 13756.9 14728.2 13071.6 9712.6 9587.4 7703.5 8102.1 7611.4 7016.4 7330.4 6174.6 10958.4 9390.8 9261.9 18664.7 18861.9 15864.1 16166.2 16703.4 14662.9 14649.6 10123.7 11707.1 5729.5 3537.8 2856.1 2537.1 2582.9 1062.1 1017.5 831.9 377.2 652.1
21495.7 33448.5 33261.1 29603.2 24437.2 28665.4 24686.2 27034.5 26955.8 26446.4 24630.4 21078.1 21058.6 16087.8 16779.1 13295.1 13037.8 7380.8 6477.5 26204.2 27175.5 25518.9 22881.6 23528.3 17230.7 17629.3 17135.9 16540.9 14873.5 14501.5 10862.4 10256 10333.3 5287.2 5484.3 28311.4 28613.5 29150.7 27110.2 27096.9 22571 24154.4 18176.8 12461.9 12296.3 11266.3 9713.8 10919.2 11103.3 11842 12439.2 12402.2 12314
20419.8 24586.2 24398.8 20740.9 20893.8 19717.4 18885.9 18172.2 18093.5 17584.1 18830.1 18670.4 18650.9 14711.9 16926.7 17679.6 13736 15757.3 15667.1 17341.9 18313.2 16656.6 13297.6 13172.4 11288.5 11687.1 11196.4 10601.4 10465.7 10093.6 10801.2 9953.2 9824.4 18339.6 18536.8 19449.1 19751.2 20288.4 18247.9 18234.6 13708.7 15292.1 9314.6 7122.8 6441.1 5537.6 3959.3 4647.1 4602.5 4416.9 3962.2 4237.1 3876.9 12802.4
20147.7 24314.1 24126.6 20468.7 20621.6 19445.3 18613.7 17900 17821.3 17311.9 18557.9 18398.2 18378.7 14439.8 16654.5 17407.4 13463.8 15485.1 15395 17069.7 18041 16384.4 13025.4 12900.2 11016.4 11414.9 10924.2 10329.2 10193.5 9821.5 10529 9681 9552.2 18067.4 18264.6 19176.9 19479 20016.2 17975.7 17962.4 13436.5 15019.9 9042.4 6850.6 6168.9 5265.4 3687.1 4374.9 4330.3 4144.8 3690 3964.9 3604.8 12530.2 436.9
21306.9 26022.3 25834.8 22176.9 22329.8 21153.5 19773 19608.2 19529.5 19020.1 19717.2 19557.4 19537.9 15599 17813.8 18566.7 14623 16644.3 16554.2 18777.9 19749.2 18092.6 15455.4 14059.5 12175.6 12574.2 12083.4 11488.4 11352.7 10980.7 11688.3 10840.3 10711.4 19226.7 19423.8 20885.1 21187.2 21724.4 19683.9 19670.6 15144.7 14646.2 10201.6 8009.9 7328.1 6424.7 4846.4 5534.1 5489.6 5304 4849.3 5124.1 4764 13689.4 1845.8 1432.2
21605.7 25935.4 25747.9 22090 22242.9 21066.6 20071.8 19521.3 19442.6 18933.2 20016 19856.2 19836.7 15897.8 18112.6 18865.5 14921.8 16943.1 16853 18691 19662.3 18005.7 15368.5 16015.2 12474.4 12873 12382.2 11787.2 11651.6 11279.5 11987.1 11139.1 11010.2 19525.5 19722.6 20798.2 21100.3 21637.5 19597 19583.7 15057.8 14559.3 10500.4 8308.7 7627 6723.5 5145.2 5832.9 5788.4 5602.8 5148.1 5423 5062.8 13948.5 2144.6 1731 391.7
24438.1 29848 29660.5 26002.6 26155.5 24979.2 24652.7 23434 23355.3 22845.9 24596.8 24437.1 24417.6 19030.2 19721.5 16237.6 15980.2 11575.9 10672.6 22603.6 23575 21918.4 19281.1 19927.8 17055.3 17453.9 16509.8 15914.8 14025.7 13653.7 10063.7 9457.3 9534.5 14240.4 14437.5 24710.9 25012.9 25550.1 23509.7 23496.3 18970.5 20553.9 14576.3 11042.3 10876.7 9846.7 8294.3 9499.6 9683.8 10422.4 9656 9930.9 9570.8 7060.2 9068.3 8654.7 7704.3 7633.4
25112.6 30522.5 30335 26677.1 26830 25653.6 23717.6 24108.4 24029.7 23520.3 23661.8 23502.1 23482.6 19704.7 20396 16912 16654.7 12250.3 11347.1 23278.1 24249.4 22592.8 19955.6 20602.2 16120.3 16518.8 16028.1 15433.1 14700.1 14328.1 10738.1 10131.7 10209 14914.8 15112 25385.3 25687.4 26224.6 24184.1 24170.8 19644.9 21228.3 15250.8 11716.7 11551.2 10521.2 8968.7 10174.1 9434.2 9248.7 8793.9 9068.8 8708.7 7734.6 8206.2 7792.6 6842.2 6771.3 1089.6
26322.5 27653.9 27466.4 23808.5 23961.4 22785 21953.5 21239.8 21161.1 20651.7 21897.7 21738 21718.5 20914.6 19994.3 16055.3 15729.6 14317.8 14227.6 20409.5 21380.8 19724.2 16365.2 16240 14356.1 14754.7 14264 13669 13533.3 13161.3 11004.4 10398 10475.3 20320.1 20517.2 22516.7 22818.8 23356 21315.5 21302.2 16776.3 17282.4 12382.2 10190.4 9508.7 8605.2 7026.9 7714.7 7670.1 7484.5 7029.8 7304.7 6944.5 12152.2 4448.7 4035.1 3084.7 3013.8 5837.1 4975
27934 28888.7 28701.2 25043.3 25196.3 24019.9 23188.4 22474.7 22396 21886.6 23132.5 22972.8 22953.3 19014.4 21229.2 17290.1 16964.5 15929.3 15839.2 21644.3 22615.7 20959.1 17600.1 17474.9 15591 15989.6 15498.8 14903.8 14768.1 14396.1 12616 12009.6 13052.9 21931.6 22128.8 23751.6 24053.6 24590.8 22550.4 22537 18011.2 18516.5 13617 11425.3 10743.5 9840.1 8261.8 8949.5 8905 8719.4 8264.7 8539.5 8179.4 13763.7 5682.8 5269.2 4318.8 4247.9 7448.6 6586.5 1611.5
29021.9 30289.9 30102.4 26444.5 26597.5 25421.1 23692.2 23875.9 23797.2 23287.8 23636.4 23476.6 23457.1 23614 21733 20821.3 17468.3 17017.1 16927 23045.5 24016.9 22360.3 18103.9 17978.7 16094.8 16493.4 16002.6 15407.6 15271.9 14899.9 13703.8 13097.4 13174.7 21907.4 22104.5 25152.8 25454.8 25992 23951.6 23938.2 19412.4 18913.9 14120.8 11929.1 11247.4 10343.9 8765.6 9453.3 9408.8 9223.2 8768.5 9043.3 8683.2 13739.5 6272.2 5858.7 4908.3 4837.3 7424.3 6562.3 1883 473.8
