41

9171.5
21989.4 13078.4
13897.9 13752.4 25239.5
19238.6 15281.6 5977.9 22335
18509.8 18013.8 19975.7 5579.8 17118.7
13236 9279 9018.4 16332.4 6161.3 11842.3
17845.2 10692.1 4892.2 20757.6 5549.1 16267.5 4583.8
20490.3 11477.6 9470 27348.1 15428.2 22858 10186.8 10294.3
11036.1 9185.7 19020.3 6049.6 16163.2 8330 10596 15021.2 15077.8
11272.9 2783.3 15601.7 15670.2 17790 19599.6 11787.3 13746.8 8355.3 11669.6
9389.1 4732.7 19712.4 26572.1 20552.7 22362.2 14550 16509.5 15117.3 13417.3 4340.2
21877.5 11479.4 6600 26867.3 12558.2 22377.2 8978.7 6828.8 5171.1 16437.6 11010.1 15462.3
17771.3 18685 20646.9 4720.5 17789.8 862.6 11787.1 16212.3 23824.4 7456.8 20034.3 22774.1 22764.1
5026.3 5103.5 17418.6 8884.4 14561.5 15907 8558.8 12788.2 13615.2 6002.6 7204.9 8193.6 15014 14100.7
25238.8 14917.7 3792.1 28925.9 9750.3 24435.8 12752.2 8647.6 6884.4 22844.1 14371.3 18823.6 4014.3 25228.3 18339.6
8106.9 6602.1 15542.2 9447.8 12685.1 12261.5 6682.4 11107.6 12939 3130.5 8527.6 10280.6 14337.9 10455.3 3267.3 19297.6
14773.5 5862.6 9529.5 18276.1 14367.4 18990.9 11178.7 9476.7 6896 11918.5 6117.1 10208 7333.2 19783.3 10382.3 11371.3 9778.5
8448.7 4093.2 13705.5 10570.5 12999.6 15166.1 6996.9 9945.7 10772.7 6253.1 6018.7 7771.7 12171.5 13697.7 3765.3 15609.8 4113.1 6667.9
17478.8 8567.9 4835.3 21912.2 9745.5 17422.1 6764.4 4854.9 5704.4 16196.4 10439.1 13178.9 4337.1 18214.6 12454.9 8590.7 11851.1 4826.9 9371.2
13015.6 9058.6 9784.2 16112 6927.1 11621.9 924.5 5349.7 14198.1 10396.2 10408 13147.8 9776.9 12414.4 8332.1 13539.6 6614.8 10759.3 6488.8 6852.4
20437.6 17752.6 17048.1 6997.3 14191 2507.2 10854.8 15280 22892.1 9700.6 19102 21841.8 21831.8 3299.6 16320.4 20803.5 12925.6 19453.3 16574.8 16434.7 10634.5
15829.7 12446.9 20216.1 2363.6 17359.1 6010.3 11583.5 16008.7 25594.3 4064.8 14930.8 16683.8 24534 5151 8707.5 23971.6 6152.4 15181.7 9234.6 17163.3 11363.1 7432.4
16239.3 12159.8 19929.1 2773.3 17072 5615.6 11296.4 15721.6 25199.6 3977.6 14643.7 16396.7 24139.3 4756.3 8887.5 23684.5 6065.1 14894.6 8947.5 16876.3 11076.1 7037.7 764.2
9558 9641.5 19565 5130.9 16708 8609.4 11140.8 15566 15699.2 1245.2 11567 13319.9 17098.1 7731.5 5572.6 23320.5 3000.9 12541.9 6594.8 16720.6 10920.4 12563.2 3211.9 3440
15795.9 6828.2 12535.8 25081.2 18494 20591.2 12778.9 12603 3659.2 14589.9 4468.3 7394.3 8236.8 21383.6 11642.4 9950.1 12449.8 4241.8 9337.2 8013 12558.6 20611.8 22252.3 21857.5 19931.1
6674.5 2497 14929.7 12074.7 15323.1 18040 9320.4 11169.9 11996.9 9640.2 4598.4 5051.3 13395.8 18832.5 3657.3 16834 7162.9 8117.5 3981.7 10419.2 10007.5 18060.7 12839 12614.3 8851.4 9100.7
10660.6 2848.7 17554.1 25692.9 19673.5 21483.1 13670.9 15630.3 8533.2 12538.1 1391.9 2906.4 11398.4 22275.5 7309.1 14968.4 10060.8 6295 6879.6 11360.3 13450.5 21503.7 15736.9 22749.5 12908.6 4646.2 4104
19885.5 15928.5 5446.5 22981.9 1216.9 18491.8 6808.1 4734 14879.8 16900 17277.8 20017.6 12009.8 19284.2 15202 9201.9 13484.7 13759.1 13358.6 9197.1 7574 14858.2 17965.5 17740.8 17465.8 17953.8 14960.6 19116.4
21051.6 13986.1 4398.3 24855.7 3090.8 20365.6 8682 4150.5 13831.6 18773.9 15722.3 18462.1 10961.6 21158 15929.3 8153.7 15358.5 12710.9 13168.1 8148.9 9447.8 16732.1 19839.3 19614.7 19339.6 16905.7 14377 17560.9 1873.8
10388.8 2889.6 17157.7 15930.3 18050.1 19859.6 12047.4 14006.9 8136.8 11929.7 656 3239.1 11002 20652.1 8020.6 14572 9452.3 5898.6 6271.1 10963.9 11827.1 19880.3 15128.5 14903.8 12300.2 4249.8 4815.5 729 18696.9 17213.3
9296.6 6209.5 18390.2 25969.4 22029.5 23839.1 16026.8 17986.3 9513.7 14894.1 5259.6 2475.9 14091.2 24631.5 9665.1 15804.6 12416.7 10096.3 9235.5 13867.5 15806.5 23859.7 18092.9 25105.4 15264.6 6083.6 6460 4264.1 22676.3 21192.7 4596.8
12081 8033.7 15464.1 19653.2 20828.2 22637.8 14825.6 16785 6587.6 15652.6 5673.8 4648.9 11165.1 23430.2 11431.8 12878.5 13175.2 7170.2 9994 10941.4 14605.2 22658.4 24298.9 23904.2 16023.1 3157.5 8226.7 5851.7 21475 19825.7 5455.3 3865.9
24132 28125.1 21483.4 14558.4 18626.3 9780.1 21227.3 25652.5 33264.5 16875.3 29474.5 32214.3 28046.7 9407.8 26692.9 25238.8 23298 29825.8 26947.3 26807.1 21006.9 8225.6 15146.4 14751.7 17157.6 31355.6 28156.3 31313 19273.1 20335 29734.5 34343 32512.7
22809.8 34066.2 36248.4 18256.9 33391.3 19086.5 27388.7 31813.8 39425.9 23201.7 35635.8 35009.5 38365.7 18132.7 24343.1 40003.8 23204.5 35987.2 26890.8 32968.5 27168.3 18829.9 18701.1 15446.7 20806.3 37517 30769.8 34108.2 34038.1 35100 34819.7 33407.8 38051.9 16771.1
16901 21031.3 22993.2 5777.6 20136.1 3087.6 14133.5 18558.7 26170.7 10182.8 22380.6 25120.5 25110.5 2715.4 16131.8 26748.6 12736.9 22732 14812.4 19713.3 13913.1 5529.2 7863.1 7468.4 10465.1 24261.8 21062.4 24219.2 20783 21844.8 22640.7 27249.2 25418.9 9388.8 15777.6
16526.9 27783.3 30741.4 11974 27884.3 11345.6 21881.6 26306.8 33918.9 16918.8 29199.6 28726.6 32858.6 10973.4 18060.2 34496.8 16921.6 30480.2 20607.9 27461.5 21661.3 13322.9 12418.2 12827.8 14523.4 33258.6 24486.9 27825.3 28531.1 29593 28536.8 27124.9 31769 9983.2 7473.1 8067.8
19952.8 22446.6 21742 8141.3 18885 4812 15548.8 19974 27586 11907.2 23796 26535.8 26525.8 4439.7 17856.1 25497.4 14461.3 24147.3 16536.7 21128.6 15328.4 4737.4 9587.5 9192.8 12189.5 25677.1 22477.7 25634.5 19531.8 20593.7 24056 28664.5 26834.2 5952 16242.1 3169.7 9705.6
22937.5 26930.6 21643.5 13363.9 18786.5 8585.6 20032.8 24458 32070 15680.8 28280 31019.8 31009.8 8213.3 25498.4 25399 22103.5 28631.3 25752.8 25612.6 19812.4 7031.1 13951.9 13557.2 15963.1 30161.2 26961.8 30118.5 19433.3 20495.2 28540.1 33148.5 31318.2 2075.3 18493 8194.3 10586.4 4757.5
16549.7 27806.1 27894.8 6116.7 25037.7 8612.2 19035 23460.2 31072.3 10606.5 29222.4 28749.4 30012 7760.2 18083 31650.2 16944.4 27633.6 20630.7 24614.9 18814.7 10476.3 8043.3 7906 10818 29163.4 24509.7 27848.1 25684.5 26746.4 28559.6 27147.7 31791.8 11502.4 10280.5 5056.3 4016.3 7323.1 10307.9
15454 22108.1 24070 2173.2 21213 4787.5 15210.3 19635.5 27247.6 6781.8 23457.5 26197.3 26187.3 3935.4 10720.9 27825.4 10427.4 23808.8 11682.7 20790.2 14990 6651.5 4283.6 4081.3 7058.3 25338.7 13892.3 25296 21859.8 22921.7 23717.6 26052 26495.7 11288.1 12355 4057 7605 6418 10093.6 4732.2
