41

12725.4
2653.6 10948.9
12984.2 4176.7 10330.9
13909.5 5414.5 11822.9 4205.6
15178 6812.8 13367.9 9481.8 9957
10602.8 3612.2 6921.1 5708 5919.9 4558.4
9830.6 16909.6 7744 14610.6 9675.5 13269.4 8743.6
16021.4 4456.4 12898.8 5236.2 8443.8 5424.5 6646.4 18169.8
15318.5 10222.1 13508.4 12891 13366.3 6502.8 8251.8 15329.4 9498.8
7119 6395.8 4465.6 6281.2 6493 7256 2485.7 6599.8 9067.8 8729.4
20029.9 9796.7 15083.9 8904.4 12941 5015 8831.5 22734.7 5349.4 6883.6 11027.9
14083.1 7409.5 11996.5 6200.6 2728.1 11044.3 7551.8 9012.6 10574.8 14964.9 7444.4 14491.7
7281.8 7753.2 3745.8 8897 9108.8 8613.5 5385.7 8034.7 10425.3 10181.8 3025.4 13011.6 10510.3
12993.4 5317.8 10340 2761.4 2418.5 8952.5 5709.1 10524.4 7276 12873.1 6284 12399.9 2057 8908.3
5873.9 8046.3 3402.9 8445.4 5852.5 10263.1 5102.8 5231 10718.4 11736.5 3007 13304.8 8290 2829.8 6772.8
20830.7 9265.6 17708 9264.6 12259.7 8282.2 11455.6 24011.5 5045.3 12352.9 14298.4 5574 12804.2 15638.5 11057.5 15800.2
17556.4 8748.8 14903 5815.5 8810.6 12383.6 10272.1 18367.7 7507.7 16304.1 10846.9 12881.3 9355.1 13471.3 7608.4 12995.1 6286.3
20944.7 12579.5 19134.5 15248.4 15723.7 5918.1 9734.6 25517.4 7167.2 4021.5 12512.8 3786.6 16504.7 15426.2 15300.8 14079.2 8907.6 14660.4
17505.4 8697.9 14852.1 5764.6 8759.6 12332.6 10221.2 18316.8 7688.8 16253.2 10796 13062.4 9304.2 13420.3 7557.5 12944.2 6467.4 436 14863.1
10636.7 17825.6 9492.8 15526.6 10591.5 16211.9 11686.1 2908.1 19900.8 18245 9515.5 19888.1 14240.4 10476 12219.1 7880.7 25694.6 20161.9 28269.9 20343
14262.6 6424.5 12176 4247.7 1600.4 10059.2 6795.5 9192.1 8355.6 13979.8 7370.4 13506.6 2551 9994.7 1262.9 8323.1 12326.4 8877.2 16868.8 8826.3 11389.9
9019.5 11346 9446.2 14014.9 14490.2 10120.6 7415.9 13681.3 13461.2 6053.6 7893.7 14033.2 15271.3 5730 14067.4 8476.4 18270.4 18587.1 10422.1 18536.1 22264.2 15357.4
10894.7 5192.4 8094.5 3983.5 728.6 8827.1 4505.3 8323.2 8357.7 12747.7 4397.8 12274.5 3166.1 6662.8 2138.6 5107.9 12004.7 8555.6 15636.7 8504.7 10521 2080.4 13848.8
11150.8 18778.7 10446 16479.7 11544.7 17165 12639.3 3861.2 20853.9 19198.1 10468.6 20841.2 15193.5 11429.1 13172.2 8833.8 26647.7 21115 29223 21296.1 1398.2 11897.7 23067.1 11038.7
7521.4 15014 5695.3 12715 7780 12147.2 7621.4 2725.1 17089.2 14207 5477.6 15823.4 11428.9 6519.6 9407.5 4080.8 22883.1 17350.3 16726.4 17531.4 4923 8133.1 12171.6 7274 4944.7
20984.9 11704.4 17481.8 9405.4 8213.5 15339.1 13916 9004.3 12716.5 19259.7 14307.3 18786.5 8119.2 15194.7 7677.3 13628.9 17870.5 12337.7 22148.7 12518.8 13044.1 8171.3 20360.8 8761.5 12867.1 14016.4
16035.8 10939.4 14225.6 13608.3 14083.6 7988.4 8969 16046.7 10984.3 1639.1 9446.9 8360.8 14864.7 10517.4 13660.7 12453.9 13481.8 18180.4 5498.7 18129.5 20384.5 14950.8 6010.5 13795.2 21580 14924.8 21149.7
11700.8 13698.4 11798.5 16367.3 16842.6 9818.8 9768.3 16033.7 15813.5 3469.5 10246.1 10191.2 17623.7 8082.4 16419.7 10828.8 15312.3 20939.4 7329.2 20888.5 24616.6 17709.8 3190.9 16554.2 26048.7 14528.2 23908.7 2921.9
10926.6 7857.1 9116.4 10526 11001.3 6631.7 5886.7 12964.4 8982.7 4073.4 6364.6 10544.3 11782.4 5734.5 10578.5 8480.9 13791.9 15098.1 8314.3 15047.2 17302.3 11868.5 4250.8 10713 18497.8 11842.5 18067.4 4790.6 6571.7
10431.8 3011.9 7848.2 6698.2 6178.8 4348.9 839.1 9597.3 5683.9 8473.5 3792.2 8270.3 7954.6 5239.7 6002.6 5940.4 10493.2 10362.9 9173.4 10312 13051.8 7046 7250.2 4764.2 14247.3 8475.4 14239.6 8790.3 9571.1 5708
14093.5 5714.1 11001.3 8383 8858.3 2108.6 4748.9 18652 5236.1 7555.8 6945.3 5618 9639.4 8901.3 8435.5 9093.4 8885.2 12955.1 6521.1 12904.2 20849.8 9725.5 10457.3 8570 22045.3 11628.5 15924.4 9033 12778.1 6991.2 4148.6
9699.2 15885.5 7612.6 13586.5 8651.4 13138 8612.2 346 17960.7 15197.8 6468.4 16814.2 12300.3 7814.7 10279 5204.7 23754.5 18221.8 17717.3 18402.9 3494.1 9004.5 13466.7 8145.5 4689.6 2602.6 9118.2 15915.1 15787.5 12832.8 9539.4 12666.8
20711.3 21607.4 22112.3 19308.4 18595.4 25242.1 23819 12521.8 23682.6 29162.7 24210.3 28689.5 18022.2 27971.5 17580.3 21440.6 27329.6 23880.5 32051.7 23829.6 13545.6 18074.3 30263.8 18690 13533.2 16603.8 11559.1 29880 32584.6 26797.7 23218.7 24542.1 12553.9
20237.9 20844.1 21638.9 18545.2 13748.2 24478.9 23055.8 12461 22919.4 28399.5 18467.1 27926.3 17259 20732 16817.1 19166.2 26566.4 23117.3 31288.5 23066.3 12297.1 14101.3 29500.5 14296.2 12120 14495.4 8638 29116.8 31821.4 26034.5 22455.5 23778.9 12493.2 4119.1
16728.1 15814.3 18129.1 13515.3 9488.8 19449 18025.9 7201.8 17889.5 23369.6 14207.7 22896.4 12229.1 16472.6 11787.2 14906.8 21536.5 18087.4 26258.6 18036.5 8787.3 9841.9 24470.7 10036.8 8610.3 9451.2 5876.9 24086.9 26791.5 21004.6 17425.6 18749 7233.9 9173.4 6833.1
15104.4 21404.2 16505.4 19105.2 15063.1 25038.9 16157.7 6941.8 23479.4 28959.5 13987.1 28486.3 17819 14947.6 17377.1 12352.3 27126.4 23677.3 31848.5 23626.4 7163.6 17871.1 27020.7 14557.1 5750.2 8580.4 11355.9 29676.8 29341.6 26594.5 23015.5 24338.9 6973.9 6746.1 8081.7 5961.7
25556.7 26542.1 26957.7 24243.2 17816 30176.9 28753.8 20551.9 28617.4 34097.5 29145 33624.3 22957 32906.2 22515.1 28945.6 21929.9 16397.2 36986.5 16578.3 17615.9 23009.1 35198.5 23624.7 17438.9 19814.3 10276.4 34814.8 37519.4 31732.5 28153.5 29476.9 20584 9808.1 7499 10900.9 13400.6
23941.8 25399.8 25342.8 23100.8 18788.4 29034.5 27611.4 17501.2 27475 32955.1 23507.2 32481.9 21814.6 25772.2 21372.7 24206.4 31122 27672.9 35844.1 27622 16776.1 21866.7 34056.2 19336.4 17160.2 19834.3 12580.9 33672.4 36377 30590.1 27011.1 28334.5 17533.3 3597.1 5930.1 11873.2 9747.3 10448.6
20433.8 17945.5 21834.8 15646.5 11463.6 21580.2 16658.8 11920.9 20020.7 25500.8 16182.5 25027.6 14360.3 18447.4 13918.4 16881.6 23667.7 20218.6 28389.8 20167.7 12493 11816.7 26601.8 12011.6 12316 13157 6636.5 26218.1 28922.7 23135.8 19556.8 20880.2 10939.7 10694.9 6546.9 4548.5 9378.2 8982.2 11286.6
20606.1 21272.8 22007.1 18973.9 18260.9 24907.6 23484.5 12187.3 23348.1 28828.2 23875.7 28355 17687.7 27636.9 17245.8 23676.3 26995.1 23546 31717.2 23495.1 13440.4 17739.8 29929.2 18355.4 13428.1 16498.7 11224.5 29545.5 32250.1 26463.2 22884.2 24207.6 12219.4 460.5 3784.8 6811.1 6411.6 13958.6 3675.4 10360.5
