41

17754.9
15051.5 13848.1
5423.7 12319.9 15953.9
10009.3 12926.1 11257.5 11986.9
7637 10925.6 14559.6 3283.7 8961.7
9202.1 8706.9 15935.9 5761.9 11790.5 3679.6
13817 20068.1 18279.7 21414.5 7230 13633.2 25551.1
13008.3 7631.1 12813.4 7660.1 10627.8 5585.7 6127.5 15744.7
17680.1 1459.5 14051 12331.9 12849.3 10257.5 8127.9 24759.8 4671.8
15263 8623.9 8234.8 12946.7 10449.3 7566.4 11414.1 22298 7306 8549.2
13373.8 15450 8704.1 13872 3092.7 10846.9 16320 7089.1 15818 15375.3 11583.2
18732.3 8875.8 5782.1 16416 15481.2 11035.8 14883.5 22572.9 7929 8324 5656.3 12928.9
11132.3 18935 17146.6 12881.9 6096.9 11552.3 14550.8 1734.5 17934.5 18860.3 16096.1 5397.9 21382.3
19411 18613.6 4359.5 21016.1 12404.7 18941.7 19483.6 19496.4 18981.5 18538.8 11573 10775.2 9862.9 18363.3
8894.5 8340.5 17440.2 4479.2 13294.8 5183.9 2292.7 25468.8 10734 7730.1 14060.8 19958.8 17530.1 16846 21243.6
16801.3 16567.8 5966.5 18970.3 7146.1 16895.9 17437.8 14237.8 16935.7 16493.1 12700.9 5565.2 10202.1 13104.7 6337.5 19164.8
13497.7 15920.8 9174.9 13995.9 3216.6 10970.8 16790.8 7559.8 16288.7 15846 12053.9 994.2 13410.5 6014.8 10950.1 18517.8 6047.1
22165.9 19190.1 9942.9 21592.6 9794.7 19518.2 20060.1 7487.7 19558 19115.3 15323.2 6302.7 14178.5 6747.2 10423.3 21787.1 5520.3 6784.7
12571 20311.8 18523.4 20168.5 7473.6 13876.8 24305.1 787.4 19311.2 20237 17472.8 7505.9 22759 2373.8 19295.5 22766.5 14417.9 10960.7 8270.3
8443.7 8538.7 10697.1 4213.6 8004.2 1213.9 4012 13121.2 7538.2 8464 6823.5 9878.1 10292.8 11696 15407.9 5738.9 14327.8 10013.3 16894 15362
20492 20258.5 9816.7 22661 10836.7 20586.6 21128.5 12530.8 20626.4 20183.8 16391.6 9591.1 15320.1 11237 5770.7 22855.5 4430.9 10073.1 5614.5 13318.2 17091.1
23648.6 22254.1 9176.3 24656.6 13993.4 22582.2 23124.1 15920.2 22622 22179.4 16389.7 12363.9 14679.6 14626.3 5130.3 24851.1 6388.8 12845.8 9003.9 16707.6 19086.7 4268.9
7908.3 9596.7 7385.6 8657.5 3376.1 5632.4 8430.5 10579.9 8596.1 9521.9 6757.7 5711 10227.1 9446.7 12318.8 10157.4 9546.5 5846.2 13032.1 10733.8 4674.9 13233.6 16230
23144.9 23213.5 15377.6 25616.1 14297.1 23541.6 24083.5 10055.5 23581.4 23138.8 19346.7 10846.9 19613.2 11119.5 12006 25810.5 9015.7 11328.8 5921.1 10843 20046.2 9145.3 10097.5 17519.9
20150.4 16331.2 3765.1 18628 14677.2 13988.5 17095.5 21768.9 13836.6 15365.9 9187.7 13047.6 7477.7 20635.8 3123.4 18822.5 8917 13529.6 12935.1 21922.8 13031 8350.5 7710.1 11414.8 14585.8
22269.1 22841.5 9763.7 25244 12613.9 23169.6 23711.5 13314.9 23209.4 22766.7 16977.1 11368.2 15267 12574.5 5717.7 25438.5 6208.1 11850.2 6398.7 14102.4 19674.1 2880.9 3809.2 15084.7 6932.2 7957.5
6180.1 12062.3 11982.5 3043.4 7349.1 2727.4 5725.9 11773.2 11061.7 11987.5 9945.3 9991.3 13414.6 10640.1 17588.7 6502.4 13585.1 10126.5 19074.8 11927.1 3511.2 17272.3 21499.9 4666.3 22471.6 14986.7 22208.5
6161.1 12028 15662 1249.7 11648.8 2403.4 4859.7 14118.5 12395.9 11953.2 12282.5 18180.6 15751.9 12985.4 19465.4 4180.6 18385.3 18662.5 20951.5 14272.4 3333.3 22072.5 23376.6 8591.5 24348.3 19109.4 24085.2 2696.7
12480.7 18349.6 16561.2 12296.5 5511.5 11914.6 14913.1 1718.5 17349.1 18274.9 15510.7 5749.9 20796.8 816.3 17333.3 15798.3 12455.7 6231.8 7533.4 1820.4 12451.8 11694.8 19229.4 9259.5 11393 19573.2 13360.3 9938.8 11987.1
21781.6 17829.6 4751.8 20232.1 11584.1 18157.7 18699.6 18675.8 18197.5 17754.8 11965.2 9954.5 10255.1 17542.7 705.8 20426.5 5824 10436.5 9842 18829.7 14662.2 5257.4 4617 12135.9 11492.7 2945.6 5325.6 16872 19788.5 16957.3
7107.9 10994.1 14628.1 2280 9681.4 1003.7 3717.4 13475.9 11362.1 10919.4 8286.1 17146.7 11755.5 11994 18431.5 5210.9 17351.5 11690.5 19917.6 13629.8 1933.6 21038.7 22342.8 6624.1 23314.5 18075.5 23051.4 2314.2 1399.7 11757.4 17918.2
10777.7 12558.7 5812.8 14961.2 3139.4 8624.3 13428.7 10380.5 12926.6 12484 8691.8 3897.9 10048.4 9247.4 10754.2 15155.7 6338.3 4379.9 8150.6 10534.5 7666.7 10025.5 13111.9 3735.1 12719.7 9260.2 11806.1 7564.1 14517.7 8662 10240.9 9344
18119.4 34011.9 26175.9 25716.9 17512.1 28752.3 29853.5 13468.1 29349.7 33937.1 30145 21220.3 30411.5 13187 29334 28314.9 24456.4 20999.2 18903.6 12084.6 29115.3 22271.9 25664.8 21260.1 18470.6 31573.8 23144.4 25570.4 26084.3 12462.9 28820.7 27114.7 20576.5
18939.6 24055.4 16219.4 26537 11671.7 24383.5 24925.4 6790.3 24423.3 23980.6 20188.5 8892.3 20455 8289.3 18273.2 26652.4 12540.8 9374.2 7025.4 7393.9 20888 11427.2 14806 15047 7167.4 19666.8 11640.7 17971.4 26014.3 8428.1 17759.9 24452 10782 14117.3
22133.4 28880.1 21044.1 31282.6 19963.6 29208.2 29750.1 12662.7 29248 28805.4 25013.2 13315.6 25279.8 14161.7 17394.9 31477.1 12492 13797.6 9397.4 11884.8 25712.7 12621.5 16014.4 23186.5 8361.7 19634.7 12835 27922.5 30839.1 12919 16881.6 29276.8 15205.4 10710.7 4581.3
22362 30088 22252 29959.5 17574.7 30416.1 30958 11944.7 30455.9 30013.2 26221.1 14795.3 26487.6 13461.2 24305.8 32685 18573.4 15277.3 12928.4 12113.4 26920.6 18348 21740.9 24394.3 12234.8 25699.4 17520.3 29130.4 32046.9 13147.6 23792.5 30484.6 16685 13679.2 8454.3 4497.1
25081.4 25150 13746.7 27552.6 14381.3 25478.1 26020 11992 25518 25075.3 21283.2 12783.4 19250.1 13056 9700.8 27747 7975.5 13265.3 8166.2 12779.5 21982.7 6863.9 7792.3 19456.4 3680.1 11940.6 4627 24192.4 27109 13363.3 9187.5 25546.7 13494.3 20169.4 7263.1 8457.4 12330.4
21517.4 29643.5 21807.5 29114.9 16730.1 29971.6 30513.4 11100.1 30011.4 29568.7 25776.6 13950.7 26043.1 12616.6 18158.2 32240.4 13255.3 14432.6 10160.7 11268.8 26476.1 13384.9 16777.8 23949.8 9125.1 20398.1 13598.3 28685.9 31602.4 12303 17645 30040.1 15840.4 9830.8 5344.6 1387.4 3809.1 9220.8
23984.3 27311.1 15976.4 29713.6 18394.6 27639.2 28181.1 11835 27679 27236.4 23444.2 13937 21479.8 13334 11930.5 29908.1 10348.8 14418.9 10018.7 12438.6 24143.7 9093.7 10022 21617.5 6053.3 14170.3 6856.7 26353.5 29270.1 13472.8 11417.2 27707.7 15826.7 18300.9 5202.6 6396.9 10269.9 2479.1 7160.2
15244.8 26208.9 18372.9 22842.2 8719.9 25877.6 26978.9 4149.1 26576.8 26134.1 22342 8955.1 22608.5 5665.6 20426.7 25440.2 14694.3 9437 9340.7 4244.6 23041.5 14468.9 17861.8 12089.5 10667.6 21820.3 15341.5 22695.7 23209.6 5352 19913.4 24240 13395.8 7311.4 6311.3 8980.7 7900.3 12604.1 7055.7 11165.5
