41

20470.6
23432.3 8411.5
25022.9 9970.9 5220
24487.8 10926 19336.8 20934.7
7337.1 13321.6 17811 19424.3 6864.6
5731.5 16276.2 24687 26284.8 9819.2 5781.7
15916.7 16153.9 10372.2 10157.5 14385.2 9123.6 14193.6
11301.4 11501.8 11814.1 12228.5 9733.1 5294.8 10364.8 4281.7
20219.8 12646.8 21050.7 22664 8509.6 14088.3 17411.7 17185 14612.2
12519.2 10764.3 11478.9 13057.1 6976.6 6512.6 14091.4 5548.7 2161.9 12693
15913.5 12479.9 7776.6 7237.4 14367.8 9906.9 14976.9 2750.3 4838.6 18065.2 8638.2
19570.9 11720.6 20124.6 21737.8 9203.7 13162.1 16315.9 16258.8 13686 1438.7 11072.4 16854.8
17235.1 4011.4 9005.7 10603.6 9956.7 11667.4 17068.9 12651 10078.2 14232 7464.6 10356.4 11591.1
20041.6 9730.2 5179.7 5305.2 13498.8 14004.6 22064.8 7271.3 8936.4 18650.1 10475 4732.2 18001.1 6695
20670 15124.8 10373.8 5258.8 19138.6 13400.9 18470.9 6244.3 8332.6 22836 16306.9 4823.2 22187.1 15714.9 6268.6
12073.9 11669.2 12746.8 14325 6658 5225.1 10295.1 5771.6 1716.5 13597.9 6040.5 6367.7 12949 8697.9 9386.2 9846
15699.3 15917.1 24321 25934.3 9790.7 8976 9257.5 20455.3 17882.4 4781 15268.8 21051.3 4709 16565.3 21202.5 26141.2 13684.1
22854.2 3054 5705.8 10506.7 11679.6 15638.1 18791.8 16293.4 13720.5 15955 11107 12977.4 13314.1 4555.9 10236 15606.6 12332.2 19225.2
11857.2 10502 18912.8 20510.6 5304.6 6099.5 7158.2 12888.4 9026.7 6742.8 10329.7 14160.7 6934 11150.2 16005.9 19854.6 9198 3817.6 12885.6
7970.8 14654.1 15501.5 15380.8 9793.8 5080.9 10120.7 6483.2 3378.9 16582.8 10053.8 8030 15933.9 12064.1 11734.9 12639.8 4127.2 12608 17255.8 9731.5
7399.4 15517.3 23928.1 25525.9 9060.3 5022.7 2302.2 13673.7 9847.4 15411.7 15296 14498.5 14762.8 16165.5 21229.6 17976.9 9702.4 7456 17900.9 5429.6 9573.7
24340.3 5979.8 11237.7 15988.5 13165.7 17124.1 20277.9 21004.9 18432 11559 15818.4 18459.1 10378.7 10152.9 15717.8 21088.3 17665.7 14127.6 5770.1 12790.4 20407.6 19775.4
5270.7 15949.4 18802.4 20075 9694.6 4177.7 6421.5 9784.1 6679.7 17105.3 10479.6 11330.9 16456.4 13137 15035.8 15716.9 6686.7 12806.3 16779.4 9171.1 3341.6 7254.5 20095
17840.2 13030.7 21441.5 23039.4 7189.3 7303.1 8354.4 14092 10265.7 5597 14028.6 19811 5525 13679 19034.8 24901 11082.7 1953.9 15414.4 2144.8 10941.2 6628.6 12080.7 10383.3
7700 20341 21113.7 19504 18572.3 9798.6 9849.9 11101.9 9484 22269.7 15740.6 14177.4 21620.7 18658.3 17882.3 15145.9 10987.5 25539.9 22942.7 21103.8 6041 10959.2 26320.8 6126.3 23355.8
16314.5 19820.5 17108.9 11993.9 18051.8 11661.9 16731.9 6857.7 8963.5 21749.2 15220.1 8590.8 21100.2 18137.8 13003.7 7635.7 10467 25019.4 22422.2 20583.3 8327.7 16141.3 25800.3 11377.9 22835.3 10308.9
17259.1 17496.3 14438.8 9323.7 15727.7 11205 16275 3651.8 6639.4 19425.1 12896 5384.9 18776.1 15813.7 10333.6 4965.6 8142.9 22695.3 20098.1 18259.2 8550.5 15684.4 23476.2 12322.6 20511.2 11253.5 3748.6
20610.1 809.8 7800.5 10818.5 9435.5 13393.9 16547.6 15834.8 13262 13710.8 10648.4 13289.1 11069.9 4982.8 10547.7 15918.3 12495.7 16981.1 2332.9 10641.2 15237.6 16045.2 6229.2 16225.5 13101.8 20960.7 20162.6 18719.8
10443.6 12851.3 13698.7 13578 7601.7 4271.5 9341.5 4920.5 1576.1 14780 7346.7 6227.2 14131.1 10004.1 9932.1 9705.5 2324.3 10915.2 15453 8102.5 2513.6 8750.9 18831.1 5833.4 9242.4 8493.4 9080.7 7006.4 13661.1
21802.4 6787.8 1903.7 6753.1 14995.9 16174.8 23195.9 11762.9 11445.1 20147.1 11972 9223.8 19498.2 7377.8 6482.4 11853 11130.5 23417.4 4075.8 17289.5 13872.4 22693.4 9607.8 17192.2 19750.1 19622.6 18603.7 15933.6 6170.6 12077.1
3239.4 17565 20855.6 22112.3 12902.2 5195.3 4725.3 11837.3 8732.9 19253.7 12095.3 13384.1 18604.8 14752.7 17089 17754.2 8302.4 12876.3 18395 10502 5394.8 6287.9 23302.6 2027.9 12111 5329.1 13796.9 14953.2 19498.7 7861.6 19225.7
9425 11658.8 16106.3 17719.6 5201.8 2880.5 9204.2 7725.1 3937.4 11553.2 7311.6 8588.5 10904.3 9969 12293.4 12066.8 3518.7 8882.4 14042.4 5702.6 5112.3 8701.7 15602.2 5329.1 7209.5 11092.1 11679.4 9811 11798.2 2914 14476.4 6936.2
16511.5 24172.1 32576.1 34189.3 19987.1 17483 12031.3 28710.3 22334.4 13935.7 23523.9 29306.3 13009.5 24820.3 29457.5 34396.2 22295.7 9733.2 26555.8 14496.8 25767.8 11214.3 24202.9 19474.5 10549.2 25578.4 33761.9 31595.3 24311.6 21311.1 30946.1 18471.1 19291.2
17216.6 24877.2 33281.1 34894.3 20692.1 18188.1 12736.3 29415.3 23039.5 14640.7 24228.9 30011.4 13714.5 25525.4 30162.6 35101.3 23000.8 8844.1 27260.8 15201.9 26472.9 11919.3 24907.9 20179.6 9660.1 26283.4 34466.9 32300.3 25016.6 22016.2 31651.2 19176.1 19996.2 1398.5
18320.2 15517.1 23921 25534.3 9390.7 13491.3 15512.1 20055.3 17482.5 4381.1 14868.9 20651.3 4309 16165.3 20802.5 25741.2 13284.1 5662.1 17900.7 7623.9 19458 12916.8 14025.9 16323 6478.1 25181.2 24383.1 22940.3 15656.6 17662.7 22291.1 20279.7 11821.6 9912.2 10617.3
18700.7 17805.2 26209.2 27822.4 11678.9 15779.4 15892.6 22343.4 19770.6 6669.2 17157 22939.4 6597.2 18453.5 23090.6 28029.4 15572.3 7950.3 20188.9 9912 21746.2 13297.3 16519 18611.1 8766.3 27469.3 26671.2 25228.4 17944.7 19950.9 24579.3 20660.2 14109.7 7942.6 8647.7 3035.6
15478.8 18524.1 26928 28541.2 12329.3 13354.7 12670.7 23062.2 20489.4 8287.6 17875.8 23658.3 7361.4 19172.3 23809.5 28748.2 19723.1 4205.1 20907.7 6884.9 22465 10075.5 18554.8 15346.2 5021.1 24545.7 27390 25947.2 18663.5 20669.7 25298.1 17438.4 11949.6 6373.2 5767.2 3686.1 4344.7
19720.4 19910.8 28314.7 29928 13271.5 17372.1 16912.3 24449 21876.2 8261.8 19262.6 25045 8748.2 20559 25196.2 30134.9 21109.8 9542.9 22294.4 11504.6 23851.7 14317 14694.4 19587.8 9262.7 29574.9 28776.8 27334 20050.3 22056.4 26684.8 21680 15702.4 8966.9 9672 4628.3 2166.9 5364.5
19476.6 12323.6 20734.4 22332.3 10547.2 16423.1 16668.5 19519.8 16946.9 4699.7 14333.3 20115.8 3519.4 12971.9 20267 25205.7 16180.6 6818.6 14707.3 8780.3 18922.5 14073.3 11641.9 19254.7 7634.6 24645.7 23847.6 22404.8 12463.1 17127.2 19089.1 21947.2 14753.4 12617.2 13322.2 3452.5 5740.6 6391.1 6287.6
21718.6 12771.3 21182.1 22780 12789.2 18568 18910.5 21664.7 19091.9 6844.6 16478.3 22260.7 5664.4 15116.8 22411.9 27350.6 18325.6 9060.5 15155 11022.3 21067.5 16315.2 10374.5 21399.7 9876.6 26790.6 25992.5 24549.7 12910.8 19272.1 19536.8 23678.1 16898.3 13998 14703.1 4573.8 6420.3 7696.6 4595.8 4178.7
