41

5339.8
17525.8 19452.2
13943.2 9518.7 8959
20523.3 17378.2 7451.7 12206.4
23927.3 21185.4 8891.2 15340.5 6156.3
24328 14776.5 12492.2 7903.3 18198.3 19672
13322.7 14067.6 7678.6 4907.7 10895.5 14035.8 7477.3
6385.4 2446 17150 7948.2 21609.5 24329.7 9126.8 13457.8
7279.2 3999.5 10945.8 5007.2 13194.7 17303 6780 6227.6 5492
13757.1 9332.6 7178.9 1815.5 12334.6 15474.9 2226.5 6282 9009.2 6289.6
16881.6 13767 5157.9 8559.9 4239.5 7492.7 10493.7 6040.6 18214.4 9872.1 8688.1
19284.1 14859.6 4482 7989 11254.5 9949.1 8269.3 12161.7 14536.1 11816.6 7776.8 7261.6
10218.5 6392.3 9028.3 3204 12832 15385.5 5427 4880.7 8584.1 2866 4001.5 9574.7 10537.7
7000.8 7235.3 18371.4 14545.8 17272.3 21046.7 18170.1 10692.8 9114.5 8096.4 15343.3 14846.6 21674.9 10472.6
8432.8 4531.4 10981.2 4399.6 13879.6 17338.4 5884.5 7239.4 6187 1587.6 5197.1 10622.3 10995.2 2411 11006.6
26231.1 22816 10521.8 16971.1 4707.2 6281 18904.9 14690.6 26259.7 18921.1 17099.3 9123.3 12433 16595.1 20690 19320.4
9659.8 5235.2 16070.8 6869 20530.3 23250.5 8047.6 12378.6 4319.7 5600.1 7700 16916.2 13158.3 6903 11939.7 5221.4 24881.1
13895.6 10780.9 12711.1 8885.5 8160.1 12578.3 12509.8 5032.5 12273.5 6886 9683 6378.2 16014.6 6597 11416.8 8216.6 11698.2 18283.2
69930.7 65740.5 53537.6 58869.9 55811.3 51254.3 59150.2 59089.6 65417.1 61116 58657.8 53744.2 53339.8 58790 68188.3 62173.2 56136.5 64923.7 61072.2
3568.3 1929 15469.7 10549.1 17718.6 21826.9 11727.7 10751.5 3808.2 4628.5 11380.1 14461.3 16838.4 7025.4 6375.1 4768.6 25047.4 6974 11418.7 20872.9
14883 11768.3 6041.5 7566.3 5984.8 9647.6 9500.2 4042 15769.7 7873.4 7482.1 2601.9 7478.4 7584.4 13167.7 9204 11258.5 15276.3 6051.6 10530.8 12397.3
19827.9 19973.4 4496.7 11307.2 9659.7 5151.2 13383.1 11735.6 19649.9 13257.2 11435.4 7487.6 5823.3 10931.2 20834.2 13656.6 9984.9 19156.6 13718.1 6069.7 17781.1 8371.2
6940.4 3039 11801.8 5392.5 14050.6 18158.9 6877.4 7083.6 4531.5 960.5 6190 10793.3 11988.1 3357.4 8441.3 1100.7 19804.9 4639.6 7750.7 14560.4 3668 8848.9 14043.7
20873.9 17256.8 15565.4 10386.2 18782.2 21922.5 10666.5 14053.6 16933.3 14213.8 10091.9 15168.2 11837.1 12860.8 23152.2 13689.5 23568.5 10144.6 16036.1 15444.7 18654.9 15359.3 16875.2 14823.8
23254 18829.4 9061.1 11958.8 15833.5 14528.2 12239.2 16131.5 18506 15786.5 11746.7 13963.2 6848 14433.5 25230.2 15262.1 16158.8 13874.9 18114.1 8561.7 20227.5 14846.8 9473.9 16396.5 7800.3
7759.5 6992.3 16355.3 12529.6 13071.5 16324.7 16153.9 8676.6 9286.1 6096.9 13327.1 10124.5 19658.8 7190.6 3080.8 7456.3 18115.9 10457.5 6390.2 17984.2 6678.5 11132.5 18597.2 6952.8 20345.6 23506.4
11909.5 9233.7 6975.3 3834.2 10192.2 13332.5 5768.1 3956.3 13397.7 5338.8 3365.4 6578.1 10006 4700.8 14819.6 6698.1 14978.5 12904.4 7703.5 9734 9862.6 5717.7 9217.2 6194.7 11322.6 14049.5 12275
18153.3 15008.2 5081.7 9836.4 2747 5623.2 11770.3 7276.4 19490.9 11113.3 9964.6 1869.5 9360.8 10824.3 15644.1 12443.9 7253.8 18997.6 6759.7 9022.5 15637.2 3614.8 6853.8 11969.3 17415.8 13208.4 10945.7 7814.2
21557.4 16666 13886.8 14770.5 3625.7 9646 18394.8 10917.5 18158.5 12771.1 15568 5624.5 15798 12482 16016.4 14101.7 5226 24168.3 6845.4 15459.8 20931.8 7028.1 13291 13627 22586.5 19645.6 13471.7 13697.2 6201.5
13636.9 10491.8 9288.1 6671 7450 10703.2 8604.9 3146.6 11984.3 6596.9 7468.5 4503.1 10273.8 6307.8 11127.7 7927.5 12333.8 14381 2243.3 12454.2 11120.8 3620.7 11933.9 7452.8 14815.6 17976.4 6429.3 5151.3 5080.1 8232.2
14719.3 7580 19235.1 10033.3 23694.6 26414.8 11211.9 15542.9 6463.2 7800.9 10864.3 20080.5 16322.6 10421.6 14284.5 8383.8 28045.4 2612.2 15928.8 20357 8978.1 20271.6 21360.6 6840.4 8347.1 13705.4 12569.8 13859.4 21324.6 21917.7 15342.3
13897.9 9473.4 10030.1 2600.2 14489.6 17209.8 2006.9 7066.7 9150 6430.4 1845.1 10875.5 7117.6 5077.5 18859.6 5906.1 18840.4 6703.2 11743.5 11152 10871.5 11066.6 12155.6 7040.5 8852.6 11161.1 16314.9 5383.1 12119.6 19829.6 11156.9 8719.3
21844 18751.9 18928.9 15414.1 27809.7 26108.6 15554.9 23081 18145.7 19244.3 15201.9 24195.6 16016.3 17891.4 32179.7 18720 27739.2 14542.6 25063.6 24472.2 22600 24386.8 21054.4 19854.4 8602.8 13610.3 29635 21135.2 25439.7 33149.8 24477 11979 14414.9
17695.9 14603.8 24587.2 14299.6 27804.1 30944.4 14440.4 23075.4 15567.8 14257.5 14087.5 24190 20859 16776.9 26063.7 13484.7 32590.4 10394.5 25058 24466.6 18451.9 24381.2 25897 15175.1 8410.7 16612.1 27665.6 21129.6 25434.1 33144.1 24471.4 7830.9 13794 5993.8
24574.2 24215.3 13162.1 15663.8 19934.5 18629.2 15804.6 21012.1 20876 21172.3 15451.7 18064.2 10949.1 19819.4 30110.8 20648 20259.8 16048.8 22994.7 12662.7 25330.2 18947.8 13575 21782.4 8724.2 5617 27566.1 19066.3 17187.6 23624.8 22408.1 12959.9 14536.3 8076.8 11126.3
26984 27371.8 25680.4 20501.2 28897.3 32037.6 20781.6 24168.6 23285.7 24328.8 20206.9 25283.2 21952.2 22975.9 33267.3 23804.5 33683.6 17938.6 26151.2 25559.7 27739.9 25474.3 26990.2 24938.9 13279.1 15952.9 30722.6 22222.8 26527.3 34237.3 25564.6 15375 20429.9 7340.9 12719.7 10419.4
26326.4 23234.2 19814.4 19896.4 26586.9 25281.5 20037.3 26043 22628.1 23726.7 19684.3 27157.6 17601.4 22373.7 35141.7 23202.4 26912.1 19025 28025.6 19315 27082.3 27348.8 20227.3 24336.7 11564.8 12269.3 32597 24097.2 23839.9 30277.1 27439 16461.4 17376.9 4577.7 10428.1 8123.6 6145.2
20506.5 17414.4 22855.3 14076.6 26072.1 29212.4 14217.4 21343.5 16808.3 17906.9 13864.5 22458.1 19127.1 16553.9 30442.1 17382.6 30858.4 13205.2 23326 22734.6 21262.5 22649.2 24165.1 18516.9 8187.7 14729.8 27897.5 19397.6 23702.2 31412.2 22739.5 10641.6 13571 2280.2 4608.2 9196.3 11015 6331.8
25963.3 22871.2 19182.5 18282.3 30549.6 24649.6 18423.1 25821 22265 25981.2 18070.2 26935.6 16969.4 24628.2 34919.6 25456.9 26280.2 19591 27803.5 18683.1 26719.2 27126.7 19595.3 26591.2 11342.7 11637.4 32375 23875.1 23207.9 35889.7 27217 17027.4 17154.8 4355.7 9614 6103.9 6796.4 2515.2 6048.8
17841.2 15279.6 25062.7 19883.5 28279.6 31419.9 21476.6 23550.9 13436.2 19376.5 19589.2 24665.5 21334.5 20686.3 26209 18648.5 33065.9 14253.7 25533.5 24942 18597.2 24856.6 26372.5 18416 12661.4 18711.1 27810.9 21605.1 25909.6 33619.6 24946.9 8904.3 16417.9 6469.3 2450.8 14869.8 16316.2 10951.6 4891.3 10137.6
