41

10496.9
16541.7 22836.5
14918 20364 2999.8
10486.6 4439.8 20030 20330.9
11445 3646.2 20803.7 21104.6 4117.1
13660.5 10427.7 14261.9 14562.8 8107.9 9025.6
12182.5 15666.4 6632 4284.2 13346.6 14264.4 11292.2
6889 11921.6 10072.2 7724.4 9601.9 10519.6 7547.4 4543.2
5913.3 7991.3 16083.1 14134.8 6727 7644.7 4672.6 8718.9 4156.6
8530.6 12635.3 10050.9 8041 10315.6 11233.3 8261.1 4502.6 2261.1 5806.7
5144.2 11100.7 12532.2 10184.4 8781 9698.7 6726.5 6234.5 1930.3 3344.2 3566.7
70858 71423.9 60445.1 60746 69104.1 70021.8 67853.5 60455.3 62344.6 65621.3 60620.2 63655.3
25063.1 18007.9 20382.4 17852.8 16972 16724.5 20719.4 20026.6 18878.4 19826.4 17154 20189.1 10823.5
7333.7 15091.3 8892.9 10720.7 15342.9 16260.7 13180.1 8134.6 6684 8124.3 8263.5 6490 18264.7 26536.5
17385.1 17184.3 13142 11317.5 14864.5 15782.2 13613.8 13152.1 10646.4 12148.4 9270.9 11957.1 9105.6 7920.2 20036.4
15266 15065.1 11837.5 10361.2 12745.3 13663.1 11494.7 11847.7 8527.3 10029.3 7151.8 9838 12372.9 10119.3 18732 2441.2
25746.3 16231.7 20241.6 17711.9 15195.8 14948.3 18943.1 19885.8 18737.6 20073.6 17013.2 20048.3 10682.7 1776.2 26770.1 7779.3 9978.4
22002.5 26589.2 5959.7 7597.1 24269.4 25187.1 23018.7 12172.9 15613.1 20786.6 15785.5 17882.4 15646 21686.8 16666.7 17123.7 15786.8 21545.9
14122.6 14715.6 10730 9253.7 12395.9 13313.6 11145.2 10740.2 7414.4 8885.9 6038.9 8725.1 11265.4 10904.6 17624.5 3226.6 1107.5 10763.8 13086.6
16852.8 17445.8 12286.3 10461.9 15126 16043.7 13875.3 12296.5 10144.5 11616.1 8769 11455.2 8064.9 8696.9 19180.8 924.7 3365.9 8556 14294.7 3691.9
10124 13297.4 8670.5 6322.7 10977.6 11895.3 8923.2 3141.4 3358.5 7776.5 2130.2 5165.3 12046.4 17874.3 9801.2 9599.4 7480.3 17733.4 13589.6 6778.8 9451.4
23164.6 27751.3 7121.8 8759.2 25431.5 26349.2 24180.8 13335 16775.2 21948.6 16947.6 19044.5 16808.1 20936.2 17828.8 18285.7 16948.9 20795.4 2675.2 15841.4 17430.1 15373.5
25569.6 27171.8 8241.5 9131 24852 25769.7 23601.4 12250.2 15690.4 21369.2 15646.5 17959.7 8836.8 17017.3 19134.5 15299.3 15038.4 16876.4 6179.3 13930.9 14510.6 14288.7 5287.3
15768.1 23203.6 878.6 2219.9 20883.9 21801.6 19633.2 5131 8571.2 12755.5 8896.1 10840.5 12260.5 19841.1 8148.6 13738.1 12401.2 19700.3 6432.4 11293.8 12882.5 7169.5 7594.5 8751
23419.8 19496.2 18739.1 16209.5 18460.4 18212.9 19648.5 18383.3 17235.1 18183.1 15510.7 18545.8 9180.2 1833.9 25267.6 6276.9 8476 4156 20042.3 9261.3 7053.6 16201.4 19293.6 15374.6 19249.2
20544.8 24829.3 5899 6788.5 22509.5 23427.2 21258.9 9907.7 13347.9 19026.7 13304 15617.2 7821.6 16002.1 16792 14284.1 12695.9 15861.2 7423.3 11588.4 11742.7 11946.2 6110.3 2636 6409.1 14358.8
23866.9 28917.2 9221.1 10110.6 26597.5 27515.2 25346.8 13229.8 16670 23114.6 16626.1 18939.3 8005.5 16186 20114.1 14468 16667.1 16045.1 9068.2 16581 13679.4 15268.3 8176.2 4257.2 9731.2 12472.7 3615.7
6872.5 13505.1 10459 8111.2 11185.4 12103.1 9130.9 5525 2893.2 5728.8 4472.7 2593.2 15655.2 21123.1 4128.6 12574.5 10455.4 20982.2 15378 9753.9 12426.5 5241.4 16540.1 16225 8961.2 19479.8 13882.5 17231.4
11805.7 16268.9 6639.4 5908.5 13949.1 14866.8 12698.4 6649.6 5536.2 10466.2 3811.8 6846.9 7947.6 13775.5 13533.9 6545.9 5209 13634.7 11558.4 4101.6 5690.2 4502.5 12720.5 12823.8 7149.5 12132.2 10481.3 14789.9 8036.5
22120.4 21919.5 17439.6 14910 19599.7 20517.4 18349.1 17083.8 15935.7 16883.6 14211.2 17246.4 7880.7 4174.8 23968.1 4977.4 7176.5 6554.5 18742.8 7961.8 5754.1 14901.9 17994.1 14075.1 17949.7 2340.9 13059.9 10612.5 18435.9 10803.1
17682.1 13880.1 14644.6 13168.3 12169.3 15064.1 12895.7 14654.8 10973.8 12445.3 9598.3 12284.5 11766 8174.7 21539.1 2902.6 2807.1 8033.8 17001.2 3914.6 3827.3 10288.9 18163.3 17960.4 15154.7 6531.4 15503 17272 13474 8008.1 7637.9
21999 25122.5 8256.2 9188.1 22802.7 23720.4 21552 11361.9 14802.2 19319.8 14318.8 17071.5 4210.7 12391.2 18246.2 10673.3 12872.3 12250.3 10443.8 12786.2 9884.6 13400.4 9137.9 5218.9 8766.2 10747.9 4203.7 4865.7 15240.8 10910.6 9448.4 13333.7
26660.2 37924.9 15105 16728.9 35605.1 36522.8 34354.4 23508.6 26948.8 32122.2 27121.1 29218.1 19197.4 27377.9 21324.4 25660 27122.5 27237 11746.2 26015 27603.7 25547.1 12908.3 13217.1 14973 25734.6 14317.2 14620.3 27387.4 23713 24435.1 29929.6 15579.5
17226.8 29025.1 17978.8 21535.9 30289.1 31206.8 28126.3 18949.8 19032.7 24410.9 20714.3 18757.1 26694 37351.8 11184.2 28171.6 26834.8 37210.9 16435.6 25727.3 27316 20293.8 17597.7 20051.4 19742.6 35708.5 20527.5 23876.4 16242.7 22756.5 34409 29641.9 23792.7 13513.8
21527.5 34316.4 14658 14031.5 31996.6 32914.3 30745.9 19900.1 23340.3 28711.6 23512.7 23057.9 23373.2 32080.5 15484.9 24850.8 23514 31939.6 13114.8 22406.5 23995.2 21938.6 14276.9 16730.6 12275.7 30437.1 17206.7 20555.6 20543.4 20104.5 29137.7 26321.1 20471.9 10193 6870.4
15291.7 27089.9 8848 9824 28354 29271.7 26191.1 12735 12123.9 22475.8 12483.2 13726.4 19830.6 28537.9 9955.9 21308.2 19971.4 28397 9572.2 18863.9 20452.6 12049.8 10734.3 13188 8068.1 26894.5 13173.2 16522.2 11212 16561.9 25595.1 22778.5 16929.3 12075 7473.9 5762.1
18999.9 33747.7 10655.9 11631.8 31427.9 32345.6 30177.3 14542.9 17983.2 26184 18308 17434.7 22804.5 31511.8 14771.2 24282.2 22945.3 31370.9 11179.5 21837.8 23426.5 16581.4 12341.6 14795.3 9875.9 29868.5 14981.1 18458.4 14920.2 19535.8 28569 25752.4 19903.2 8925.8 6156.6 2848.1 3876.6
18828.7 30368.9 8598.3 9574.3 28049.2 28966.9 26798.5 12485.4 15925.6 26012.8 16250.5 18194.9 19425.8 28133 13492.9 20903.4 19566.5 27992.2 9121.9 18459.1 20047.7 14523.9 10284 12737.7 7818.4 26489.7 12923.6 16312.8 14749 16157.1 25190.2 22373.6 16524.4 9068.9 9236.2 5782.6 4243.5 3383
19253.8 31881.1 9597.5 10573.5 29561.3 30479 28310.6 13484.6 16924.8 26437.9 17249.7 19194.1 20937.9 29645.1 13918 22415.5 21078.7 29504.3 7808.2 19971.2 21559.9 15523.1 8970.3 11902.6 8817.6 28001.8 12502.7 14650.4 15174.1 17669.2 26702.4 23885.8 15623.8 7406.4 9661.3 6207.7 4668.6 3808.1 1662.5
18991.2 32367.7 9334.9 10310.8 30047.9 30965.6 28797.3 13221.9 16662.2 26175.3 16987.1 18931.5 21424.5 30131.8 13655.4 22902.2 21565.3 29990.9 9858.5 20457.8 22046.5 15260.4 11020.6 13474.3 8555 28488.5 13660.1 17137.4 14911.5 18155.9 27189 24372.4 18523.2 7361.5 7560.9 4107.3 4406 1707.7 2062 2487.1
