41

19458.5
22330.1 13481.7
23932.7 6984.6 9048.5
15198.3 4825.9 10680.5 10845.8
14706.9 5025.7 10189.1 11045.6 601.7
8065.4 14595.1 16879.6 20077.1 10171.1 9679.7
22070.8 2388.2 11331.9 4853 6933.2 7133 16842.2
4642.1 21213.3 22590.4 25787.9 16789.3 16297.9 4102.4 22779.3
7673.2 14262 11783.2 16933.1 9838 9346.6 5439.6 14997.5 7611.6
11741.3 11018.9 13073.2 16270.7 6594.9 6103.5 3955.2 13262.1 7756.3 5936.6
20004.3 8121.2 15661.3 14141.2 5382.6 5582.4 12218.1 10228.6 16019.2 14169 8412.7
9445.9 18572 8241.2 15115.9 15547.3 15055.9 9517.2 16490.7 10390.1 5159.3 12701.9 20528
20532.5 4881.1 9793.6 5341 5818.7 6018.6 14807.4 2332.4 18608.6 13392.6 11038 9097.2 15077.3
20154.1 812.6 13229.5 6750.5 5357.7 5557.5 15116.6 2204.4 18917.8 14788.2 11347.2 8636.1 18513.2 4318.1
8046.7 15912.4 18196.9 21394.4 11488.4 10997 1748.4 18385.8 3819.8 6743.9 5605.4 11994.6 10820.8 16351 16444.2
16279.2 9652.1 3870.5 8212.2 6919.1 6427.7 12211.6 7570.8 16012.8 9139.4 8442.2 11899.8 10824.1 6032.4 9468.3 13522.8
3122 19492.5 21777 24974.5 15068.5 14577.1 5176.7 21965.9 1775.7 6753.8 9185.5 16730.4 9223.5 19931.2 20024.3 5157.9 16254
10906.5 12426.1 13803.2 17000.7 8002.1 7510.7 3120.4 13992 6921.5 5101.8 1352.3 8756.5 9178.7 11957.3 12957.9 4431.6 9940 8040.2
9023.9 22531.7 23908.8 27106.2 18107.7 17616.2 6915.1 24097.6 5274.5 11910.6 12847 19322.6 15175.2 22062.9 23063.5 5774.4 20045.6 7050.7 11189.8
22701.7 3182.3 11962.8 3999.5 7727.4 7927.2 17473 1101 21274.2 15561.9 13703.6 11005.8 17246.5 2963.3 2998.5 18784.2 8201.4 22392.9 14507 24245.2
12757.5 13685.1 15062.2 18259.7 9261.1 8769.7 4971.3 15251 10744.5 6952.7 3203.2 8510.6 16931.3 13216.3 14216.9 5783.9 11199 9891.2 1902.3 10574.3 15881.9
23382.8 6796.1 9163.8 900.9 10312.2 10512 19300.9 4714.8 23102 16243 15531.4 13590.6 14316.9 4791.1 6612.3 20612.1 7662.2 22999.9 16334.9 26073.1 3861.3 15498.8
16865.8 4242.5 12348 8789.8 2069.4 2269.2 11828.3 4892.9 15629.5 11499.9 8058.9 6259.3 17292.5 3746.4 4157.1 13139.6 8586.6 16748.2 8862.3 18600.5 5687 8026.3 8239.9
21586.1 7210.1 7320.4 2953.3 9111.5 9311.3 18100.2 5128.7 21901.3 14446.3 14330.7 12389.9 12520.2 3590.4 7026.3 19411.4 5865.6 21203.2 15134.2 24872.4 4986.5 14298.1 2403.4 7040.7
12524.7 23829.3 25206.4 28403.9 19405.3 18913.9 8212.7 25395.3 9790.2 13208.2 14144.7 15559.1 16472.9 23360.5 24361.1 7072.1 21343.3 11566.3 12487.5 2907.2 26026.1 14490.3 27854 21072.8 26653.3
4203.9 17065.8 14674 19823.8 12641.8 12150.4 6086.1 17888.3 4763.7 3656.2 9138.6 16683.5 6152.3 16349.9 17597.6 6067.4 12053.9 3315.1 7978.4 9015.5 18682.4 9996.6 19273.9 14309.3 17477.3 11979.7
17873.3 11796.6 16198.9 17816.5 7634.4 7143 10087.1 13904 13888.3 12068.5 7440 4837.5 22047.1 12773.2 12328.4 10230.3 12437.4 15007 7018.2 15077.5 14698.1 7434.5 17266.6 9301.9 16065.9 11912.4 14871.6
5995.6 15497.2 13409.6 18559.4 11073.2 10581.8 5095.5 16623.8 6555.3 2316.9 7570.1 15114.9 4992.2 15085.5 16029.1 6108.6 10789.5 5106.7 6409.8 10894.1 17418 8428.1 18009.5 12740.7 16212.9 12126.6 1840.1 13395.8
22598.2 10821.3 17379.8 16841.3 7101.1 7301 12958.2 12928.7 17955.8 14939.6 10102.3 3042.9 22324.3 11797.9 11353.2 13101.4 13618.4 19731.9 9889.3 17785.5 13722.8 10096.7 16291.4 11137.1 15090.7 13363.9 17742.7 3760.4 16351.2
10555.3 10961 8389.2 13544.4 6537 6045.5 6553.1 11608.9 10354.3 3838.3 5154.2 11517.7 7599.1 10070.5 11492.8 7864.3 5774.5 9103.9 4839.5 16074 12403 5499.8 12994.5 8204.5 11197.9 17306.5 6537.6 11687.3 5375.4 13236.2
14002.5 11769.5 7615.2 11623.7 6872.2 6380.8 12599.7 9688.1 16400.8 6862.7 8830.2 11852.9 8547.4 8149.8 11585.7 13910.9 3853.8 13619.6 9633.6 19371.8 10482.3 8797.6 11073.8 8539.7 9277.2 20604.3 10724.9 15589.1 8283.8 13571.5 3532.4
19530.7 1534.4 14307.6 8187.9 4734.2 4934 13265.5 3641.8 17066.7 14164.7 9496.1 6871.1 19591.3 4811.7 2066.2 14576.7 10546.2 18185.4 10299.5 21265.3 4435.9 10691.1 8049.7 4150.9 8104.4 22497.8 16967.8 10438 15576.3 9571.2 10835.9 11204.5
26358.1 16822.5 13171.2 11115.4 18724 18923.8 25971 14741.2 32308.1 23404 22201.5 22002.4 18730.5 13202.9 16638.8 27282.2 13366.7 28953.4 23004.9 32743.1 14599 22168.9 11362.6 16653.2 9612.5 33975.6 28051 28960.4 24825.1 24702.5 18395.5 16736.5 17694.7
23672.7 15451.8 10365.6 9744.6 19310.4 18819 23165.4 13370.5 26966.5 20598.4 19395.9 20631.6 14295.6 11832.1 15268 24476.6 10561.1 26267.9 20199.4 29937.6 13228.2 19363.3 9991.9 15282.5 8241.7 31170 24460.7 26154.8 22019.5 23331.7 15589.9 13930.9 16323.9 2805.6
23552.2 27040.7 13683.4 17799.5 23589 23097.6 27444 24959.4 29502.2 21280.2 23674.5 28569.8 15924.6 23421.1 26856.9 28755.2 13878.9 26147.5 24478 34216.2 21283 23641.9 18046.7 25256.5 16296.5 35448.6 25245.1 30433.4 20911 30288.3 17950 17016 27921.4 9067.1 8826.4
16932.8 24243.1 11776.1 20184.7 20791.4 20300 26283.8 22161.8 22882.9 14442.3 20876.9 25772.1 8602 20623.4 24059.3 26265.1 14370.4 19528.1 21680.4 28216.6 22955.9 20844.3 19634.8 22458.9 17838.2 31967.5 18625.8 27635.8 13588.5 27490.7 15728.8 14808.2 25123.7 13522.4 10838.4 9776.8
22577.8 26066.3 13308 18098.7 22614.6 22123.2 26469.6 23985 28527.8 20305.8 22700.1 27595.4 14950.2 22446.7 25882.5 27780.8 13278.9 25173.1 23503.6 33241.8 24779.2 22667.5 18345.9 24282.1 16595.7 34474.2 24270.7 29459 19936.6 29313.9 16975.6 16041.6 26947 8467 8226.3 974.4 8776
16474.1 22478.3 10015.7 17248.8 19026.6 18535.2 22881.5 20396.9 22424.2 14686.8 19112.1 24007.3 8846.5 18858.6 22294.5 25806.4 12605.6 19069.4 19915.5 27757.9 21191.1 19079.5 17870 20694.1 16073.3 31508.8 18167.1 25870.9 13833 25725.9 13683.2 12749.3 23358.9 11084.5 8400.4 7363.4 2515.9 6389
23346.6 21007.6 11269.1 15814.4 22404.2 21912.8 26259.2 18926.3 29296.7 23692.3 22489.7 27385 16648.1 17388 20823.9 27570.4 11464.6 25941.9 23293.2 33031.4 19720.5 22457.1 16061.6 24071.7 14311.4 34263.8 25039.6 29248.6 25113.3 29103.5 16493.4 14834.4 21879.8 5696.2 6412.1 4534.1 9434.8 3934.1 8073
23991.7 14337.4 10684.6 8630.3 16238.9 16438.7 23484.4 12256.1 27285.5 20917.5 19714.9 19517.3 14614.7 10717.8 14153.7 24795.6 10880.2 26587 20518.4 30256.6 12113.9 19682.3 8877.5 14168.1 7127.4 31489.1 24779.7 26473.8 22338.5 22217.4 15908.9 14250 15209.6 3842.2 2471.4 10031.9 11490 9431.8 9052 7617.5
