5862.3 8975.9 8788.4 2713.4 2608.7 1842.3 2639 2213.3 2568 2488.5 2860.9 3411.7 3551.2 10060.6 9453.1 13634.9 14032.1 22320.3 22861.3 8737.1 8283 9412.8 7876 6699.4 9689 9498 9192.9 10406.6 12328.9 12739.9 15911.9 24257 24334.3 27447 28095.6 11863.3 12165.3 12702.5 12767.7 13730.4 8323.4 8608.7 13751 19451.5 18792.4 18473.4 19677.5 18440.1 18241 18338.1 18729.3 18692.3 19041.7 30808 22626.7 22354.5 23367.9 23281 27075.8 27750.2 26125.4 27355.6 27634
4879.7 9388.2 9200.8 3125.8 1543.5 1032.7 1800 1607.5 1962.3 1882.8 1987.7 2538.5 2945.5 9165.5 8365.1 12547 12944.1 21337.8 21878.7 9149.5 8695.3 9120 7270.3 6093.7 9083.3 8892.3 8587.2 9800.9 11723.2 12134.1 15306.1 21900.9 21978.2 26464.4 27113 12275.6 12577.7 13114.9 13180.1 11953.7 8726 9011.2 11394.9 14850.5 16436.2 16117.3 17321.4 16084 15884.8 15981.9 16373.2 16336.2 16685.6 28451.8 20270.6 19998.4 21011.8 20924.9 24719.6 25394.1 23769.2 24999.5 25277.8
3905.5 11272.3 11084.8 5009.8 1497.1 1179.4 118.2 3142.8 2523.7 3418 103.7 654.5 808.6 7449.8 6649.5 10831.3 11228.5 18450.8 18991.8 11033.5 10579.4 10655.2 6363.9 7628.9 6379.9 6607 8043.8 7515.6 9250.9 9661.8 13141.9 13753 14003.6 23577.5 24226.1 14159.7 14461.8 14999 15064.1 13488.9 10261.2 10546.4 10307.6 14023.3 14037.2 15268.8 16472.9 15235.5 15036.3 15133.4 15524.7 15487.7 15837.1 24917.8 19422.1 19149.9 22547 22460.1 24289.3 24963.8 22489.7 23724.5 24228.4
3662.2 12724.6 12537.2 6462.1 3159.9 2800.2 1739 4763.5 4149.3 5038.8 1683.2 2191.6 2458.9 6029.6 5229.2 9411.1 9808.3 17077.6 17618.6 12485.9 12031.7 12276 6325.8 6898.4 4888.8 5719.1 6986.5 6632.2 7683.8 8094.7 11721.7 12332.7 12583.3 22204.3 22852.9 15612 15914.1 16451.3 16516.5 13889.6 10661.9 10947.1 9186.2 11502.1 11516 12747.6 13951.7 12714.3 12515.1 12612.2 13003.5 12966.5 13315.9 23544.6 16900.9 16628.7 17650.4 18086.7 21768.1 22442.6 19968.5 21203.3 21707.1
3995.3 13561.8 13569.2 8544.5 3978.6 4882.5 3821.3 6845.8 6226.8 7121.1 3765.5 4274 4593.3 4415.8 4107.2 7040.8 7438 14732.1 15273.1 15406.9 14952.8 13169.8 7727.2 8299.9 5990.4 6991.4 8258.8 7904.5 7598.1 8009 11489.2 12100.2 12350.8 19858.8 20507.4 18533.1 18835.2 19372.4 19437.5 15291 12063.4 12348.6 10085.8 12370.6 12384.5 13616 14820.1 13582.7 13383.6 13480.7 13871.9 13834.9 14184.3 21199.1 17769.3 17497.1 18518.9 18955.2 22636.6 23311 20836.9 22071.8 22575.6
8782.3 16854.8 16862.2 11804 7262.2 8362 7300.8 10285.8 9574.1 10561.1 7245 7753.4 7883.7 557.8 628.9 3568.2 3882.9 10066 10607 15450.9 15037.1 14765.6 9323.1 9895.7 8333.6 9375.1 10299.5 9759.3 6885.7 7296.6 8061.8 8672.9 8923.5 14501.3 15149.9 18555.5 17124.4 17302.2 16900.2 16886.9 13659.2 13944.4 12476 11730 11743.9 12975.5 14179.6 12942.2 12743 12840.1 13231.3 13194.4 13543.7 16532.9 17128.8 16856.6 17878.3 18314.6 20233.6 20908.1 20196.4 21431.2 21935
6830.2 13339.2 13151.8 9630.1 6327.9 5831.8 4907 5935.9 5386.4 5735.6 4851.1 4198.6 4179.1 5548.7 4641.3 7039.7 7436.9 11091 14324.2 11164.7 10750.9 10479.4 5036.9 5609.5 3295.4 4301.1 5568.5 5214.1 4944.6 5355.5 8420.9 9031.9 9282.5 19905 20553.6 14269.3 12838.2 13016 12614 12600.7 9373 9658.2 7390.8 8626.9 8640.9 9872.4 11076.5 9839.1 9640 9737 10128.3 10091.3 10440.7 22625.2 14025.7 13753.5 14775.2 15211.6 18893 19567.4 17093.3 18328.1 18832
9182.5 9338 9150.6 5492.7 5928.9 4752.6 5549.3 3207.3 3128.6 2619.2 5771.1 5345.5 5048.7 10307.5 9400.1 12208.7 12605.9 22159.4 22069.3 5589 5134.8 5454.6 3223.9 2286.1 4400.2 4627.3 4779.6 5535.9 7458.2 7869.2 11041.2 11652.2 11902.8 24741.8 24938.9 9033.6 7943.7 8703.6 8301.6 8288.3 5060.6 5345.8 7729.5 11185.1 12770.8 12451.9 13656 12418.6 12219.4 12316.5 12707.7 12670.8 13020.1 24786.4 16605.1 16333 17346.4 17259.5 21054.2 21728.7 20103.8 21334.1 21612.4
7898 10930.2 10742.7 7084.8 7521 5309.5 5561.9 4799.5 4720.8 4211.4 5506.1 4730.9 4711.4 9193.1 8285.7 11094.3 11491.5 13559.7 13469.6 7050.3 6727 6365.1 1405 2290.8 3218.1 3027.1 3892.8 3935.6 5858 6268.9 9440.9 10052 10302.6 23293.6 23490.8 8940.3 8854.2 9843.5 9441.5 9428.2 6200.5 6485.7 6156.6 9677.5 9691.5 10335.6 11539.7 10302.3 10103.1 10200.2 10591.5 10554.5 10903.8 23338.3 14488.9 14216.7 16671.7 16584.8 19606.1 20280.5 17556.5 18791.3 20937.8
8725.8 14993.9 14806.4 11148.5 8223.5 7183.9 6802.6 7267.7 6718.2 7067.4 6746.8 6012.7 5993.2 7618.6 6194.8 6947.7 7344.9 10998.9 14232.2 10992.3 10790.7 10307 4864.4 5529.7 2316.3 3357.7 4269.4 3729.1 3144 3554.9 6744.9 7356 7606.6 19813 20979 14096.9 12665.8 12843.6 12441.6 12428.2 9200.6 9485.8 5600.5 6828.3 6842.2 8073.7 9277.9 8040.4 7841.3 7938.4 8329.6 8292.6 8642 20826.5 12227 11954.9 12976.6 13412.9 17094.3 17768.8 15294.6 16529.5 17033.3
10701.6 10325.4 10137.9 6480 7448.1 6271.7 7068.4 4726.5 4647.8 4138.4 7290.3 6864.7 6567.8 11861.4 10954 13636.7 14033.8 21173 21082.9 4045.3 5016.6 3360 2503.6 1977.3 5154.6 4245.9 4470.8 4985.5 7794.5 8205.4 11377.5 17249.1 17326.4 23755.4 23952.5 5935.2 5849.2 7245.9 6631.5 5676.3 3371.3 3656.6 6743.1 10198.7 11784.4 11465.5 12669.6 11432.2 11233 11330.1 11721.4 11684.4 12033.8 23800 15618.8 15346.6 16360 16273.1 20067.8 20742.3 19117.4 20347.7 20626
16718.8 27561.2 27373.7 23715.8 14532.9 13075 12985 14332.3 12609.3 13744.2 12929.1 12769.4 12749.9 8111.8 8005.4 4903.1 4541.7 4284.7 4194.6 20316.8 21288.1 19631.5 9359.4 10024.7 6811.2 7852.7 8764.4 8224.1 4632.6 4593.2 342.3 820.9 1278.1 11213.1 11410.2 22424 22726.1 23263.3 21222.8 21209.5 16683.6 18267 10984.2 7461.2 7915.8 8816.8 8331.7 9537.1 9721.2 9862.3 11414.3 11377.3 11726.7 10675.8 11393.5 11121.3 12143 12579.4 9712.6 10387.1 10832.8 12444.3 13483.4
15854.7 12486.6 12299.1 8641.2 12601.2 9908.8 10705.5 8363.6 8284.9 7775.5 10927.4 10501.8 10204.9 15536.7 14629.3 17312 17709.2 24154.3 24064.2 3680.4 4651.7 2995.1 6069.8 5543.5 8829.9 7812.1 8037 8551.7 11469.8 11880.8 20836.8 20230.4 20307.7 26736.7 26933.8 2509.6 2423.6 3931 3237.4 2250.7 4410.4 4695.6 9724.4 15424.9 14765.7 14446.8 15650.9 14413.5 14214.4 14311.4 14702.7 14665.7 15015.1 26781.4 18600.1 18327.9 19341.3 19254.4 23049.1 23723.6 22098.7 23329 23607.4
12008.9 13359 13171.5 9513.6 8755.4 7579.1 8375.8 6033.8 5955.1 5445.7 8597.6 8172 7875.2 16078.1 14654.3 15407.2 15804.4 18827.6 18737.5 6356.3 7327.6 5671.1 3053.9 2527.6 5775.8 4796.2 4025 5046.4 8341.9 8763 15510.1 14903.7 14981 21410 21607.1 8221.9 8523.9 7539.7 7137.7 7124.4 2432.8 4181.9 4397.7 8085.1 9439 9120.1 10324.2 9086.8 8887.6 8984.7 9376 9339 9688.4 21454.6 13273.4 13001.2 14014.6 13927.7 17722.4 18396.9 16772 18002.3 18280.6
12040.6 16239.2 16051.7 12393.8 12169.4 9452.2 9704.6 9447.8 9369.1 8859.7 9648.7 8873.5 8854 12470.4 11046.6 11799.5 12196.7 15853.9 15763.8 8994.8 9966.1 8309.5 4159.6 4034.4 2850.1 2951.5 1686.7 1263.7 4734.1 5155.3 9939.1 9332.7 8746 18436.3 18633.4 11102 11404.1 11941.3 9900.8 9887.5 5312.9 6945 1456.7 4477.3 4491.2 5392.2 6932.3 5694.9 5495.7 5592.8 5984.1 5947.1 6296.5 18481 9881.5 9609.3 10631 11067.4 14748.7 15423.2 12949.1 14183.9 14687.8
15743.6 22523.1 22335.6 18677.7 15757.6 12869.4 14209.6 14278.5 12403.7 13690.4 14153.8 13994.1 13974.6 9853.7 12250.4 8587.4 8739.4 10589.4 10499.2 15278.7 16250.1 14593.5 8990.3 8865.1 6612.3 7010.8 6517.4 5922.5 4255.1 3883 6683.2 6076.7 5490 15406.8 15603.9 17386 17688 18225.2 16184.8 16171.4 10143.6 11508.1 6287.4 1217.6 1639.6 2535.9 3817.8 2678.9 2863.1 3601.8 4198.9 4161.9 4511.3 12418.3 7099.4 6827.2 7848.9 8285.3 11279.3 11953.7 10167 11401.9 11905.7
16085.8 20252.2 20064.7 16406.8 16559.7 15383.4 14551.8 13838.1 13759.4 13250 14496 14336.3 14316.8 14016.4 12592.6 13345.5 13742.7 13612 13521.9 13007.8 13979.1 12322.5 8963.5 8838.3 6954.4 7353 6862.3 6267.3 5475.7 5103.7 8580.6 7732.5 7603.7 16194.4 16391.5 15115 15417.1 15954.3 13913.8 13900.5 9374.6 9237.2 5117 2466.8 1785.1 853.7 1645.4 263.5 592.1 1330.8 1018.8 1891 1325.5 10657.1 4927 4654.8 5676.6 6112.9 9106.9 9781.3 7994.6 9229.5 9733.3
14090.4 17281 17093.5 13435.6 13588.5 12412.2 11754.4 10866.9 10788.2 10278.8 11698.6 10923.3 10903.8 17903.8 16480 17232.9 17630.1 18642.8 18552.7 10036.6 11007.9 9351.3 6209.4 6084.2 7007.6 6966.6 5067.1 5421.1 10468.7 9137.7 15325.3 14718.9 14796.2 21225.2 21422.3 12143.8 12445.9 12983.1 10942.6 10929.3 5569.7 6157.4 3394.5 6967 6285.3 5966.4 7170.5 5933.1 5733.9 5831 4782.2 4745.2 5094.6 16182.2 8679.6 8407.4 9981.9 9895 14632 15306.4 12739.4 13969.6 14248
