(41, 0)[(42.97761, -78.80065), (42.97951, -78.79889), (42.98087, -78.82304), (42.98098, -78.88539), (42.96093, -78.88887), (42.96158, -78.894), (42.95996, -78.89425), (42.95379, -78.89998), (42.95341, -78.89921)]
(41, 1)[(42.97761, -78.80065), (42.96304, -78.81387), (42.95945, -78.81391), (42.95737, -78.81898), (42.94025, -78.83799), (42.9404, -78.85075), (42.94088, -78.85131), (42.94134, -78.85462), (42.94048, -78.85863), (42.94048, -78.86177), (42.93917, -78.86338)]
(41, 2)[(42.97761, -78.80065), (42.97937, -78.79902), (42.9782, -78.7767), (42.97811, -78.76787), (42.97476, -78.76449), (42.97286, -78.76184), (42.96821, -78.7593), (42.96561, -78.75638), (42.96105, -78.75549), (42.96611, -78.72469), (42.95667, -78.72467), (42.95656, -78.71475), (42.95571, -78.71469), (42.9557, -78.71498), (42.95631, -78.71527), (42.95633, -78.71605)]
(41, 3)[(42.97761, -78.80065), (42.97937, -78.79902), (42.97852, -78.78381), (42.94075, -78.78409), (42.94062, -78.78741), (42.93854, -78.78741)]
(41, 4)[(42.97761, -78.80065), (42.98933, -78.79001), (42.99073, -78.78811), (42.99127, -78.78778), (42.99149, -78.77062), (42.99113, -78.76604), (42.99103, -78.75794), (42.99109, -78.72473), (43.00399, -78.72493), (43.00597, -78.72527), (43.01408, -78.72517)]
(41, 5)[(42.97761, -78.80065), (42.97937, -78.79902), (42.9782, -78.7767), (42.97802, -78.76004), (42.97867, -78.75367), (42.97844, -78.72908), (42.97769, -78.72286), (42.97818, -78.67704), (43.00026, -78.67701), (43.00026, -78.67224), (43.00277, -78.67296)]
(41, 6)[(42.97761, -78.80065), (42.97937, -78.79902), (42.97852, -78.78381), (42.93268, -78.78413), (42.93293, -78.77477), (42.93238, -78.76918), (42.93011, -78.76716)]
(41, 7)[(42.97761, -78.80065), (42.98244, -78.79622), (42.98302, -78.79541), (42.98305, -78.79473), (42.98251, -78.79354), (42.98234, -78.79071), (42.98209, -78.78995), (42.9802, -78.78635), (42.9783, -78.78313), (42.97178, -78.77454)]
(41, 8)[(42.97761, -78.80065), (42.96304, -78.81387), (42.95945, -78.81391), (42.95737, -78.81898), (42.92221, -78.85727), (42.9223, -78.86735), (42.92391, -78.86463)]
(41, 9)[(42.97761, -78.80065), (42.96304, -78.81387), (42.95945, -78.81391), (42.95737, -78.81898), (42.95256, -78.82434), (42.95226, -78.82385)]
(41, 10)[(42.97761, -78.80065), (42.97937, -78.79902), (42.97852, -78.78381), (42.93621, -78.78413), (42.93616, -78.77474), (42.93648, -78.77474)]
(41, 11)[(42.97761, -78.80065), (42.97937, -78.79902), (42.9782, -78.7767), (42.97802, -78.76004), (42.97867, -78.75367), (42.97856, -78.73952), (42.98656, -78.73951), (42.98656, -78.7376), (42.98519, -78.7376)]
(41, 12)[(42.97761, -78.80065), (42.98244, -78.79622), (42.98308, -78.79497), (42.98209, -78.78995), (42.97711, -78.78146), (42.96872, -78.77053), (42.96641, -78.76853), (42.96353, -78.76733), (42.95187, -78.76609), (42.95003, -78.76421), (42.94987, -78.76175), (42.95146, -78.75889), (42.95198, -78.7546), (42.95191, -78.74358), (42.95062, -78.73236), (42.95067, -78.70763), (42.95016, -78.70496), (42.94836, -78.70334), (42.9478, -78.70201), (42.94705, -78.69956), (42.94701, -78.69694), (42.93794, -78.69693), (42.93701, -78.70201), (42.93705, -78.70975), (42.93658, -78.71135), (42.93721, -78.71162), (42.93806, -78.71036), (42.93925, -78.71032)]
(41, 13)[(42.97761, -78.80065), (42.97178, -78.80609), (42.96915, -78.80392), (42.95273, -78.80388), (42.95283, -78.79994)]
(41, 14)[(42.97761, -78.80065), (42.98513, -78.79359), (42.98538, -78.79266), (42.98475, -78.79144), (42.9844, -78.79136), (42.98401, -78.79175), (42.98398, -78.7924), (42.98437, -78.79335), (42.9868, -78.79621), (42.99074, -78.79948), (42.99259, -78.80143), (43.00102, -78.81241), (43.00264, -78.81519), (43.0036, -78.81792), (43.00427, -78.82188), (43.00419, -78.82561), (43.00383, -78.8275), (43.00203, -78.83294), (43.00141, -78.83605), (43.00115, -78.83902), (43.00114, -78.8483), (43.00094, -78.84986), (42.99993, -78.85333), (42.99686, -78.85942), (42.99591, -78.86357), (42.99558, -78.87578), (42.99586, -78.87699), (42.9965, -78.8772), (42.99693, -78.87657), (42.99694, -78.87496), (42.99391, -78.87426), (42.99396, -78.87028), (42.99481, -78.8703), (42.99485, -78.86738), (42.99507, -78.86678)]
(41, 15)[(42.97761, -78.80065), (42.96304, -78.81387), (42.94497, -78.81367), (42.94568, -78.82165), (42.9466, -78.82168), (42.94639, -78.81944)]
(41, 16)[(42.97761, -78.80065), (42.98949, -78.78987), (42.99602, -78.78576), (42.99686, -78.78372), (42.99706, -78.77723), (42.99823, -78.77491), (43.00344, -78.77215), (43.00836, -78.77354), (43.0161, -78.76796), (43.03472, -78.74773), (43.0343, -78.70326), (43.03339, -78.69695), (43.0274, -78.69692), (43.02734, -78.69145), (43.02483, -78.69151), (43.0248, -78.68899)]
(41, 17)[(42.97761, -78.80065), (42.96304, -78.81387), (42.95945, -78.81391), (42.95737, -78.81898), (42.93908, -78.83926), (42.9094, -78.83908), (42.90934, -78.83518)]
(41, 18)[(42.97761, -78.80065), (42.98728, -78.79167), (42.99112, -78.78856), (42.99579, -78.78604), (42.99668, -78.78448), (42.99718, -78.78132), (42.99809, -78.7813), (42.99808, -78.78422), (42.99863, -78.78422), (42.99863, -78.78505)]
(41, 19)[(42.97761, -78.80065), (42.98244, -78.79622), (42.98308, -78.79497), (42.98209, -78.78995), (42.97711, -78.78146), (42.96872, -78.77053), (42.96641, -78.76853), (42.96353, -78.76733), (42.95153, -78.766), (42.94992, -78.76385), (42.94996, -78.7614), (42.95122, -78.75948), (42.95186, -78.75683), (42.95193, -78.74428), (42.95062, -78.73236), (42.95061, -78.7056), (42.94845, -78.68427)]
(41, 20)[(42.97761, -78.80065), (42.96304, -78.81387), (42.95945, -78.81391), (42.95737, -78.81898), (42.94598, -78.83169), (42.94674, -78.8328), (42.94746, -78.83532), (42.94777, -78.87486), (42.94823, -78.87488)]
(41, 21)[(42.97761, -78.80065), (42.97937, -78.79902), (42.9782, -78.7767), (42.97807, -78.75911), (42.97862, -78.75494), (42.97867, -78.75271), (42.97901, -78.75305), (42.98145, -78.75323)]
(41, 22)[(42.97761, -78.80065), (42.97937, -78.79902), (42.97811, -78.76787), (42.97286, -78.76184), (42.96821, -78.7593), (42.96561, -78.75638), (42.96105, -78.75549), (42.96632, -78.72323), (42.96509, -78.69167), (42.96505, -78.67722), (42.96334, -78.67717), (42.96367, -78.68047)]
(41, 23)[(42.97761, -78.80065), (42.96304, -78.81387), (42.95945, -78.81391), (42.95737, -78.81898), (42.94625, -78.8314)]
(41, 24)[(42.97761, -78.80065), (42.98302, -78.79541), (42.98209, -78.78995), (42.97815, -78.7829), (42.96928, -78.77125), (42.9648, -78.76768), (42.94772, -78.76587), (42.89289, -78.76746), (42.88402, -78.7689), (42.88377, -78.75893), (42.87867, -78.76473), (42.87972, -78.76546)]
(41, 25)[(42.97761, -78.80065), (42.98308, -78.79497), (42.98209, -78.78995), (42.97711, -78.78146), (42.96641, -78.76853), (42.95187, -78.76609), (42.95003, -78.76421), (42.94987, -78.76175), (42.95146, -78.75889), (42.95198, -78.7546), (42.95062, -78.73236), (42.95067, -78.70763), (42.95016, -78.70496), (42.9478, -78.70201), (42.94701, -78.69694), (42.90383, -78.69691), (42.90383, -78.69143), (42.90153, -78.68747), (42.89602, -78.68744), (42.89587, -78.68912)]
(41, 26)[(42.97761, -78.80065), (42.97951, -78.79889), (42.98087, -78.82551), (42.98597, -78.83255), (42.99107, -78.84039), (42.99115, -78.85278), (42.99341, -78.85271), (42.9934, -78.85204)]
(41, 27)[(42.97761, -78.80065), (42.97937, -78.79902), (42.97852, -78.78381), (42.96342, -78.78399), (42.96042, -78.77441), (42.961, -78.77411), (42.96119, -78.77369), (42.96088, -78.772), (42.96105, -78.77144), (42.96253, -78.77099), (42.96256, -78.77037), (42.96287, -78.77004), (42.9639, -78.77)]
(41, 28)[(42.97761, -78.80065), (42.98933, -78.79001), (42.99073, -78.78811), (42.99127, -78.78778), (42.99149, -78.77062), (42.99113, -78.76604), (42.99103, -78.75794), (42.99108, -78.72242)]
(41, 29)[(42.97761, -78.80065), (42.98949, -78.78987), (42.99602, -78.78576), (42.99686, -78.78372), (42.99706, -78.77723), (42.99823, -78.77491), (43.00344, -78.77215), (43.00836, -78.77354), (43.0161, -78.76796), (43.03472, -78.74773), (43.03451, -78.73794), (43.03319, -78.73793), (43.03316, -78.73952)]
(41, 30)[(42.97761, -78.80065), (42.98728, -78.79167), (42.98933, -78.79001), (42.99073, -78.78811), (42.99127, -78.78778), (42.99135, -78.7812), (42.99015, -78.78127), (42.99002, -78.78199), (42.98928, -78.78208)]
(41, 31)[(42.97761, -78.80065), (42.96304, -78.81387), (42.9331, -78.81365), (42.93016, -78.82049), (42.92917, -78.8338), (42.92681, -78.83859), (42.92278, -78.84327), (42.90898, -78.84349), (42.90369, -78.84637), (42.90373, -78.84463), (42.88786, -78.84403), (42.88784, -78.83708), (42.8885, -78.83708)]
(41, 32)[(42.97761, -78.80065), (42.97937, -78.79902), (42.97852, -78.78381), (42.93268, -78.78413), (42.93275, -78.77964), (42.93101, -78.78008), (42.92859, -78.7792), (42.92828, -78.77685), (42.92942, -78.77694)]
(41, 33)[(42.97761, -78.80065), (42.98302, -78.79541), (42.98209, -78.78995), (42.97815, -78.7829), (42.96872, -78.77053), (42.96425, -78.76751), (42.94772, -78.76587), (42.88558, -78.76785), (42.88225, -78.76937), (42.87978, -78.77253), (42.87627, -78.78589), (42.8737, -78.78929), (42.8657, -78.79191), (42.85362, -78.79102), (42.85103, -78.7928), (42.84994, -78.79169), (42.84906, -78.78363), (42.84399, -78.77182), (42.84334, -78.75891), (42.84186, -78.75419), (42.83031, -78.75358), (42.8297, -78.7613), (42.82519, -78.76147)]
(41, 34)[(42.97761, -78.80065), (42.98302, -78.79541), (42.98209, -78.78995), (42.97815, -78.7829), (42.96928, -78.77125), (42.9648, -78.76768), (42.94772, -78.76587), (42.88558, -78.76785), (42.88225, -78.76937), (42.87978, -78.77253), (42.87627, -78.78589), (42.87325, -78.78953), (42.8657, -78.79191), (42.85798, -78.79212), (42.85146, -78.79027), (42.84427, -78.79285), (42.82836, -78.79308), (42.82818, -78.80439), (42.832, -78.80562), (42.83207, -78.81504), (42.83726, -78.81473)]
(41, 35)[(42.97761, -78.80065), (42.98302, -78.79541), (42.98209, -78.78995), (42.97815, -78.7829), (42.96928, -78.77125), (42.9648, -78.76768), (42.94772, -78.76587), (42.89289, -78.76746), (42.88402, -78.7689), (42.88376, -78.75859), (42.88474, -78.75453), (42.87805, -78.75319), (42.85517, -78.75465), (42.85937, -78.70527)]
(41, 36)[(42.97761, -78.80065), (42.98308, -78.79516), (42.98209, -78.78995), (42.97887, -78.78401), (42.9673, -78.76914), (42.9564, -78.76638), (42.91945, -78.76633), (42.88488, -78.76801), (42.87978, -78.77253), (42.87627, -78.78589), (42.8737, -78.78929), (42.8657, -78.79191), (42.85399, -78.79098), (42.85052, -78.79261), (42.84915, -78.78394), (42.84361, -78.77001), (42.84318, -78.75065), (42.83915, -78.71135), (42.83719, -78.7043), (42.83356, -78.69558), (42.83253, -78.69515), (42.8325, -78.6966), (42.83452, -78.69688), (42.83511, -78.69479), (42.83396, -78.69573), (42.83879, -78.70828)]
(41, 37)[(42.97761, -78.80065), (42.98308, -78.79516), (42.97887, -78.78401), (42.9673, -78.76914), (42.9564, -78.76638), (42.88488, -78.76801), (42.87978, -78.77253), (42.8737, -78.78929), (42.85067, -78.7927), (42.84399, -78.77182), (42.84186, -78.75419), (42.82036, -78.75277), (42.8203, -78.73198), (42.81126, -78.72276)]
(41, 38)[(42.97761, -78.80065), (42.98302, -78.79541), (42.98209, -78.78995), (42.97815, -78.7829), (42.96872, -78.77053), (42.96245, -78.76716), (42.94772, -78.76587), (42.88488, -78.76801), (42.87978, -78.77253), (42.87638, -78.78556), (42.87484, -78.78826), (42.8657, -78.79191), (42.85383, -78.79099), (42.85067, -78.7927), (42.84915, -78.78394), (42.84799, -78.78243), (42.84625, -78.78232), (42.84122, -78.78565), (42.83641, -78.77497), (42.83227, -78.77516), (42.82968, -78.77354), (42.82959, -78.77628), (42.82874, -78.77611), (42.82846, -78.77754)]
(41, 39)[(42.97761, -78.80065), (42.98308, -78.79516), (42.97887, -78.78401), (42.9673, -78.76914), (42.9564, -78.76638), (42.88488, -78.76801), (42.87978, -78.77253), (42.8737, -78.78929), (42.85067, -78.7927), (42.84399, -78.77182), (42.84186, -78.75419), (42.82036, -78.75277), (42.82029, -78.72869), (42.82668, -78.72456)]
(41, 40)[(42.97761, -78.80065), (42.98302, -78.79541), (42.98209, -78.78995), (42.97815, -78.7829), (42.96928, -78.77125), (42.9648, -78.76768), (42.94772, -78.76587), (42.88558, -78.76785), (42.88225, -78.76937), (42.87978, -78.77253), (42.87627, -78.78589), (42.87325, -78.78953), (42.8657, -78.79191), (42.85798, -78.79212), (42.85146, -78.79027), (42.84427, -78.79285), (42.82836, -78.79308), (42.82833, -78.81322), (42.82594, -78.82179), (42.82581, -78.8295), (42.82418, -78.83033)]
(42, 0)[(42.91536, -78.86511), (42.91536, -78.8655), (42.92065, -78.86384), (42.92057, -78.86693), (42.92084, -78.8679), (42.92588, -78.87363), (42.93138, -78.87378), (42.93209, -78.8744), (42.933, -78.8746), (42.93339, -78.87703), (42.93588, -78.87822), (42.93591, -78.88014), (42.93684, -78.88173), (42.93733, -78.88359), (42.93736, -78.88662), (42.93769, -78.88875), (42.93746, -78.88938), (42.93824, -78.88989), (42.93605, -78.89616), (42.9361, -78.89867), (42.93864, -78.89812), (42.94969, -78.90381), (42.95379, -78.89998), (42.95341, -78.89921)]
(42, 1)[(42.91536, -78.86511), (42.91536, -78.8655), (42.92065, -78.86384), (42.92059, -78.86706), (42.92076, -78.86754), (42.92111, -78.86764), (42.92245, -78.86734), (42.92781, -78.8677), (42.929, -78.86573), (42.93215, -78.86492), (42.93485, -78.86588), (42.93661, -78.86713), (42.93917, -78.86338)]
(42, 2)[(42.91536, -78.86511), (42.91535, -78.86445), (42.92221, -78.85727), (42.92193, -78.84281), (42.92374, -78.84225), (42.92721, -78.83772), (42.92874, -78.83462), (42.92974, -78.83005), (42.92981, -78.82149), (42.93304, -78.81111), (42.93309, -78.79827), (42.93257, -78.7923), (42.93293, -78.77477), (42.93247, -78.76556), (42.93012, -78.75996), (42.93002, -78.74696), (42.92828, -78.74127), (42.92862, -78.74011), (42.93012, -78.73848), (42.93415, -78.71797), (42.93439, -78.71726), (42.94096, -78.71764), (42.94544, -78.72473), (42.95667, -78.72467), (42.95656, -78.71475), (42.95571, -78.71469), (42.95633, -78.71605)]
(42, 3)[(42.91536, -78.86511), (42.91535, -78.86445), (42.92221, -78.85727), (42.92193, -78.84281), (42.92343, -78.84257), (42.92672, -78.83846), (42.92846, -78.83528), (42.92943, -78.83231), (42.92974, -78.83005), (42.92981, -78.82149), (42.93271, -78.81274), (42.93306, -78.81082), (42.93309, -78.79827), (42.93262, -78.79349), (42.93264, -78.78895), (42.93427, -78.78852), (42.93476, -78.78807), (42.93543, -78.78863), (42.93654, -78.78862), (42.93699, -78.7874), (42.93854, -78.78741)]
(42, 4)[(42.91536, -78.86511), (42.92221, -78.85727), (42.92193, -78.84281), (42.92374, -78.84225), (42.92874, -78.83462), (42.92981, -78.82149), (42.93296, -78.81167), (42.93247, -78.76556), (42.93186, -78.76412), (42.93034, -78.76432), (42.93152, -78.76618), (42.94216, -78.76626), (42.94566, -78.76586), (42.94869, -78.76283), (42.95449, -78.76607), (42.95935, -78.76419), (42.96611, -78.72469), (43.01408, -78.72517)]
(42, 5)[(42.91536, -78.86511), (42.92221, -78.85727), (42.92193, -78.84281), (42.92374, -78.84225), (42.92874, -78.83462), (42.92981, -78.82149), (42.93304, -78.81111), (42.93247, -78.76556), (42.93012, -78.75996), (42.93002, -78.74696), (42.92828, -78.74127), (42.93012, -78.73848), (42.93502, -78.71406), (42.93697, -78.71039), (42.93794, -78.69693), (42.9893, -78.69695), (42.98925, -78.67702), (43.00026, -78.67701), (43.00026, -78.67224), (43.00277, -78.67296)]
(42, 6)[(42.91536, -78.86511), (42.91535, -78.86445), (42.92221, -78.85727), (42.92193, -78.84281), (42.92374, -78.84225), (42.92721, -78.83772), (42.92874, -78.83462), (42.92974, -78.83005), (42.92981, -78.82149), (42.93296, -78.81167), (42.93309, -78.79827), (42.93257, -78.7923), (42.93291, -78.77441), (42.93235, -78.76906), (42.93011, -78.76716)]
(42, 7)[(42.91536, -78.86511), (42.91535, -78.86445), (42.92221, -78.85727), (42.92193, -78.84281), (42.92343, -78.84257), (42.92672, -78.83846), (42.92943, -78.83231), (42.92981, -78.82149), (42.93306, -78.81082), (42.93268, -78.78413), (42.97645, -78.78387), (42.9763, -78.78059), (42.97178, -78.77454)]
(42, 8)[(42.91536, -78.86511), (42.91536, -78.8655), (42.92065, -78.86384), (42.92059, -78.86706), (42.92076, -78.86754), (42.92111, -78.86764), (42.9223, -78.86735), (42.92301, -78.86637), (42.92302, -78.86617), (42.92314, -78.86616), (42.92365, -78.86506), (42.92391, -78.86463)]
(42, 9)[(42.91536, -78.86511), (42.91535, -78.86445), (42.93365, -78.84517), (42.94755, -78.82998), (42.95256, -78.82434), (42.95226, -78.82385)]
(42, 10)[(42.91536, -78.86511), (42.91535, -78.86445), (42.92221, -78.85727), (42.92193, -78.84281), (42.92343, -78.84257), (42.92672, -78.83846), (42.92943, -78.83231), (42.92981, -78.82149), (42.93306, -78.81082), (42.93268, -78.78413), (42.93621, -78.78413), (42.93616, -78.77474), (42.93648, -78.77474)]
(42, 11)[(42.91536, -78.86511), (42.91535, -78.86445), (42.92221, -78.85727), (42.92193, -78.84281), (42.92374, -78.84225), (42.92721, -78.83772), (42.92874, -78.83462), (42.92974, -78.83005), (42.92981, -78.82149), (42.93296, -78.81167), (42.93309, -78.79827), (42.93257, -78.7923), (42.93293, -78.77477), (42.93247, -78.76556), (42.93186, -78.76412), (42.93034, -78.76432), (42.9304, -78.76553), (42.93152, -78.76618), (42.94435, -78.76619), (42.94588, -78.7657), (42.94765, -78.76333), (42.9489, -78.76281), (42.95134, -78.76353), (42.95396, -78.76595), (42.95609, -78.7659), (42.95935, -78.76419), (42.95983, -78.76307), (42.96395, -78.73803), (42.96877, -78.73941), (42.98656, -78.73951), (42.98656, -78.7376), (42.98519, -78.7376)]
(42, 12)[(42.91536, -78.86511), (42.91535, -78.86445), (42.92221, -78.85727), (42.92193, -78.84281), (42.92374, -78.84225), (42.92721, -78.83772), (42.92874, -78.83462), (42.92974, -78.83005), (42.92981, -78.82149), (42.93296, -78.81167), (42.93309, -78.79827), (42.93257, -78.7923), (42.93293, -78.77477), (42.93247, -78.76556), (42.93012, -78.75996), (42.93002, -78.74696), (42.92829, -78.74111), (42.93012, -78.73848), (42.93516, -78.71355), (42.93658, -78.71135), (42.93721, -78.71162), (42.93806, -78.71036), (42.93925, -78.71032)]
(42, 13)[(42.91536, -78.86511), (42.91535, -78.86445), (42.92221, -78.85727), (42.92193, -78.84281), (42.923, -78.84282), (42.92374, -78.84225), (42.92721, -78.83772), (42.92874, -78.83462), (42.92943, -78.83231), (42.92974, -78.83005), (42.92981, -78.82149), (42.9326, -78.81308), (42.93285, -78.81044), (42.93839, -78.81043), (42.93909, -78.81089), (42.94217, -78.80331), (42.94952, -78.80342), (42.95044, -78.80389), (42.95273, -78.80388), (42.95283, -78.79994)]
(42, 14)[(42.91536, -78.86511), (42.92065, -78.86384), (42.92081, -78.86758), (42.92768, -78.86773), (42.929, -78.86573), (42.93232, -78.86493), (42.93691, -78.86722), (42.99391, -78.87426), (42.99396, -78.87028), (42.99481, -78.8703), (42.99507, -78.86678)]
(42, 15)[(42.91536, -78.86511), (42.91535, -78.86445), (42.93365, -78.84517), (42.94807, -78.82937), (42.94696, -78.82557), (42.94639, -78.81944)]
(42, 16)[(42.91536, -78.86511), (42.92221, -78.85727), (42.92193, -78.84281), (42.92374, -78.84225), (42.92874, -78.83462), (42.92981, -78.82149), (42.93304, -78.81111), (42.93247, -78.76556), (42.93012, -78.75996), (42.93002, -78.74696), (42.92828, -78.74127), (42.93012, -78.73848), (42.93502, -78.71406), (42.93697, -78.71039), (42.93794, -78.69693), (43.0274, -78.69692), (43.02734, -78.69145), (43.02483, -78.69151), (43.0248, -78.68899)]
(42, 17)[(42.91536, -78.86511), (42.91527, -78.85511), (42.91475, -78.85321), (42.91461, -78.83913), (42.9094, -78.83908), (42.90934, -78.83518)]
(42, 18)[(42.91536, -78.86511), (42.95737, -78.81898), (42.95976, -78.81316), (42.96304, -78.81387), (42.98746, -78.79152), (42.99554, -78.78628), (42.99718, -78.78132), (42.99809, -78.7813), (42.99863, -78.78505)]
(42, 19)[(42.91536, -78.86511), (42.92221, -78.85727), (42.92193, -78.84281), (42.92374, -78.84225), (42.92874, -78.83462), (42.92981, -78.82149), (42.93296, -78.81167), (42.93247, -78.76556), (42.93186, -78.76412), (42.93025, -78.76453), (42.93152, -78.76618), (42.9459, -78.76593), (42.94995, -78.76246), (42.95174, -78.75764), (42.95068, -78.70678), (42.94845, -78.68427)]
(42, 20)[(42.91536, -78.86511), (42.91536, -78.8655), (42.92065, -78.86384), (42.92057, -78.86693), (42.92081, -78.86758), (42.92245, -78.86734), (42.92768, -78.86773), (42.92804, -78.86756), (42.929, -78.86573), (42.93232, -78.86493), (42.93369, -78.86568), (42.93485, -78.86588), (42.93691, -78.86722), (42.94779, -78.8685), (42.94777, -78.87486), (42.94823, -78.87488)]
(42, 21)[(42.91536, -78.86511), (42.91535, -78.86445), (42.92221, -78.85727), (42.92193, -78.84281), (42.92374, -78.84225), (42.92721, -78.83772), (42.92874, -78.83462), (42.92974, -78.83005), (42.92981, -78.82149), (42.93296, -78.81167), (42.93309, -78.79827), (42.93257, -78.7923), (42.93293, -78.77477), (42.93247, -78.76556), (42.93186, -78.76412), (42.93034, -78.76432), (42.9304, -78.76553), (42.93152, -78.76618), (42.94435, -78.76619), (42.94588, -78.7657), (42.94765, -78.76333), (42.9489, -78.76281), (42.95134, -78.76353), (42.95396, -78.76595), (42.96529, -78.76757), (42.96832, -78.76976), (42.97592, -78.77955), (42.97849, -78.7817), (42.97802, -78.76004), (42.97867, -78.75271), (42.98145, -78.75323)]
(42, 22)[(42.91536, -78.86511), (42.92221, -78.85727), (42.92193, -78.84281), (42.92374, -78.84225), (42.92874, -78.83462), (42.92981, -78.82149), (42.933, -78.81137), (42.93247, -78.76556), (42.93012, -78.75996), (42.93002, -78.74696), (42.92829, -78.74111), (42.93012, -78.73848), (42.93502, -78.71406), (42.93697, -78.71039), (42.93728, -78.69969), (42.94009, -78.68708), (42.94431, -78.67715), (42.96334, -78.67717), (42.96367, -78.68047)]
(42, 23)[(42.91536, -78.86511), (42.91535, -78.86445), (42.93365, -78.84517), (42.94625, -78.8314)]
(42, 24)[(42.91536, -78.86511), (42.91535, -78.86445), (42.92221, -78.85727), (42.92193, -78.84281), (42.92343, -78.84257), (42.92672, -78.83846), (42.92943, -78.83231), (42.92981, -78.82149), (42.93306, -78.81082), (42.93309, -78.79827), (42.93257, -78.7923), (42.93293, -78.77477), (42.93235, -78.76906), (42.92852, -78.7664), (42.92104, -78.76631), (42.88767, -78.76773), (42.88402, -78.7689), (42.88377, -78.75893), (42.87867, -78.76473), (42.87972, -78.76546)]
(42, 25)[(42.91536, -78.86511), (42.92221, -78.85727), (42.92193, -78.84281), (42.92343, -78.84257), (42.92672, -78.83846), (42.92954, -78.83166), (42.92981, -78.82149), (42.93306, -78.81082), (42.93244, -78.76519), (42.93012, -78.75996), (42.93002, -78.74696), (42.92832, -78.74203), (42.92718, -78.74294), (42.92426, -78.74168), (42.90873, -78.72915), (42.90513, -78.72808), (42.90414, -78.72229), (42.90441, -78.71476), (42.90159, -78.70731), (42.90153, -78.68747), (42.89602, -78.68744), (42.89587, -78.68912)]
(42, 26)[(42.91536, -78.86511), (42.91535, -78.86445), (42.93694, -78.84158), (42.94019, -78.84332), (42.94031, -78.84414), (42.96477, -78.84357), (42.97256, -78.85311), (42.98681, -78.85316), (42.99341, -78.85271), (42.9934, -78.85204)]
(42, 27)[(42.91536, -78.86511), (42.91535, -78.86445), (42.92221, -78.85727), (42.92193, -78.84281), (42.92343, -78.84257), (42.92672, -78.83846), (42.92943, -78.83231), (42.92981, -78.82149), (42.93306, -78.81082), (42.93268, -78.78413), (42.94984, -78.78397), (42.95436, -78.77489), (42.95982, -78.77474), (42.9611, -78.77395), (42.96105, -78.77144), (42.96253, -78.77099), (42.96287, -78.77004), (42.9639, -78.77)]
(42, 28)[(42.91536, -78.86511), (42.91535, -78.86445), (42.92221, -78.85727), (42.92193, -78.84281), (42.92374, -78.84225), (42.92721, -78.83772), (42.92874, -78.83462), (42.92974, -78.83005), (42.92981, -78.82149), (42.93296, -78.81167), (42.93309, -78.79827), (42.93257, -78.7923), (42.93293, -78.77477), (42.93247, -78.76556), (42.93186, -78.76412), (42.93034, -78.76432), (42.9304, -78.76553), (42.93152, -78.76618), (42.94216, -78.76626), (42.94566, -78.76586), (42.94765, -78.76333), (42.94869, -78.76283), (42.95102, -78.76333), (42.95295, -78.76538), (42.95449, -78.76607), (42.95582, -78.76601), (42.95935, -78.76419), (42.96611, -78.72469), (42.99109, -78.72473), (42.99108, -78.72242)]
(42, 29)[(42.91536, -78.86511), (42.95737, -78.81898), (42.95976, -78.81316), (42.96304, -78.81387), (42.98746, -78.79152), (42.99579, -78.78604), (42.99686, -78.78372), (42.99706, -78.77723), (42.99823, -78.77491), (43.00344, -78.77215), (43.00836, -78.77354), (43.017, -78.76717), (43.03472, -78.74773), (43.03451, -78.73794), (43.03319, -78.73793), (43.03316, -78.73952)]
(42, 30)[(42.91536, -78.86511), (42.91535, -78.86445), (42.95737, -78.81898), (42.95976, -78.81316), (42.96008, -78.81391), (42.96304, -78.81387), (42.98933, -78.79001), (42.99127, -78.78778), (42.99135, -78.7812), (42.98928, -78.78208)]
(42, 31)[(42.91536, -78.86511), (42.91527, -78.85511), (42.91475, -78.85321), (42.91469, -78.84806), (42.90376, -78.84807), (42.90373, -78.84463), (42.89229, -78.84455), (42.89163, -78.84403), (42.88786, -78.84403), (42.88784, -78.83708), (42.8885, -78.83708)]
(42, 32)[(42.91536, -78.86511), (42.91535, -78.86445), (42.92221, -78.85727), (42.92193, -78.84281), (42.92374, -78.84225), (42.92721, -78.83772), (42.92874, -78.83462), (42.92974, -78.83005), (42.92981, -78.82149), (42.93296, -78.81167), (42.93275, -78.77964), (42.93101, -78.78008), (42.92859, -78.7792), (42.92828, -78.77685), (42.92942, -78.77694)]
(42, 33)[(42.91536, -78.86511), (42.91533, -78.86232), (42.90156, -78.86261), (42.8913, -78.86596), (42.89003, -78.86915), (42.87722, -78.87298), (42.8676, -78.82878), (42.86641, -78.82717), (42.86513, -78.82744), (42.86404, -78.82139), (42.8587, -78.81363), (42.84638, -78.79923), (42.84326, -78.79081), (42.83565, -78.78844), (42.83143, -78.77768), (42.82959, -78.77628), (42.8297, -78.7613), (42.82519, -78.76147)]
(42, 34)[(42.91536, -78.86511), (42.91533, -78.86232), (42.90156, -78.86261), (42.8913, -78.86596), (42.89003, -78.86915), (42.88018, -78.87271), (42.87729, -78.87304), (42.87542, -78.86296), (42.87347, -78.8586), (42.86797, -78.82986), (42.86731, -78.82825), (42.86633, -78.82713), (42.86513, -78.82744), (42.86473, -78.82529), (42.86015, -78.82561), (42.85644, -78.82367), (42.85505, -78.82362), (42.85483, -78.82264), (42.84675, -78.81816), (42.84423, -78.81497), (42.83726, -78.81473)]
(42, 35)[(42.91536, -78.86511), (42.91533, -78.86232), (42.90156, -78.86261), (42.8913, -78.86596), (42.89003, -78.86915), (42.88018, -78.87271), (42.87766, -78.87315), (42.87698, -78.87244), (42.87542, -78.86296), (42.87347, -78.8586), (42.86787, -78.82863), (42.86888, -78.82117), (42.87559, -78.81054), (42.87621, -78.80663), (42.87614, -78.80097), (42.87545, -78.7999), (42.87476, -78.8009), (42.87175, -78.80102), (42.87141, -78.7853), (42.87079, -78.7824), (42.86818, -78.77611), (42.85661, -78.75975), (42.85517, -78.75465), (42.85858, -78.7091), (42.85937, -78.70527)]
(42, 36)[(42.91536, -78.86511), (42.91533, -78.86232), (42.90156, -78.86261), (42.8913, -78.86596), (42.89003, -78.86915), (42.87716, -78.87289), (42.87542, -78.86296), (42.87347, -78.8586), (42.86787, -78.82863), (42.86888, -78.82117), (42.8758, -78.80975), (42.87591, -78.79245), (42.87341, -78.78983), (42.8657, -78.79191), (42.85399, -78.79098), (42.8514, -78.79277), (42.85001, -78.79193), (42.84915, -78.78394), (42.84361, -78.77001), (42.84318, -78.75065), (42.83915, -78.71135), (42.83719, -78.7043), (42.83356, -78.69558), (42.83253, -78.69515), (42.8325, -78.6966), (42.83452, -78.69688), (42.83511, -78.69479), (42.83396, -78.69573), (42.83879, -78.70828)]
(42, 37)[(42.91536, -78.86511), (42.91533, -78.86232), (42.90156, -78.86261), (42.8913, -78.86596), (42.89003, -78.86915), (42.87722, -78.87298), (42.87542, -78.86296), (42.87347, -78.8586), (42.86797, -78.82986), (42.86653, -78.82726), (42.86513, -78.82744), (42.86404, -78.82139), (42.84638, -78.79923), (42.84326, -78.79081), (42.83565, -78.78844), (42.8311, -78.77719), (42.82307, -78.77378), (42.80394, -78.75538), (42.80386, -78.73812), (42.81036, -78.7265), (42.81126, -78.72276)]
(42, 38)[(42.91536, -78.86511), (42.91533, -78.86232), (42.90156, -78.86261), (42.8913, -78.86596), (42.89003, -78.86915), (42.87722, -78.87298), (42.87542, -78.86296), (42.87347, -78.8586), (42.86797, -78.82986), (42.86653, -78.82726), (42.86513, -78.82744), (42.86404, -78.82139), (42.84638, -78.79923), (42.84326, -78.79081), (42.83565, -78.78844), (42.83128, -78.77744), (42.82874, -78.77611), (42.82846, -78.77754)]
(42, 39)[(42.91536, -78.86511), (42.91533, -78.86232), (42.90156, -78.86261), (42.8913, -78.86596), (42.89003, -78.86915), (42.87716, -78.87289), (42.8676, -78.82878), (42.86641, -78.82717), (42.86513, -78.82744), (42.86404, -78.82139), (42.8587, -78.81363), (42.84638, -78.79923), (42.83988, -78.78304), (42.83949, -78.75407), (42.82036, -78.75277), (42.82029, -78.72869), (42.8223, -78.727), (42.82524, -78.72701), (42.82668, -78.72456)]
(42, 40)[(42.91536, -78.86511), (42.91539, -78.86918), (42.88708, -78.87795), (42.88523, -78.88019), (42.87574, -78.87806), (42.87006, -78.87902), (42.85227, -78.86365), (42.82774, -78.85092), (42.82581, -78.8295), (42.82418, -78.83033)]
(43, 0)[(42.92247, -78.75388), (42.93037, -78.75414), (42.93028, -78.75959), (42.93245, -78.76452), (42.93306, -78.77511), (42.93273, -78.79279), (42.9332, -78.79844), (42.93317, -78.81129), (42.93007, -78.82096), (42.92939, -78.83308), (42.92745, -78.8376), (42.92355, -78.84357), (42.92995, -78.85427), (42.93248, -78.85686), (42.93333, -78.85875), (42.93466, -78.87113), (42.93397, -78.87483), (42.93438, -78.87823), (42.93706, -78.88232), (42.93746, -78.88938), (42.93824, -78.88989), (42.93605, -78.89616), (42.9361, -78.89867), (42.93864, -78.89812), (42.94969, -78.90381), (42.95379, -78.89998), (42.95341, -78.89921)]
(43, 1)[(42.92247, -78.75388), (42.93037, -78.75414), (42.93028, -78.75959), (42.93245, -78.76452), (42.93306, -78.77511), (42.93273, -78.79279), (42.9332, -78.79844), (42.93317, -78.81129), (42.93007, -78.82096), (42.92939, -78.83308), (42.92745, -78.8376), (42.92355, -78.84357), (42.92995, -78.85427), (42.93297, -78.85763), (42.93429, -78.86656), (42.93534, -78.86626), (42.93661, -78.86713), (42.93917, -78.86338)]
(43, 2)[(42.92247, -78.75388), (42.92246, -78.75415), (42.92707, -78.75414), (42.93439, -78.71726), (42.93508, -78.71754), (42.94096, -78.71764), (42.94544, -78.72473), (42.95667, -78.72467), (42.95656, -78.71475), (42.95571, -78.71469), (42.9557, -78.71498), (42.95631, -78.71527), (42.95633, -78.71605)]
(43, 3)[(42.92247, -78.75388), (42.92246, -78.75415), (42.93037, -78.75414), (42.93025, -78.75737), (42.93035, -78.76007), (42.93073, -78.76127), (42.93212, -78.76351), (42.93252, -78.76498), (42.93259, -78.76935), (42.93306, -78.77511), (42.93306, -78.77888), (42.93331, -78.78413), (42.94075, -78.78409), (42.94075, -78.78461), (42.94061, -78.78487), (42.94062, -78.78741), (42.93854, -78.78741)]
(43, 4)[(42.92247, -78.75388), (42.96105, -78.75549), (42.96611, -78.72469), (43.01408, -78.72517)]
(43, 5)[(42.92247, -78.75388), (42.92707, -78.75414), (42.93502, -78.71406), (42.93697, -78.71039), (42.9369, -78.7033), (42.93794, -78.69693), (42.9893, -78.69695), (42.98925, -78.67702), (43.00026, -78.67701), (43.00026, -78.67224), (43.00277, -78.67296)]
(43, 6)[(42.92247, -78.75388), (42.92246, -78.75415), (42.93037, -78.75414), (42.93025, -78.75737), (42.93035, -78.76007), (42.93073, -78.76127), (42.93212, -78.76351), (42.93252, -78.76498), (42.93259, -78.76935), (42.93306, -78.77511), (42.93306, -78.77888), (42.93331, -78.78413), (42.93268, -78.78413), (42.93275, -78.77768), (42.93293, -78.77683), (42.93293, -78.77477), (42.93238, -78.76918), (42.93206, -78.76868), (42.93111, -78.76843), (42.93011, -78.76716)]
(43, 7)[(42.92247, -78.75388), (42.93037, -78.75414), (42.93027, -78.75939), (42.93073, -78.76127), (42.93212, -78.76323), (42.93355, -78.76367), (42.93587, -78.76601), (42.94488, -78.76612), (42.9461, -78.76549), (42.94765, -78.76333), (42.9489, -78.76281), (42.95134, -78.76353), (42.95396, -78.76595), (42.96529, -78.76757), (42.96832, -78.76976), (42.97592, -78.77955), (42.97849, -78.7817), (42.97867, -78.78381), (42.97645, -78.78387), (42.9763, -78.78059), (42.97178, -78.77454)]
(43, 8)[(42.92247, -78.75388), (42.93037, -78.75414), (42.93028, -78.75959), (42.93245, -78.76452), (42.93306, -78.77511), (42.93273, -78.79279), (42.9332, -78.79844), (42.93317, -78.81129), (42.93007, -78.82096), (42.92988, -78.82971), (42.92917, -78.8338), (42.92745, -78.8376), (42.92357, -78.84313), (42.92764, -78.8501), (42.92765, -78.8515), (42.92221, -78.85727), (42.9223, -78.86735), (42.92391, -78.86463)]
(43, 9)[(42.92247, -78.75388), (42.92246, -78.75415), (42.93037, -78.75414), (42.93035, -78.76007), (42.93073, -78.76127), (42.93212, -78.76351), (42.93256, -78.76532), (42.93259, -78.76935), (42.93306, -78.77511), (42.93308, -78.78719), (42.93274, -78.79331), (42.9335, -78.799), (42.93806, -78.79903), (42.94232, -78.80336), (42.94889, -78.80343), (42.94913, -78.82133), (42.95145, -78.82559), (42.95256, -78.82434), (42.95226, -78.82385)]
(43, 10)[(42.92247, -78.75388), (42.92246, -78.75415), (42.93037, -78.75414), (42.93025, -78.75737), (42.93035, -78.76007), (42.93073, -78.76127), (42.93212, -78.76351), (42.93252, -78.76498), (42.93259, -78.76935), (42.93306, -78.77511), (42.93306, -78.77888), (42.93331, -78.78413), (42.93621, -78.78413), (42.93616, -78.77474), (42.93648, -78.77474)]
(43, 11)[(42.92247, -78.75388), (42.94849, -78.75438), (42.95904, -78.75482), (42.96105, -78.75549), (42.96395, -78.73803), (42.96877, -78.73941), (42.98656, -78.73951), (42.98656, -78.7376), (42.98519, -78.7376)]
(43, 12)[(42.92247, -78.75388), (42.92246, -78.75415), (42.92707, -78.75414), (42.93415, -78.71797), (42.93509, -78.71376), (42.93559, -78.71264), (42.93658, -78.71135), (42.93686, -78.7116), (42.93721, -78.71162), (42.93755, -78.71134), (42.93806, -78.71036), (42.93925, -78.71032)]
(43, 13)[(42.92247, -78.75388), (42.92246, -78.75415), (42.93037, -78.75414), (42.93035, -78.76007), (42.93073, -78.76127), (42.93212, -78.76351), (42.93256, -78.76532), (42.93259, -78.76935), (42.93306, -78.77511), (42.93308, -78.78719), (42.93274, -78.79331), (42.9335, -78.799), (42.93806, -78.79903), (42.94232, -78.80336), (42.94952, -78.80342), (42.95044, -78.80389), (42.95273, -78.80388), (42.95283, -78.79994)]
(43, 14)[(42.92247, -78.75388), (42.93037, -78.75414), (42.93073, -78.76127), (42.93587, -78.76601), (42.94488, -78.76612), (42.9489, -78.76281), (42.95396, -78.76595), (42.96363, -78.76709), (42.96752, -78.76899), (42.97824, -78.7826), (42.98468, -78.79375), (42.99223, -78.80102), (43.00148, -78.8131), (43.00392, -78.81929), (43.00419, -78.82561), (43.00141, -78.83605), (43.00062, -78.85131), (42.99602, -78.86271), (42.99558, -78.87578), (42.9965, -78.8772), (42.99694, -78.87496), (42.99391, -78.87426), (42.99507, -78.86678)]
(43, 15)[(42.92247, -78.75388), (42.92246, -78.75415), (42.93037, -78.75414), (42.93035, -78.76007), (42.93245, -78.76452), (42.93306, -78.77511), (42.93308, -78.78719), (42.93274, -78.79331), (42.93316, -78.79732), (42.9332, -78.80691), (42.93346, -78.81047), (42.93733, -78.81043), (42.93733, -78.81364), (42.94497, -78.81367), (42.94568, -78.82165), (42.9466, -78.82168), (42.94639, -78.81944)]
(43, 16)[(42.92247, -78.75388), (42.92707, -78.75414), (42.93502, -78.71406), (42.93697, -78.71039), (42.93794, -78.69693), (43.0274, -78.69692), (43.02734, -78.69145), (43.02483, -78.69151), (43.0248, -78.68899)]
(43, 17)[(42.92247, -78.75388), (42.92246, -78.75415), (42.92707, -78.75414), (42.92495, -78.76541), (42.92456, -78.76937), (42.92452, -78.77483), (42.91848, -78.79915), (42.90819, -78.82482), (42.90827, -78.83383), (42.90933, -78.83383), (42.90934, -78.83518)]
(43, 18)[(42.92247, -78.75388), (42.93037, -78.75414), (42.93027, -78.75939), (42.93073, -78.76127), (42.93212, -78.76323), (42.93355, -78.76367), (42.93587, -78.76601), (42.94488, -78.76612), (42.9461, -78.76549), (42.94765, -78.76333), (42.9489, -78.76281), (42.95134, -78.76353), (42.95396, -78.76595), (42.96363, -78.76709), (42.96664, -78.76835), (42.96935, -78.77099), (42.97824, -78.7826), (42.98251, -78.79003), (42.98464, -78.79113), (42.98559, -78.79267), (42.9919, -78.78794), (42.99579, -78.78604), (42.99668, -78.78448), (42.99718, -78.78132), (42.99809, -78.7813), (42.99808, -78.78422), (42.99863, -78.78422), (42.99863, -78.78505)]
(43, 19)[(42.92247, -78.75388), (42.92246, -78.75415), (42.92707, -78.75414), (42.93502, -78.71406), (42.93697, -78.71039), (42.9369, -78.7033), (42.93734, -78.69933), (42.93794, -78.69693), (42.94701, -78.69694), (42.94715, -78.69955), (42.94826, -78.70297), (42.94911, -78.70361), (42.94979, -78.70295), (42.9499, -78.69821), (42.94845, -78.68427)]
(43, 20)[(42.92247, -78.75388), (42.93037, -78.75414), (42.93028, -78.75959), (42.93245, -78.76452), (42.93306, -78.77511), (42.93273, -78.79279), (42.9332, -78.79844), (42.93317, -78.81129), (42.93007, -78.82096), (42.92939, -78.83308), (42.92745, -78.8376), (42.92355, -78.84357), (42.92995, -78.85427), (42.93297, -78.85763), (42.93429, -78.86656), (42.93534, -78.86626), (42.93691, -78.86722), (42.94779, -78.8685), (42.94777, -78.87486), (42.94823, -78.87488)]
(43, 21)[(42.92247, -78.75388), (42.95904, -78.75482), (42.96495, -78.75611), (42.96821, -78.7593), (42.97286, -78.76184), (42.97811, -78.76787), (42.97803, -78.7596), (42.97867, -78.75271), (42.98145, -78.75323)]
(43, 22)[(42.92247, -78.75388), (42.92707, -78.75414), (42.93502, -78.71406), (42.93697, -78.71039), (42.93734, -78.69933), (42.94026, -78.68646), (42.94431, -78.67715), (42.96334, -78.67717), (42.96367, -78.68047)]
(43, 23)[(42.92247, -78.75388), (42.92246, -78.75415), (42.93037, -78.75414), (42.93035, -78.76007), (42.93073, -78.76127), (42.93212, -78.76351), (42.93252, -78.76498), (42.93259, -78.76935), (42.93306, -78.77511), (42.93308, -78.78719), (42.93273, -78.79279), (42.9332, -78.79844), (42.93321, -78.81081), (42.93264, -78.81343), (42.93016, -78.82049), (42.92986, -78.82297), (42.93019, -78.82674), (42.93266, -78.82674), (42.93272, -78.82827), (42.94032, -78.82813), (42.94385, -78.83404), (42.94625, -78.8314)]
(43, 24)[(42.92247, -78.75388), (42.88562, -78.7546), (42.88377, -78.75893), (42.87867, -78.76473), (42.87972, -78.76546)]
(43, 25)[(42.92247, -78.75388), (42.92246, -78.75415), (42.91885, -78.75418), (42.91877, -78.73756), (42.91272, -78.73296), (42.90873, -78.72915), (42.90513, -78.72808), (42.90517, -78.72616), (42.90414, -78.72229), (42.90441, -78.71476), (42.90183, -78.70848), (42.90159, -78.70731), (42.9019, -78.69691), (42.90153, -78.68747), (42.89602, -78.68744), (42.89606, -78.68887), (42.89587, -78.68912)]
(43, 26)[(42.92247, -78.75388), (42.93037, -78.75414), (42.93073, -78.76127), (42.93587, -78.76601), (42.94488, -78.76612), (42.9489, -78.76281), (42.95396, -78.76595), (42.96363, -78.76709), (42.96752, -78.76899), (42.97824, -78.7826), (42.98468, -78.79375), (42.99223, -78.80102), (43.00102, -78.81241), (43.00338, -78.81718), (43.00432, -78.82343), (43.00135, -78.83655), (43.00096, -78.85225), (43.00057, -78.85344), (42.99837, -78.85202), (42.9934, -78.85204)]
(43, 27)[(42.92247, -78.75388), (42.94849, -78.75438), (42.95904, -78.75482), (42.96105, -78.75549), (42.95906, -78.76806), (42.96042, -78.77441), (42.96119, -78.77369), (42.96105, -78.77144), (42.96253, -78.77099), (42.96287, -78.77004), (42.9639, -78.77)]
(43, 28)[(42.92247, -78.75388), (42.94849, -78.75438), (42.95904, -78.75482), (42.96105, -78.75549), (42.96611, -78.72469), (42.99109, -78.72473), (42.99108, -78.72242)]
(43, 29)[(42.92247, -78.75388), (42.93037, -78.75414), (42.93073, -78.76127), (42.93587, -78.76601), (42.94488, -78.76612), (42.9489, -78.76281), (42.95396, -78.76595), (42.96664, -78.76835), (42.97824, -78.7826), (42.98573, -78.7951), (42.99747, -78.80537), (43.00157, -78.80289), (43.01417, -78.80148), (43.01926, -78.79738), (43.02262, -78.79232), (43.02537, -78.78265), (43.02607, -78.76496), (43.02836, -78.76171), (43.0348, -78.75907), (43.03451, -78.73794), (43.03319, -78.73793), (43.03316, -78.73952)]
(43, 30)[(42.92247, -78.75388), (42.93037, -78.75414), (42.93027, -78.75939), (42.93073, -78.76127), (42.93212, -78.76323), (42.93355, -78.76367), (42.93587, -78.76601), (42.94488, -78.76612), (42.9461, -78.76549), (42.94765, -78.76333), (42.9489, -78.76281), (42.95134, -78.76353), (42.95396, -78.76595), (42.96363, -78.76709), (42.96664, -78.76835), (42.96935, -78.77099), (42.97824, -78.7826), (42.98251, -78.79003), (42.98464, -78.79113), (42.98559, -78.79267), (42.98933, -78.79001), (42.99127, -78.78778), (42.99135, -78.7812), (42.98928, -78.78208)]
(43, 31)[(42.92247, -78.75388), (42.92246, -78.75415), (42.90268, -78.75445), (42.90284, -78.7551), (42.90378, -78.75515), (42.90381, -78.75584), (42.89899, -78.79766), (42.89837, -78.80219), (42.89758, -78.80455), (42.89786, -78.80696), (42.89483, -78.8293), (42.88989, -78.83344), (42.88983, -78.83383), (42.88954, -78.83373), (42.88784, -78.83517), (42.88784, -78.83708), (42.8885, -78.83708)]
(43, 32)[(42.92247, -78.75388), (42.92246, -78.75415), (42.92707, -78.75414), (42.92529, -78.76303), (42.92458, -78.76908), (42.92455, -78.77147), (42.92836, -78.7716), (42.92828, -78.77685), (42.92942, -78.77694)]
(43, 33)[(42.92247, -78.75388), (42.8852, -78.7546), (42.87805, -78.75319), (42.85454, -78.75466), (42.83031, -78.75358), (42.8297, -78.7613), (42.82519, -78.76147)]
(43, 34)[(42.92247, -78.75388), (42.90721, -78.75439), (42.90903, -78.76231), (42.90928, -78.76903), (42.91089, -78.76933), (42.91145, -78.76772), (42.91007, -78.76676), (42.88641, -78.76777), (42.8827, -78.76902), (42.87941, -78.7733), (42.87612, -78.78625), (42.87325, -78.78953), (42.8657, -78.79191), (42.85798, -78.79212), (42.85146, -78.79027), (42.84427, -78.79285), (42.82836, -78.79308), (42.82818, -78.80439), (42.832, -78.80562), (42.83207, -78.81504), (42.83726, -78.81473)]
(43, 35)[(42.92247, -78.75388), (42.8852, -78.7546), (42.87805, -78.75319), (42.87031, -78.75414), (42.85517, -78.75465), (42.85858, -78.7091), (42.85937, -78.70527)]
(43, 36)[(42.92247, -78.75388), (42.8852, -78.7546), (42.87805, -78.75319), (42.842, -78.7542), (42.84243, -78.7556), (42.84327, -78.7546), (42.84318, -78.75065), (42.83925, -78.71191), (42.83719, -78.7043), (42.83356, -78.69558), (42.83253, -78.69515), (42.8325, -78.6966), (42.83452, -78.69688), (42.83511, -78.69479), (42.83396, -78.69573), (42.83879, -78.70828)]
(43, 37)[(42.92247, -78.75388), (42.8852, -78.7546), (42.87805, -78.75319), (42.85454, -78.75466), (42.82036, -78.75277), (42.8203, -78.73198), (42.81126, -78.72276)]
(43, 38)[(42.92247, -78.75388), (42.8852, -78.7546), (42.87805, -78.75319), (42.85454, -78.75466), (42.83031, -78.75358), (42.82959, -78.77628), (42.82874, -78.77611), (42.82846, -78.77754)]
(43, 39)[(42.92247, -78.75388), (42.8852, -78.7546), (42.87805, -78.75319), (42.85454, -78.75466), (42.82036, -78.75277), (42.82029, -78.72869), (42.8223, -78.727), (42.82524, -78.72701), (42.82668, -78.72456)]
(43, 40)[(42.92247, -78.75388), (42.90721, -78.75439), (42.90903, -78.76231), (42.90928, -78.76903), (42.91089, -78.76933), (42.91145, -78.76772), (42.91007, -78.76676), (42.88641, -78.76777), (42.8827, -78.76902), (42.87941, -78.7733), (42.87612, -78.78625), (42.87325, -78.78953), (42.8657, -78.79191), (42.85798, -78.79212), (42.85146, -78.79027), (42.84427, -78.79285), (42.82836, -78.79308), (42.82833, -78.81322), (42.82594, -78.82179), (42.82581, -78.8295), (42.82418, -78.83033)]
(44, 0)[(42.97483, -78.85841), (42.98099, -78.8586), (42.98098, -78.88539), (42.96093, -78.88887), (42.96158, -78.894), (42.95996, -78.89425), (42.95379, -78.89998), (42.95341, -78.89921)]
(44, 1)[(42.97483, -78.85841), (42.96375, -78.8583), (42.95936, -78.85845), (42.95788, -78.85887), (42.94812, -78.85904), (42.94123, -78.85564), (42.94048, -78.85863), (42.94048, -78.86177), (42.93917, -78.86338)]
(44, 2)[(42.97483, -78.85841), (42.98079, -78.8586), (42.9807, -78.82283), (42.97843, -78.78222), (42.97811, -78.76787), (42.97286, -78.76184), (42.96821, -78.7593), (42.96561, -78.75638), (42.96105, -78.75549), (42.96611, -78.72469), (42.95667, -78.72467), (42.95656, -78.71475), (42.95571, -78.71469), (42.95633, -78.71605)]
(44, 3)[(42.97483, -78.85841), (42.97439, -78.85839), (42.97438, -78.85602), (42.97256, -78.85311), (42.96872, -78.84868), (42.96291, -78.84104), (42.9614, -78.83862), (42.95831, -78.83214), (42.95805, -78.81935), (42.95766, -78.81852), (42.96451, -78.80069), (42.96342, -78.78399), (42.94537, -78.78408), (42.94493, -78.78436), (42.94075, -78.78409), (42.94062, -78.78741), (42.93854, -78.78741)]
(44, 4)[(42.97483, -78.85841), (42.98079, -78.8586), (42.98071, -78.82304), (42.97937, -78.79902), (42.99127, -78.78778), (42.99109, -78.72473), (43.01408, -78.72517)]
(44, 5)[(42.97483, -78.85841), (42.98079, -78.8586), (42.9807, -78.82283), (42.9782, -78.7767), (42.97818, -78.67704), (43.00026, -78.67701), (43.00026, -78.67224), (43.00277, -78.67296)]
(44, 6)[(42.97483, -78.85841), (42.97439, -78.85839), (42.97425, -78.8558), (42.96291, -78.84104), (42.95818, -78.83188), (42.95568, -78.82963), (42.95486, -78.82779), (42.95281, -78.82947), (42.95145, -78.82559), (42.94913, -78.82133), (42.94889, -78.80343), (42.94232, -78.80336), (42.93806, -78.79903), (42.93279, -78.799), (42.93291, -78.77441), (42.93235, -78.76906), (42.93011, -78.76716)]
(44, 7)[(42.97483, -78.85841), (42.98079, -78.8586), (42.98071, -78.82304), (42.97937, -78.79902), (42.98244, -78.79622), (42.98308, -78.79497), (42.98251, -78.79354), (42.98229, -78.79051), (42.9802, -78.78635), (42.97815, -78.7829), (42.97178, -78.77454)]
(44, 8)[(42.97483, -78.85841), (42.94812, -78.85904), (42.94123, -78.85564), (42.94047, -78.86027), (42.9395, -78.8604), (42.93534, -78.86626), (42.93219, -78.86527), (42.92922, -78.86601), (42.92768, -78.86773), (42.9223, -78.86735), (42.92391, -78.86463)]
(44, 9)[(42.97483, -78.85841), (42.97439, -78.85839), (42.97438, -78.85602), (42.97256, -78.85311), (42.96872, -78.84868), (42.96291, -78.84104), (42.9614, -78.83862), (42.95818, -78.83188), (42.95568, -78.82963), (42.95307, -78.82377), (42.95256, -78.82434), (42.95226, -78.82385)]
(44, 10)[(42.97483, -78.85841), (42.97439, -78.85839), (42.97438, -78.85602), (42.97256, -78.85311), (42.96872, -78.84868), (42.96291, -78.84104), (42.9614, -78.83862), (42.95831, -78.83214), (42.95805, -78.81935), (42.95766, -78.81852), (42.96451, -78.80069), (42.96342, -78.78399), (42.94537, -78.78408), (42.94493, -78.78436), (42.94323, -78.78409), (42.93621, -78.78413), (42.93616, -78.77474), (42.93648, -78.77474)]
(44, 11)[(42.97483, -78.85841), (42.98079, -78.8586), (42.9807, -78.82283), (42.9782, -78.7767), (42.97802, -78.76004), (42.97867, -78.75367), (42.97856, -78.73952), (42.98656, -78.73951), (42.98656, -78.7376), (42.98519, -78.7376)]
(44, 12)[(42.97483, -78.85841), (42.98079, -78.8586), (42.98071, -78.82304), (42.97937, -78.79902), (42.98302, -78.79541), (42.98234, -78.79071), (42.97815, -78.7829), (42.9673, -78.76914), (42.96353, -78.76733), (42.95187, -78.76609), (42.95019, -78.76464), (42.94987, -78.76175), (42.95146, -78.75889), (42.95198, -78.7546), (42.95191, -78.74358), (42.95062, -78.73236), (42.95067, -78.70763), (42.95016, -78.70496), (42.94836, -78.70334), (42.9478, -78.70201), (42.94705, -78.69956), (42.94701, -78.69694), (42.93794, -78.69693), (42.93701, -78.70201), (42.93705, -78.70975), (42.93658, -78.71135), (42.93721, -78.71162), (42.93806, -78.71036), (42.93925, -78.71032)]
(44, 13)[(42.97483, -78.85841), (42.97439, -78.85839), (42.97438, -78.85602), (42.97256, -78.85311), (42.96872, -78.84868), (42.96291, -78.84104), (42.9614, -78.83862), (42.95831, -78.83214), (42.95805, -78.81935), (42.95766, -78.81852), (42.96337, -78.80394), (42.95273, -78.80388), (42.95283, -78.79994)]
(44, 14)[(42.97483, -78.85841), (42.98099, -78.8586), (42.98097, -78.87238), (42.99391, -78.87426), (42.99396, -78.87028), (42.99481, -78.8703), (42.99485, -78.86738), (42.99507, -78.86678)]
(44, 15)[(42.97483, -78.85841), (42.97439, -78.85839), (42.97438, -78.85602), (42.97256, -78.85311), (42.96872, -78.84868), (42.96299, -78.84115), (42.9614, -78.83862), (42.95818, -78.83188), (42.95568, -78.82963), (42.95307, -78.82377), (42.94958, -78.82767), (42.949, -78.8248), (42.94696, -78.82557), (42.94639, -78.81944)]
(44, 16)[(42.97483, -78.85841), (42.98555, -78.85858), (42.9866, -78.85722), (42.98663, -78.85381), (42.98713, -78.8528), (42.99542, -78.85266), (42.9999, -78.85172), (43.00089, -78.84866), (43.00121, -78.83606), (43.00384, -78.82651), (43.00405, -78.82204), (43.00352, -78.81855), (43.00227, -78.81506), (42.99769, -78.80909), (42.99769, -78.80638), (42.99946, -78.80405), (43.00157, -78.80289), (43.00894, -78.8029), (43.01341, -78.80182), (43.01685, -78.79975), (43.01987, -78.79667), (43.02328, -78.79086), (43.02496, -78.78524), (43.02557, -78.78005), (43.02552, -78.76759), (43.02635, -78.76424), (43.02887, -78.76139), (43.0348, -78.75907), (43.0342, -78.70188), (43.03339, -78.69695), (43.0274, -78.69692), (43.02734, -78.69145), (43.02483, -78.69151), (43.0248, -78.68899)]
(44, 17)[(42.97483, -78.85841), (42.97439, -78.85839), (42.97438, -78.85602), (42.97256, -78.85311), (42.96477, -78.84357), (42.95249, -78.84395), (42.95241, -78.83884), (42.9094, -78.83908), (42.90934, -78.83518)]
(44, 18)[(42.97483, -78.85841), (42.98079, -78.8586), (42.98071, -78.82304), (42.97937, -78.79902), (42.98728, -78.79167), (42.9919, -78.78794), (42.99499, -78.78666), (42.99579, -78.78604), (42.99668, -78.78448), (42.99718, -78.78132), (42.99809, -78.7813), (42.99808, -78.78422), (42.99863, -78.78422), (42.99863, -78.78505)]
(44, 19)[(42.97483, -78.85841), (42.98079, -78.8586), (42.98071, -78.82304), (42.97937, -78.79902), (42.98244, -78.79622), (42.98305, -78.79473), (42.98209, -78.78995), (42.97887, -78.78401), (42.96777, -78.76956), (42.96353, -78.76733), (42.95153, -78.766), (42.95003, -78.76421), (42.94996, -78.7614), (42.95122, -78.75948), (42.95186, -78.75683), (42.95193, -78.74428), (42.95062, -78.73236), (42.95061, -78.7056), (42.94845, -78.68427)]
(44, 20)[(42.97483, -78.85841), (42.97439, -78.85839), (42.97443, -78.8659), (42.97206, -78.86606), (42.96525, -78.86866), (42.96282, -78.87004), (42.9546, -78.86916), (42.95444, -78.87288), (42.94778, -78.87288), (42.94777, -78.87486), (42.94823, -78.87488)]
(44, 21)[(42.97483, -78.85841), (42.98079, -78.8586), (42.9807, -78.82283), (42.97843, -78.78222), (42.97802, -78.76004), (42.97867, -78.75271), (42.98145, -78.75323)]
(44, 22)[(42.97483, -78.85841), (42.98079, -78.8586), (42.9807, -78.82283), (42.97811, -78.76787), (42.97286, -78.76184), (42.96561, -78.75638), (42.96105, -78.75549), (42.96632, -78.72323), (42.96505, -78.67722), (42.96334, -78.67717), (42.96367, -78.68047)]
(44, 23)[(42.97483, -78.85841), (42.97439, -78.85839), (42.97438, -78.85602), (42.97256, -78.85311), (42.96477, -78.84357), (42.96438, -78.84384), (42.96119, -78.84394), (42.95443, -78.8439), (42.95433, -78.83819), (42.95363, -78.83601), (42.95315, -78.83554), (42.94748, -78.83567), (42.94681, -78.83296), (42.94598, -78.83169), (42.94625, -78.8314)]
(44, 24)[(42.97483, -78.85841), (42.98079, -78.8586), (42.98071, -78.82304), (42.97937, -78.79902), (42.98308, -78.79497), (42.98209, -78.78995), (42.97887, -78.78401), (42.96815, -78.76992), (42.96353, -78.76733), (42.94772, -78.76587), (42.89289, -78.76746), (42.88402, -78.7689), (42.88377, -78.75893), (42.87867, -78.76473), (42.87972, -78.76546)]
(44, 25)[(42.97483, -78.85841), (42.98079, -78.8586), (42.98071, -78.82304), (42.97937, -78.79902), (42.98305, -78.79473), (42.98209, -78.78995), (42.97887, -78.78401), (42.96777, -78.76956), (42.96425, -78.76751), (42.95187, -78.76609), (42.95019, -78.76464), (42.94987, -78.76175), (42.95146, -78.75889), (42.95198, -78.7546), (42.95062, -78.73236), (42.95067, -78.70763), (42.95016, -78.70496), (42.9478, -78.70201), (42.94701, -78.69694), (42.90383, -78.69691), (42.90383, -78.69143), (42.90153, -78.68747), (42.89602, -78.68744), (42.89587, -78.68912)]
(44, 26)[(42.97483, -78.85841), (42.98555, -78.85858), (42.9863, -78.85799), (42.9866, -78.85722), (42.98663, -78.85381), (42.98681, -78.85316), (42.98713, -78.8528), (42.99341, -78.85271), (42.9934, -78.85204)]
(44, 27)[(42.97483, -78.85841), (42.97439, -78.85839), (42.97438, -78.85602), (42.97256, -78.85311), (42.96291, -78.84104), (42.95831, -78.83214), (42.95805, -78.81935), (42.95766, -78.81852), (42.96451, -78.80069), (42.96342, -78.78399), (42.96042, -78.77441), (42.96119, -78.77369), (42.96105, -78.77144), (42.96253, -78.77099), (42.96287, -78.77004), (42.9639, -78.77)]
(44, 28)[(42.97483, -78.85841), (42.98079, -78.8586), (42.98071, -78.82304), (42.97937, -78.79902), (42.99127, -78.78778), (42.99108, -78.72242)]
(44, 29)[(42.97483, -78.85841), (42.98555, -78.85858), (42.9866, -78.85722), (42.98663, -78.85381), (42.98713, -78.8528), (42.99542, -78.85266), (42.9999, -78.85172), (43.00089, -78.84866), (43.00121, -78.83606), (43.00384, -78.82651), (43.00405, -78.82204), (43.00268, -78.81598), (43.00146, -78.81358), (42.99786, -78.80947), (42.9976, -78.80664), (42.99933, -78.80417), (43.00157, -78.80289), (43.00969, -78.80279), (43.01521, -78.80089), (43.01926, -78.79738), (43.02262, -78.79232), (43.02441, -78.78759), (43.02537, -78.78265), (43.02552, -78.76759), (43.02607, -78.76496), (43.02836, -78.76171), (43.0348, -78.75907), (43.03451, -78.73794), (43.03319, -78.73793), (43.03316, -78.73952)]
(44, 30)[(42.97483, -78.85841), (42.98079, -78.8586), (42.98071, -78.82304), (42.97937, -78.79902), (42.98933, -78.79001), (42.99073, -78.78811), (42.99127, -78.78778), (42.99135, -78.7812), (42.99015, -78.78127), (42.99002, -78.78199), (42.98928, -78.78208)]
(44, 31)[(42.97483, -78.85841), (42.94774, -78.859), (42.94123, -78.85564), (42.94105, -78.85223), (42.93937, -78.85066), (42.93296, -78.8519), (42.93015, -78.85484), (42.92463, -78.84577), (42.92225, -78.8439), (42.90898, -78.84349), (42.90369, -78.84637), (42.90373, -78.84463), (42.88786, -78.84403), (42.88784, -78.83708), (42.8885, -78.83708)]
(44, 32)[(42.97483, -78.85841), (42.97439, -78.85839), (42.97425, -78.8558), (42.96291, -78.84104), (42.95818, -78.83188), (42.95568, -78.82963), (42.95486, -78.82779), (42.95281, -78.82947), (42.95145, -78.82559), (42.94913, -78.82133), (42.94889, -78.80343), (42.94232, -78.80336), (42.93806, -78.79903), (42.93279, -78.799), (42.93275, -78.77964), (42.93101, -78.78008), (42.92859, -78.7792), (42.92828, -78.77685), (42.92942, -78.77694)]
(44, 33)[(42.97483, -78.85841), (42.98079, -78.8586), (42.98071, -78.82304), (42.97937, -78.79902), (42.98308, -78.79497), (42.98209, -78.78995), (42.97887, -78.78401), (42.96641, -78.76853), (42.94772, -78.76587), (42.88558, -78.76785), (42.88225, -78.76937), (42.87978, -78.77253), (42.87627, -78.78589), (42.8737, -78.78929), (42.8657, -78.79191), (42.85362, -78.79102), (42.85103, -78.7928), (42.84994, -78.79169), (42.84906, -78.78363), (42.84399, -78.77182), (42.84334, -78.75891), (42.84186, -78.75419), (42.83031, -78.75358), (42.8297, -78.7613), (42.82519, -78.76147)]
(44, 34)[(42.97483, -78.85841), (42.98099, -78.8586), (42.98062, -78.90222), (42.96586, -78.92247), (42.96162, -78.91984), (42.95444, -78.91056), (42.9436, -78.90807), (42.93357, -78.90289), (42.92888, -78.89887), (42.91394, -78.90161), (42.90386, -78.90129), (42.89907, -78.89855), (42.87963, -78.87838), (42.87347, -78.8586), (42.86731, -78.82825), (42.86513, -78.82744), (42.86473, -78.82529), (42.86015, -78.82561), (42.85505, -78.82362), (42.84675, -78.81816), (42.84423, -78.81497), (42.83726, -78.81473)]
(44, 35)[(42.97483, -78.85841), (42.98079, -78.8586), (42.98071, -78.82304), (42.97937, -78.79902), (42.98308, -78.79497), (42.98209, -78.78995), (42.97711, -78.78146), (42.96815, -78.76992), (42.96353, -78.76733), (42.94772, -78.76587), (42.91945, -78.76633), (42.88767, -78.76773), (42.88402, -78.7689), (42.88376, -78.75859), (42.88474, -78.75453), (42.87805, -78.75319), (42.85517, -78.75465), (42.85937, -78.70527)]
(44, 36)[(42.97483, -78.85841), (42.98079, -78.8586), (42.98071, -78.82304), (42.97937, -78.79902), (42.98308, -78.79497), (42.98209, -78.78995), (42.97887, -78.78401), (42.96872, -78.77053), (42.96353, -78.76733), (42.94772, -78.76587), (42.88558, -78.76785), (42.88225, -78.76937), (42.87978, -78.77253), (42.87627, -78.78589), (42.8737, -78.78929), (42.8657, -78.79191), (42.85383, -78.79099), (42.85067, -78.7927), (42.84906, -78.78363), (42.84361, -78.77001), (42.84318, -78.75065), (42.83915, -78.71135), (42.83719, -78.7043), (42.83356, -78.69558), (42.83253, -78.69515), (42.8325, -78.6966), (42.83452, -78.69688), (42.83511, -78.69479), (42.83396, -78.69573), (42.83879, -78.70828)]
(44, 37)[(42.97483, -78.85841), (42.98079, -78.8586), (42.97937, -78.79902), (42.98308, -78.79497), (42.97887, -78.78401), (42.9673, -78.76914), (42.94772, -78.76587), (42.88558, -78.76785), (42.87978, -78.77253), (42.8737, -78.78929), (42.85085, -78.79277), (42.84399, -78.77182), (42.84186, -78.75419), (42.82036, -78.75277), (42.8203, -78.73198), (42.81126, -78.72276)]
(44, 38)[(42.97483, -78.85841), (42.98079, -78.8586), (42.98071, -78.82304), (42.97937, -78.79902), (42.98308, -78.79497), (42.98209, -78.78995), (42.97887, -78.78401), (42.96641, -78.76853), (42.94772, -78.76587), (42.88558, -78.76785), (42.88225, -78.76937), (42.87978, -78.77253), (42.87638, -78.78556), (42.87484, -78.78826), (42.8657, -78.79191), (42.85383, -78.79099), (42.85067, -78.7927), (42.84915, -78.78394), (42.84799, -78.78243), (42.84625, -78.78232), (42.84122, -78.78565), (42.83641, -78.77497), (42.83227, -78.77516), (42.82968, -78.77354), (42.82959, -78.77628), (42.82874, -78.77611), (42.82846, -78.77754)]
(44, 39)[(42.97483, -78.85841), (42.98079, -78.8586), (42.97937, -78.79902), (42.98308, -78.79497), (42.97887, -78.78401), (42.96777, -78.76956), (42.94772, -78.76587), (42.88558, -78.76785), (42.87978, -78.77253), (42.8737, -78.78929), (42.85085, -78.79277), (42.84399, -78.77182), (42.84186, -78.75419), (42.82036, -78.75277), (42.82029, -78.72869), (42.82668, -78.72456)]
(44, 40)[(42.97483, -78.85841), (42.98099, -78.8586), (42.98062, -78.90222), (42.96586, -78.92247), (42.96162, -78.91984), (42.95444, -78.91056), (42.9436, -78.90807), (42.93357, -78.90289), (42.92888, -78.89887), (42.91394, -78.90161), (42.9041, -78.90133), (42.90037, -78.89947), (42.87942, -78.87927), (42.87574, -78.87806), (42.86946, -78.87875), (42.85227, -78.86365), (42.82774, -78.85092), (42.82581, -78.8295), (42.82418, -78.83033)]
(45, 0)[(43.01874, -78.82288), (43.01874, -78.82223), (43.00472, -78.82273), (43.00426, -78.82601), (43.00141, -78.83605), (43.00094, -78.84986), (42.99993, -78.85333), (42.99686, -78.85942), (42.99602, -78.86271), (42.99558, -78.87578), (42.99596, -78.87711), (42.99669, -78.87706), (42.99702, -78.87516), (42.99632, -78.87463), (42.98097, -78.87238), (42.98098, -78.88539), (42.96093, -78.88887), (42.96158, -78.894), (42.95996, -78.89425), (42.95379, -78.89998), (42.95341, -78.89921)]
(45, 1)[(43.01874, -78.82288), (43.01874, -78.82223), (43.00545, -78.82236), (42.95816, -78.82382), (42.95398, -78.82275), (42.94025, -78.83799), (42.9404, -78.85075), (42.94088, -78.85131), (42.94134, -78.85462), (42.94048, -78.85863), (42.94048, -78.86177), (42.93917, -78.86338)]
(45, 2)[(43.01874, -78.82288), (43.01874, -78.82223), (43.00331, -78.82247), (43.00288, -78.82291), (43.00315, -78.82432), (43.00402, -78.82361), (43.0039, -78.82056), (43.00304, -78.81694), (43.00137, -78.81337), (42.99179, -78.8009), (42.98448, -78.79394), (42.97815, -78.7829), (42.96872, -78.77053), (42.96467, -78.76764), (42.95701, -78.76679), (42.95705, -78.76551), (42.95935, -78.76419), (42.95983, -78.76307), (42.96611, -78.72469), (42.95667, -78.72467), (42.95656, -78.71475), (42.95571, -78.71469), (42.95633, -78.71605)]
(45, 3)[(43.01874, -78.82288), (43.01874, -78.82223), (43.00331, -78.82247), (43.00288, -78.82291), (43.00308, -78.82426), (43.00402, -78.82361), (43.0039, -78.82056), (43.00304, -78.81694), (43.00137, -78.81337), (42.99179, -78.8009), (42.98448, -78.79394), (42.97738, -78.78206), (42.97656, -78.78239), (42.97645, -78.78387), (42.94075, -78.78409), (42.94062, -78.78741), (42.93854, -78.78741)]
(45, 4)[(43.01874, -78.82288), (43.01874, -78.82223), (43.02512, -78.82215), (43.02229, -78.80903), (43.02245, -78.80681), (43.02106, -78.80145), (43.02221, -78.79899), (43.02671, -78.79913), (43.0264, -78.79684), (43.02411, -78.79395), (43.02372, -78.78821), (43.02427, -78.75349), (43.02369, -78.75137), (43.02374, -78.74049), (43.0271, -78.73282), (43.02304, -78.73269), (43.02304, -78.72489), (43.01949, -78.72454), (43.01408, -78.72517)]
(45, 5)[(43.01874, -78.82288), (43.01874, -78.82223), (42.99091, -78.82268), (42.99072, -78.80196), (42.99149, -78.77062), (42.99103, -78.75794), (42.99108, -78.72), (42.98932, -78.70225), (42.98925, -78.67702), (43.00026, -78.67701), (43.00026, -78.67224), (43.00277, -78.67296)]
(45, 6)[(43.01874, -78.82288), (43.00331, -78.82247), (43.00308, -78.82426), (43.00402, -78.82361), (43.00371, -78.81938), (43.00127, -78.81321), (42.99179, -78.8009), (42.98483, -78.79439), (42.97815, -78.7829), (42.96641, -78.76853), (42.9564, -78.76638), (42.93634, -78.76654), (42.93265, -78.76933), (42.93331, -78.78392), (42.93268, -78.78413), (42.93238, -78.76918), (42.93011, -78.76716)]
(45, 7)[(43.01874, -78.82288), (43.01874, -78.82223), (43.00331, -78.82247), (43.00288, -78.82291), (43.00308, -78.82426), (43.00402, -78.82361), (43.0039, -78.82056), (43.00304, -78.81694), (43.00137, -78.81337), (42.99179, -78.8009), (42.98448, -78.79394), (42.9783, -78.78313), (42.97178, -78.77454)]
(45, 8)[(43.01874, -78.82288), (42.95816, -78.82382), (42.95398, -78.82275), (42.92221, -78.85727), (42.9223, -78.86735), (42.92391, -78.86463)]
(45, 9)[(43.01874, -78.82288), (43.01874, -78.82223), (43.00545, -78.82236), (42.95816, -78.82382), (42.95398, -78.82275), (42.95256, -78.82434), (42.95226, -78.82385)]
(45, 10)[(43.01874, -78.82288), (43.00331, -78.82247), (43.00308, -78.82426), (43.00402, -78.82361), (43.0039, -78.82056), (43.00137, -78.81337), (42.99179, -78.8009), (42.98448, -78.79394), (42.97738, -78.78206), (42.97645, -78.78387), (42.93621, -78.78413), (42.93648, -78.77474)]
(45, 11)[(43.01874, -78.82288), (43.01874, -78.82223), (42.99091, -78.82268), (42.99072, -78.80196), (42.99117, -78.79528), (42.99149, -78.77062), (42.99113, -78.76604), (42.99103, -78.75794), (42.99114, -78.73951), (42.98656, -78.73951), (42.98656, -78.7376), (42.98519, -78.7376)]
(45, 12)[(43.01874, -78.82288), (43.00331, -78.82247), (43.00315, -78.82432), (43.00402, -78.82361), (43.0039, -78.82056), (43.00137, -78.81337), (42.99179, -78.8009), (42.98448, -78.79394), (42.97815, -78.7829), (42.96872, -78.77053), (42.96425, -78.76751), (42.95055, -78.76524), (42.94987, -78.76175), (42.95146, -78.75889), (42.95198, -78.7546), (42.95062, -78.73236), (42.95067, -78.70763), (42.95016, -78.70496), (42.9478, -78.70201), (42.94701, -78.69694), (42.93794, -78.69693), (42.93658, -78.71135), (42.93925, -78.71032)]
(45, 13)[(43.01874, -78.82288), (43.01874, -78.82223), (42.97974, -78.82308), (42.97684, -78.81116), (42.97552, -78.80931), (42.96938, -78.80398), (42.95273, -78.80388), (42.95283, -78.79994)]
(45, 14)[(43.01874, -78.82288), (43.01874, -78.82223), (43.00545, -78.82236), (43.00476, -78.82265), (43.00426, -78.82601), (43.00203, -78.83294), (43.00141, -78.83605), (43.00115, -78.83902), (43.00114, -78.8483), (43.00094, -78.84986), (42.99993, -78.85333), (42.99686, -78.85942), (42.99602, -78.86271), (42.99558, -78.87578), (42.99586, -78.87699), (42.9965, -78.8772), (42.99693, -78.87657), (42.99694, -78.87496), (42.99391, -78.87426), (42.99396, -78.87028), (42.99481, -78.8703), (42.99485, -78.86738), (42.99507, -78.86678)]
(45, 15)[(43.01874, -78.82288), (43.01874, -78.82223), (43.00545, -78.82236), (42.95816, -78.82382), (42.95398, -78.82275), (42.94958, -78.82767), (42.949, -78.8248), (42.94696, -78.82557), (42.94639, -78.81944)]
(45, 16)[(43.01874, -78.82288), (43.01874, -78.82223), (43.02429, -78.82216), (43.0243, -78.82169), (43.02243, -78.8117), (43.0212, -78.80821), (43.02037, -78.80794), (43.0199, -78.80688), (43.02052, -78.8035), (43.02007, -78.79899), (43.01738, -78.79899), (43.0174, -78.7968), (43.01791, -78.79607), (43.0203, -78.79571), (43.02129, -78.79468), (43.02441, -78.78759), (43.02544, -78.78202), (43.02552, -78.76759), (43.02635, -78.76424), (43.02887, -78.76139), (43.0348, -78.75907), (43.0342, -78.70188), (43.03339, -78.69695), (43.0274, -78.69692), (43.02734, -78.69145), (43.02483, -78.69151), (43.0248, -78.68899)]
(45, 17)[(43.01874, -78.82288), (42.95816, -78.82382), (42.95398, -78.82275), (42.93908, -78.83926), (42.9094, -78.83908), (42.90934, -78.83518)]
(45, 18)[(43.01874, -78.82288), (43.01874, -78.82223), (43.01243, -78.82228), (43.01242, -78.81706), (43.00996, -78.81681), (43.00696, -78.81543), (43.00497, -78.81302), (43.00458, -78.81148), (43.00461, -78.80476), (43.00429, -78.80265), (43.00429, -78.7988), (43.0, -78.7988), (42.99994, -78.79416), (42.99804, -78.79415), (42.99808, -78.78422), (42.99863, -78.78422), (42.99863, -78.78505)]
(45, 19)[(43.01874, -78.82288), (43.01874, -78.82223), (43.00331, -78.82247), (43.00288, -78.82291), (43.00315, -78.82432), (43.00402, -78.82361), (43.0039, -78.82056), (43.00304, -78.81694), (43.00137, -78.81337), (42.99179, -78.8009), (42.98448, -78.79394), (42.97815, -78.7829), (42.96872, -78.77053), (42.96425, -78.76751), (42.95187, -78.76609), (42.95019, -78.76464), (42.94987, -78.76175), (42.95146, -78.75889), (42.95196, -78.75582), (42.95193, -78.74428), (42.95062, -78.73236), (42.95061, -78.7056), (42.94845, -78.68427)]
(45, 20)[(43.01874, -78.82288), (43.01874, -78.82223), (43.00472, -78.82273), (43.00426, -78.82601), (43.00141, -78.83605), (43.00094, -78.84986), (42.99993, -78.85333), (42.99686, -78.85942), (42.99602, -78.86271), (42.99558, -78.87578), (42.99586, -78.87699), (42.9965, -78.8772), (42.99704, -78.8753), (42.99632, -78.87463), (42.9546, -78.86916), (42.95444, -78.87288), (42.94778, -78.87288), (42.94777, -78.87486), (42.94823, -78.87488)]
(45, 21)[(43.01874, -78.82288), (43.01874, -78.82223), (43.00331, -78.82247), (43.00288, -78.82291), (43.00308, -78.82426), (43.00402, -78.82361), (43.00371, -78.81938), (43.00127, -78.81321), (42.99179, -78.8009), (42.98448, -78.79394), (42.97815, -78.7829), (42.9768, -78.78209), (42.97645, -78.78387), (42.97852, -78.78381), (42.97802, -78.76004), (42.97867, -78.75271), (42.98145, -78.75323)]
(45, 22)[(43.01874, -78.82288), (43.01874, -78.82223), (43.00331, -78.82247), (43.00288, -78.82291), (43.00308, -78.82426), (43.00402, -78.82361), (43.0039, -78.82056), (43.00304, -78.81694), (43.00137, -78.81337), (42.99179, -78.8009), (42.98448, -78.79394), (42.97815, -78.7829), (42.96872, -78.77053), (42.9648, -78.76768), (42.95691, -78.76661), (42.95705, -78.76551), (42.95935, -78.76419), (42.95983, -78.76307), (42.96632, -78.72323), (42.96509, -78.69167), (42.96505, -78.67722), (42.96334, -78.67717), (42.96367, -78.68047)]
(45, 23)[(43.01874, -78.82288), (43.01874, -78.82223), (43.00545, -78.82236), (42.95816, -78.82382), (42.95398, -78.82275), (42.94625, -78.8314)]
(45, 24)[(43.01874, -78.82288), (43.00331, -78.82247), (43.00308, -78.82426), (43.00402, -78.82361), (43.00371, -78.81938), (43.00112, -78.81299), (42.99179, -78.8009), (42.98448, -78.79394), (42.97815, -78.7829), (42.96872, -78.77053), (42.9648, -78.76768), (42.94772, -78.76587), (42.89289, -78.76746), (42.88402, -78.7689), (42.88377, -78.75893), (42.87867, -78.76473), (42.87972, -78.76546)]
(45, 25)[(43.01874, -78.82288), (43.00331, -78.82247), (43.00315, -78.82432), (43.00402, -78.82361), (43.0039, -78.82056), (43.00137, -78.81337), (42.99179, -78.8009), (42.98448, -78.79394), (42.97815, -78.7829), (42.96872, -78.77053), (42.96425, -78.76751), (42.95037, -78.76498), (42.94987, -78.76175), (42.95146, -78.75889), (42.95198, -78.7546), (42.95062, -78.73236), (42.95067, -78.70763), (42.95016, -78.70496), (42.9478, -78.70201), (42.94701, -78.69694), (42.90383, -78.69691), (42.90383, -78.69143), (42.90153, -78.68747), (42.89602, -78.68744), (42.89587, -78.68912)]
(45, 26)[(43.01874, -78.82288), (43.01874, -78.82223), (43.0048, -78.82258), (43.00426, -78.82601), (43.00203, -78.83294), (43.00141, -78.83605), (43.00115, -78.83902), (43.00105, -78.85117), (43.00064, -78.85326), (42.99837, -78.85202), (42.99555, -78.85264), (42.99341, -78.85271), (42.9934, -78.85204)]
(45, 27)[(43.01874, -78.82288), (43.01874, -78.82223), (43.00331, -78.82247), (43.00288, -78.82291), (43.00308, -78.82426), (43.00402, -78.82361), (43.0039, -78.82056), (43.00304, -78.81694), (43.00137, -78.81337), (42.99179, -78.8009), (42.98448, -78.79394), (42.97815, -78.7829), (42.96872, -78.77053), (42.96425, -78.76751), (42.96316, -78.76768), (42.96178, -78.76894), (42.9595, -78.76867), (42.95922, -78.76942), (42.96042, -78.77441), (42.96119, -78.77369), (42.96105, -78.77144), (42.96253, -78.77099), (42.96287, -78.77004), (42.9639, -78.77)]
(45, 28)[(43.01874, -78.82288), (43.01874, -78.82223), (42.99091, -78.82268), (42.99072, -78.80196), (42.99149, -78.77062), (42.99103, -78.75794), (42.99108, -78.72242)]
(45, 29)[(43.01874, -78.82288), (43.01874, -78.82223), (43.02429, -78.82216), (43.0243, -78.82169), (43.02407, -78.81959), (43.02243, -78.8117), (43.0212, -78.80821), (43.02037, -78.80794), (43.0199, -78.80688), (43.02052, -78.8035), (43.02, -78.80143), (43.02007, -78.79899), (43.01738, -78.79899), (43.0174, -78.7968), (43.01791, -78.79607), (43.0203, -78.79571), (43.02129, -78.79468), (43.02328, -78.79086), (43.02441, -78.78759), (43.02544, -78.78202), (43.02567, -78.77536), (43.02552, -78.76759), (43.02635, -78.76424), (43.02728, -78.76272), (43.02887, -78.76139), (43.0348, -78.75907), (43.03451, -78.73794), (43.03319, -78.73793), (43.03316, -78.73952)]
(45, 30)[(43.01874, -78.82288), (43.01874, -78.82223), (42.99091, -78.82268), (42.99072, -78.80196), (42.99117, -78.79528), (42.99135, -78.7812), (42.99015, -78.78127), (42.99002, -78.78199), (42.98928, -78.78208)]
(45, 31)[(43.01874, -78.82288), (42.95816, -78.82382), (42.95398, -78.82275), (42.93908, -78.83926), (42.88785, -78.83924), (42.8885, -78.83708)]
(45, 32)[(43.01874, -78.82288), (43.00331, -78.82247), (43.00308, -78.82426), (43.00402, -78.82361), (43.00371, -78.81938), (43.00112, -78.81299), (42.99179, -78.8009), (42.98448, -78.79394), (42.97815, -78.7829), (42.96872, -78.77053), (42.9648, -78.76768), (42.94772, -78.76587), (42.93651, -78.76649), (42.93265, -78.76933), (42.93331, -78.78413), (42.93275, -78.77964), (42.92834, -78.77891), (42.92828, -78.77685), (42.92942, -78.77694)]
(45, 33)[(43.01874, -78.82288), (43.00331, -78.82247), (43.00308, -78.82426), (43.00371, -78.81938), (43.00112, -78.81299), (42.96467, -78.76764), (42.94772, -78.76587), (42.88558, -78.76785), (42.87978, -78.77253), (42.8737, -78.78929), (42.85103, -78.7928), (42.84399, -78.77182), (42.84186, -78.75419), (42.83031, -78.75358), (42.8297, -78.7613), (42.82519, -78.76147)]
(45, 34)[(43.01874, -78.82288), (43.00331, -78.82247), (43.00315, -78.82432), (43.0039, -78.82056), (43.00137, -78.81337), (42.98448, -78.79394), (42.96815, -78.76992), (42.94772, -78.76587), (42.88558, -78.76785), (42.87978, -78.77253), (42.87627, -78.78589), (42.87325, -78.78953), (42.8657, -78.79191), (42.85146, -78.79027), (42.82836, -78.79308), (42.82818, -78.80439), (42.832, -78.80562), (42.83207, -78.81504), (42.83726, -78.81473)]
(45, 35)[(43.01874, -78.82288), (43.00331, -78.82247), (43.00308, -78.82426), (43.00371, -78.81938), (43.00112, -78.81299), (42.9648, -78.76768), (42.94772, -78.76587), (42.88402, -78.7689), (42.88474, -78.75453), (42.85517, -78.75465), (42.85937, -78.70527)]
(45, 36)[(43.01874, -78.82288), (43.00331, -78.82247), (43.00308, -78.82426), (43.00371, -78.81938), (43.00112, -78.81299), (42.98448, -78.79394), (42.96872, -78.77053), (42.96353, -78.76733), (42.88558, -78.76785), (42.87978, -78.77253), (42.8737, -78.78929), (42.85052, -78.79261), (42.84361, -78.77001), (42.83915, -78.71135), (42.83253, -78.69515), (42.83452, -78.69688), (42.83511, -78.69479), (42.83396, -78.69573), (42.83879, -78.70828)]
(45, 37)[(43.01874, -78.82288), (43.00331, -78.82247), (43.00308, -78.82426), (43.00371, -78.81938), (43.00112, -78.81299), (42.98448, -78.79394), (42.96872, -78.77053), (42.96353, -78.76733), (42.88558, -78.76785), (42.87978, -78.77253), (42.8737, -78.78929), (42.85067, -78.7927), (42.84399, -78.77182), (42.84186, -78.75419), (42.82036, -78.75277), (42.8203, -78.73198), (42.81126, -78.72276)]
(45, 38)[(43.01874, -78.82288), (43.00331, -78.82247), (43.00308, -78.82426), (43.00371, -78.81938), (43.00112, -78.81299), (42.98448, -78.79394), (42.96872, -78.77053), (42.96353, -78.76733), (42.88488, -78.76801), (42.87978, -78.77253), (42.87484, -78.78826), (42.8657, -78.79191), (42.85067, -78.7927), (42.84799, -78.78243), (42.84122, -78.78565), (42.83641, -78.77497), (42.82968, -78.77354), (42.82846, -78.77754)]
(45, 39)[(43.01874, -78.82288), (43.00331, -78.82247), (43.00308, -78.82426), (43.00371, -78.81938), (43.00112, -78.81299), (42.98448, -78.79394), (42.96872, -78.77053), (42.96353, -78.76733), (42.88558, -78.76785), (42.87978, -78.77253), (42.8737, -78.78929), (42.85067, -78.7927), (42.84399, -78.77182), (42.84186, -78.75419), (42.82036, -78.75277), (42.82029, -78.72869), (42.82668, -78.72456)]
(45, 40)[(43.01874, -78.82288), (43.00331, -78.82247), (43.00308, -78.82426), (43.00371, -78.81938), (43.00127, -78.81321), (42.96641, -78.76853), (42.94772, -78.76587), (42.91683, -78.7664), (42.88377, -78.7684), (42.87941, -78.7733), (42.87509, -78.78795), (42.86639, -78.79179), (42.85071, -78.79029), (42.84427, -78.79285), (42.82836, -78.79308), (42.82833, -78.81322), (42.82581, -78.8295), (42.82418, -78.83033)]
