(41, 0)[(43.22681, -78.48146), (43.22685, -78.48967), (43.20546, -78.49064), (43.20592, -78.51538), (43.19391, -78.57859), (43.19531, -78.5946), (43.18116, -78.64305), (43.18135, -78.65847), (43.16765, -78.69683), (43.08154, -78.69814), (43.04785, -78.73344), (43.04719, -78.74784), (43.04352, -78.75612), (43.02715, -78.76361), (43.02525, -78.78555), (43.02073, -78.79629), (43.01379, -78.8023), (42.99932, -78.80649), (43.00432, -78.82343), (43.00141, -78.83605), (43.00094, -78.84986), (42.99602, -78.86271), (42.99683, -78.87688), (42.99632, -78.87463), (42.98097, -78.87238), (42.98098, -78.88539), (42.96092, -78.88884), (42.96158, -78.894), (42.95341, -78.89921)]
(41, 1)[(43.22681, -78.48146), (43.22685, -78.48967), (43.20546, -78.49064), (43.20592, -78.51538), (43.19391, -78.57859), (43.19531, -78.5946), (43.18116, -78.64305), (43.18135, -78.65847), (43.16796, -78.69548), (43.16562, -78.72124), (43.15754, -78.73412), (43.14472, -78.77598), (43.1436, -78.84072), (43.13834, -78.83862), (43.06087, -78.83545), (43.03883, -78.86373), (43.03778, -78.86866), (43.04277, -78.87178)]
(41, 2)[(43.22681, -78.48146), (43.22685, -78.48967), (43.20546, -78.49064), (43.20592, -78.51538), (43.19391, -78.57859), (43.19531, -78.5946), (43.18116, -78.64305), (43.18135, -78.65847), (43.16796, -78.69548), (43.16562, -78.72124), (43.15754, -78.73412), (43.14472, -78.77598), (43.1436, -78.84072), (43.13834, -78.83862), (43.06087, -78.83545), (43.03883, -78.86373), (43.03778, -78.86866), (43.04168, -78.86896)]
(41, 3)[(43.22681, -78.48146), (43.22685, -78.48967), (43.20546, -78.49064), (43.20592, -78.51538), (43.19391, -78.57859), (43.19531, -78.5946), (43.18116, -78.64305), (43.18135, -78.65847), (43.16765, -78.69683), (43.08354, -78.69691), (43.05275, -78.72819), (43.04785, -78.73344), (43.04719, -78.74784), (43.04435, -78.75507), (43.02661, -78.76456), (43.02525, -78.78555), (43.02073, -78.79629), (43.01379, -78.8023), (43.0021, -78.80396), (42.99915, -78.80689), (43.00419, -78.82101), (43.00064, -78.85326), (43.00632, -78.86064), (43.00484, -78.86994)]
(41, 4)[(43.22681, -78.48146), (43.22685, -78.48967), (43.20546, -78.49064), (43.20592, -78.51538), (43.19391, -78.57859), (43.19531, -78.5946), (43.18116, -78.64305), (43.18135, -78.65847), (43.16765, -78.69683), (43.08154, -78.69814), (43.04785, -78.73344), (43.04719, -78.74784), (43.04352, -78.75612), (43.02715, -78.76361), (43.02525, -78.78555), (43.02073, -78.79629), (43.01379, -78.8023), (42.99932, -78.80649), (43.00432, -78.82343), (43.00141, -78.83605), (43.00094, -78.84986), (42.99602, -78.86271), (42.99683, -78.87688), (42.99632, -78.87463), (42.98097, -78.87238), (42.98101, -78.87865), (42.97194, -78.87806)]
(41, 5)[(43.22681, -78.48146), (43.22685, -78.48967), (43.20546, -78.49064), (43.20592, -78.51538), (43.19391, -78.57859), (43.19531, -78.5946), (43.18116, -78.64305), (43.18135, -78.65847), (43.16765, -78.69683), (43.08222, -78.69753), (43.04785, -78.73344), (43.04719, -78.74784), (43.04352, -78.75612), (43.02715, -78.76361), (43.02525, -78.78555), (43.02073, -78.79629), (43.01379, -78.8023), (42.99932, -78.80649), (43.00432, -78.82343), (43.00141, -78.83605), (43.00094, -78.84986), (42.99602, -78.86271), (42.99683, -78.87688), (42.99632, -78.87463), (42.97411, -78.87146), (42.97412, -78.86754)]
(41, 6)[(43.22681, -78.48146), (43.22685, -78.48967), (43.20546, -78.49064), (43.20592, -78.51538), (43.19391, -78.57859), (43.19531, -78.5946), (43.18116, -78.64305), (43.18135, -78.65847), (43.16765, -78.69683), (43.08222, -78.69753), (43.04785, -78.73344), (43.04719, -78.74784), (43.04352, -78.75612), (43.02715, -78.76361), (43.02525, -78.78555), (43.02073, -78.79629), (43.01379, -78.8023), (42.99932, -78.80649), (43.00432, -78.82343), (43.00141, -78.83605), (43.00094, -78.84986), (42.99602, -78.86271), (42.99683, -78.87688), (42.99632, -78.87463), (42.96606, -78.87043), (42.96595, -78.86842)]
(41, 7)[(43.22681, -78.48146), (43.22685, -78.48967), (43.20546, -78.49064), (43.20592, -78.51538), (43.19391, -78.57859), (43.19531, -78.5946), (43.18116, -78.64305), (43.18135, -78.65847), (43.16765, -78.69683), (43.08222, -78.69753), (43.04785, -78.73344), (43.04719, -78.74784), (43.04352, -78.75612), (43.02715, -78.76361), (43.02525, -78.78555), (43.02073, -78.79629), (43.01379, -78.8023), (42.99938, -78.80637), (43.00432, -78.82285), (43.00136, -78.83642), (43.00057, -78.85344), (42.98098, -78.85283), (42.98099, -78.85827)]
(41, 8)[(43.22681, -78.48146), (43.22685, -78.48967), (43.20546, -78.49064), (43.20592, -78.51538), (43.19391, -78.57859), (43.19531, -78.5946), (43.18116, -78.64305), (43.18135, -78.65847), (43.16765, -78.69683), (43.08237, -78.69741), (43.04785, -78.73344), (43.04719, -78.74784), (43.04352, -78.75612), (43.02715, -78.76361), (43.02525, -78.78555), (43.02073, -78.79629), (43.01379, -78.8023), (42.99938, -78.80637), (43.00432, -78.82285), (43.00136, -78.83642), (43.00057, -78.85344), (42.97883, -78.85449)]
(41, 9)[(43.22681, -78.48146), (43.22685, -78.48967), (43.20546, -78.49064), (43.20592, -78.51538), (43.19391, -78.57859), (43.19531, -78.5946), (43.18116, -78.64305), (43.18135, -78.65847), (43.16765, -78.69683), (43.08237, -78.69741), (43.04785, -78.73344), (43.04719, -78.74784), (43.04352, -78.75612), (43.02715, -78.76361), (43.02525, -78.78555), (43.02073, -78.79629), (43.01379, -78.8023), (42.99938, -78.80637), (43.00432, -78.82285), (43.00136, -78.83642), (43.00057, -78.85344), (42.98189, -78.85284), (42.98133, -78.85058)]
(41, 10)[(43.22681, -78.48146), (43.22685, -78.48967), (43.20546, -78.49064), (43.20592, -78.51538), (43.19391, -78.57859), (43.19531, -78.5946), (43.18116, -78.64305), (43.18135, -78.65847), (43.16765, -78.69683), (43.08222, -78.69753), (43.04785, -78.73344), (43.04719, -78.74784), (43.04352, -78.75612), (43.02715, -78.76361), (43.02525, -78.78555), (43.02073, -78.79629), (43.01379, -78.8023), (42.99932, -78.80649), (43.00432, -78.82343), (43.00141, -78.83605), (43.00094, -78.84986), (42.99602, -78.86271), (42.99683, -78.87688), (42.99632, -78.87463), (42.96529, -78.87036), (42.96475, -78.86788)]
(41, 11)[(43.22681, -78.48146), (43.22685, -78.48967), (43.20546, -78.49064), (43.20592, -78.51538), (43.19391, -78.57859), (43.19531, -78.5946), (43.18116, -78.64305), (43.18135, -78.65847), (43.16765, -78.69683), (43.08237, -78.69741), (43.04785, -78.73344), (43.04719, -78.74784), (43.04352, -78.75612), (43.02715, -78.76361), (43.02525, -78.78555), (43.02073, -78.79629), (43.01379, -78.8023), (42.99938, -78.80637), (43.00432, -78.82285), (43.00136, -78.83642), (43.00057, -78.85344), (42.98727, -78.85276), (42.98555, -78.85858), (42.96471, -78.85829), (42.9644, -78.86156)]
(41, 12)[(43.22681, -78.48146), (43.22685, -78.48967), (43.20546, -78.49064), (43.20592, -78.51538), (43.19391, -78.57859), (43.19531, -78.5946), (43.18116, -78.64305), (43.18135, -78.65847), (43.16765, -78.69683), (43.08237, -78.69741), (43.04785, -78.73344), (43.04719, -78.74784), (43.04352, -78.75612), (43.02715, -78.76361), (43.02525, -78.78555), (43.02073, -78.79629), (43.01379, -78.8023), (42.99938, -78.80637), (43.00432, -78.82285), (43.00136, -78.83642), (43.00057, -78.85344), (42.98727, -78.85276), (42.98555, -78.85858), (42.96563, -78.85964)]
(41, 13)[(43.22681, -78.48146), (43.22685, -78.48967), (43.20546, -78.49064), (43.20592, -78.51538), (43.19391, -78.57859), (43.19531, -78.5946), (43.18116, -78.64305), (43.18135, -78.65847), (43.16765, -78.69683), (43.0826, -78.69726), (43.04785, -78.73344), (43.04352, -78.75612), (43.02715, -78.76361), (43.02073, -78.79629), (42.99757, -78.80747), (42.96641, -78.76853), (42.93301, -78.76867), (42.93321, -78.81081), (42.92939, -78.83308), (42.92294, -78.84319), (42.90381, -78.84631), (42.90686, -78.88161)]
(41, 14)[(43.22681, -78.48146), (43.22685, -78.48967), (43.20546, -78.49064), (43.20592, -78.51538), (43.19391, -78.57859), (43.19531, -78.5946), (43.18116, -78.64305), (43.18135, -78.65847), (43.16765, -78.69683), (43.0826, -78.69726), (43.04785, -78.73344), (43.04719, -78.74784), (43.04352, -78.75612), (43.02715, -78.76361), (43.02525, -78.78555), (43.02073, -78.79629), (43.01379, -78.8023), (43.0021, -78.80396), (42.99757, -78.80747), (42.98483, -78.79439), (42.96641, -78.76853), (42.94772, -78.76587), (42.93301, -78.76867), (42.93321, -78.81081), (42.93007, -78.82096), (42.92939, -78.83308), (42.92324, -78.843), (42.91379, -78.84368), (42.91395, -78.865), (42.91125, -78.86591), (42.90946, -78.87445)]
(41, 15)[(43.22681, -78.48146), (43.22685, -78.48967), (43.20546, -78.49064), (43.20592, -78.51538), (43.19391, -78.57859), (43.19531, -78.5946), (43.18116, -78.64305), (43.18135, -78.65847), (43.16765, -78.69683), (43.0826, -78.69726), (43.04785, -78.73344), (43.04352, -78.75612), (43.02715, -78.76361), (43.02073, -78.79629), (42.99757, -78.80747), (42.96641, -78.76853), (42.93616, -78.76663), (42.93263, -78.76948), (42.93321, -78.81081), (42.92853, -78.83549), (42.92278, -78.84327), (42.90158, -78.84732), (42.8942, -78.86502), (42.89076, -78.86466)]
(41, 16)[(43.22681, -78.48146), (43.22685, -78.48967), (43.20546, -78.49064), (43.20592, -78.51538), (43.19391, -78.57859), (43.19531, -78.5946), (43.18116, -78.64305), (43.18135, -78.65847), (43.16765, -78.69683), (43.0826, -78.69726), (43.04785, -78.73344), (43.04352, -78.75612), (43.02715, -78.76361), (43.02073, -78.79629), (42.99757, -78.80747), (42.96641, -78.76853), (42.93616, -78.76663), (42.93263, -78.76948), (42.93321, -78.81081), (42.92811, -78.83637), (42.92278, -78.84327), (42.90226, -78.84682), (42.8942, -78.86502), (42.88765, -78.86375)]
(41, 17)[(43.22681, -78.48146), (43.22685, -78.48967), (43.20546, -78.49064), (43.20592, -78.51538), (43.19391, -78.57859), (43.19531, -78.5946), (43.18116, -78.64305), (43.18135, -78.65847), (43.16765, -78.69683), (43.0826, -78.69726), (43.04785, -78.73344), (43.04352, -78.75612), (43.02715, -78.76361), (43.02073, -78.79629), (42.99743, -78.80751), (42.9648, -78.76768), (42.88377, -78.7684), (42.8783, -78.77722), (42.87206, -78.81998), (42.85347, -78.8315)]
(41, 18)[(43.22681, -78.48146), (43.22685, -78.48967), (43.20546, -78.49064), (43.20592, -78.51538), (43.19391, -78.57859), (43.19531, -78.5946), (43.18116, -78.64305), (43.18135, -78.65847), (43.16765, -78.69683), (43.08237, -78.69741), (43.04785, -78.73344), (43.04352, -78.75612), (43.02715, -78.76361), (43.02398, -78.79004), (43.01296, -78.80267), (42.99605, -78.80722), (42.96425, -78.76751), (42.88558, -78.76785), (42.87878, -78.77523), (42.87206, -78.81998), (42.86345, -78.82581), (42.85213, -78.82333)]
(41, 19)[(43.22681, -78.48146), (43.22685, -78.48967), (43.20546, -78.49064), (43.20592, -78.51538), (43.19391, -78.57859), (43.19531, -78.5946), (43.18116, -78.64305), (43.18135, -78.65847), (43.16765, -78.69683), (43.08237, -78.69741), (43.04785, -78.73344), (43.04719, -78.74784), (43.04352, -78.75612), (43.02715, -78.76361), (43.02525, -78.78555), (43.01805, -78.79979), (43.01929, -78.80072), (43.01942, -78.799), (43.00429, -78.7988), (43.00463, -78.81194), (43.00687, -78.8127)]
(41, 20)[(43.22681, -78.48146), (43.22685, -78.48967), (43.20546, -78.49064), (43.20592, -78.51538), (43.19391, -78.57859), (43.19531, -78.5946), (43.18116, -78.64305), (43.18135, -78.65847), (43.16765, -78.69683), (43.08237, -78.69741), (43.04785, -78.73344), (43.04719, -78.74784), (43.04352, -78.75612), (43.02715, -78.76361), (43.02545, -78.78446), (43.01956, -78.79847), (43.01989, -78.8067), (43.01196, -78.80597), (43.01196, -78.812), (43.00958, -78.80942)]
(41, 21)[(43.22681, -78.48146), (43.22685, -78.48967), (43.20546, -78.49064), (43.20592, -78.51538), (43.19391, -78.57859), (43.19531, -78.5946), (43.18116, -78.64305), (43.18135, -78.65847), (43.16765, -78.69683), (43.0826, -78.69726), (43.04785, -78.73344), (43.04719, -78.74784), (43.04352, -78.75612), (43.02689, -78.76402), (43.02525, -78.78555), (43.01805, -78.79979), (43.01922, -78.80083), (43.01942, -78.799), (43.00429, -78.7988), (43.00461, -78.80476), (43.00279, -78.80591)]
(41, 22)[(43.22681, -78.48146), (43.22685, -78.48967), (43.20546, -78.49064), (43.20592, -78.51538), (43.19391, -78.57859), (43.19531, -78.5946), (43.18116, -78.64305), (43.18135, -78.65847), (43.16765, -78.69683), (43.0826, -78.69726), (43.0168, -78.76737), (43.00836, -78.77354), (43.00343, -78.7724), (42.9989, -78.77516), (42.99603, -78.78623), (42.96576, -78.80977)]
(41, 23)[(43.22681, -78.48146), (43.22685, -78.48967), (43.20546, -78.49064), (43.20592, -78.51538), (43.19391, -78.57859), (43.19531, -78.5946), (43.18116, -78.64305), (43.18135, -78.65847), (43.16765, -78.69683), (43.0826, -78.69726), (43.0168, -78.76737), (43.00836, -78.77354), (43.00343, -78.7724), (42.9989, -78.77516), (42.99603, -78.78623), (42.97178, -78.80609), (42.96957, -78.80414)]
(41, 24)[(43.22681, -78.48146), (43.22685, -78.48967), (43.20546, -78.49064), (43.20592, -78.51538), (43.19391, -78.57859), (43.19531, -78.5946), (43.18116, -78.64305), (43.18135, -78.65847), (43.16765, -78.69683), (43.0826, -78.69726), (43.0168, -78.76737), (43.00836, -78.77354), (43.00343, -78.7724), (42.99865, -78.77538), (42.99585, -78.78642), (42.96304, -78.81387), (42.94344, -78.81366), (42.94353, -78.81611)]
(41, 25)[(43.22681, -78.48146), (43.22685, -78.48967), (43.20546, -78.49064), (43.20592, -78.51538), (43.19391, -78.57859), (43.19531, -78.5946), (43.18116, -78.64305), (43.18135, -78.65847), (43.16765, -78.69683), (43.08281, -78.69715), (43.0168, -78.76737), (43.00836, -78.77354), (43.00343, -78.7724), (42.99865, -78.77538), (42.99585, -78.78642), (42.97178, -78.80609), (42.96915, -78.80392), (42.95273, -78.80388), (42.95173, -78.8084)]
(41, 26)[(43.22681, -78.48146), (43.22685, -78.48967), (43.20546, -78.49064), (43.20592, -78.51538), (43.19391, -78.57859), (43.19531, -78.5946), (43.18116, -78.64305), (43.18135, -78.65847), (43.16765, -78.69683), (43.08281, -78.69715), (43.0168, -78.76737), (43.00836, -78.77354), (43.00343, -78.7724), (42.9989, -78.77516), (42.99603, -78.78623), (42.97178, -78.80609), (42.96915, -78.80392), (42.95273, -78.80388), (42.9521, -78.79726)]
(41, 27)[(43.22681, -78.48146), (43.22685, -78.48967), (43.20546, -78.49064), (43.20592, -78.51538), (43.19391, -78.57859), (43.19531, -78.5946), (43.18116, -78.64305), (43.18135, -78.65847), (43.16765, -78.69683), (43.08281, -78.69715), (43.0168, -78.76737), (43.00836, -78.77354), (43.00343, -78.7724), (42.9989, -78.77516), (42.99603, -78.78623), (42.97178, -78.80609), (42.96915, -78.80392), (42.94889, -78.80343), (42.94882, -78.79488)]
(41, 28)[(43.22681, -78.48146), (43.22685, -78.48967), (43.20546, -78.49064), (43.20592, -78.51538), (43.19391, -78.57859), (43.19531, -78.5946), (43.18116, -78.64305), (43.18135, -78.65847), (43.16765, -78.69683), (43.08281, -78.69715), (43.04785, -78.73344), (43.04719, -78.74784), (43.04352, -78.75612), (43.02715, -78.76361), (43.0246, -78.78811), (43.02073, -78.79629), (43.01532, -78.80149), (42.99636, -78.80741), (42.9673, -78.76914), (42.95816, -78.76651), (42.93679, -78.76644), (42.93263, -78.76948), (42.9335, -78.799), (42.92279, -78.79877), (42.92271, -78.8072)]
(41, 29)[(43.22681, -78.48146), (43.22685, -78.48967), (43.20546, -78.49064), (43.20592, -78.51538), (43.19391, -78.57859), (43.19531, -78.5946), (43.18116, -78.64305), (43.18135, -78.65847), (43.16765, -78.69683), (42.93794, -78.69693), (42.93697, -78.71039), (42.91848, -78.79915), (42.91907, -78.80497), (42.92065, -78.80495)]
(41, 30)[(43.22681, -78.48146), (43.22685, -78.48967), (43.20546, -78.49064), (43.20592, -78.51538), (43.19391, -78.57859), (43.19531, -78.5946), (43.18116, -78.64305), (43.18135, -78.65847), (43.16765, -78.69683), (43.0826, -78.69726), (43.04785, -78.73344), (43.04352, -78.75612), (43.02715, -78.76361), (43.02073, -78.79629), (42.99743, -78.80751), (42.9648, -78.76768), (42.88402, -78.7689), (42.88638, -78.81326)]
(41, 31)[(43.22681, -78.48146), (43.22685, -78.48967), (43.20546, -78.49064), (43.20592, -78.51538), (43.19391, -78.57859), (43.19531, -78.5946), (43.18116, -78.64305), (43.18135, -78.65847), (43.16765, -78.69683), (43.08237, -78.69741), (43.04785, -78.73344), (43.04352, -78.75612), (43.02715, -78.76361), (43.02398, -78.79004), (43.01296, -78.80267), (42.99626, -78.80735), (42.9673, -78.76914), (42.94772, -78.76587), (42.88402, -78.7689), (42.88468, -78.80384), (42.88732, -78.80438)]
(41, 32)[(43.22681, -78.48146), (43.22685, -78.48967), (43.20546, -78.49064), (43.20592, -78.51538), (43.19391, -78.57859), (43.19531, -78.5946), (43.18116, -78.64305), (43.18135, -78.65847), (43.16765, -78.69683), (43.08237, -78.69741), (43.04785, -78.73344), (43.04352, -78.75612), (43.02715, -78.76361), (43.02398, -78.79004), (43.01296, -78.80267), (42.99626, -78.80735), (42.9673, -78.76914), (42.94772, -78.76587), (42.88402, -78.7689), (42.88427, -78.79856), (42.88515, -78.80251), (42.88821, -78.80002)]
(41, 33)[(43.22681, -78.48146), (43.22685, -78.48967), (43.20546, -78.49064), (43.20592, -78.51538), (43.19391, -78.57859), (43.19531, -78.5946), (43.18116, -78.64305), (43.18135, -78.65847), (43.16765, -78.69683), (43.08237, -78.69741), (43.04785, -78.73344), (43.04352, -78.75612), (43.02715, -78.76361), (43.02373, -78.79073), (43.01184, -78.80306), (42.99605, -78.80722), (42.9648, -78.76768), (42.91683, -78.7664), (42.88377, -78.7684), (42.8737, -78.78929), (42.82844, -78.79302), (42.8283, -78.80936), (42.81899, -78.80919)]
(41, 34)[(43.22681, -78.48146), (43.22685, -78.48967), (43.20546, -78.49064), (43.20592, -78.51538), (43.19391, -78.57859), (43.19531, -78.5946), (43.18116, -78.64305), (43.18135, -78.65847), (43.16765, -78.69683), (43.0826, -78.69726), (43.04785, -78.73344), (43.04352, -78.75612), (43.02715, -78.76361), (43.02073, -78.79629), (42.99757, -78.80747), (42.9673, -78.76914), (42.94772, -78.76587), (42.88488, -78.76801), (42.87325, -78.78953), (42.82844, -78.79302), (42.82818, -78.80439), (42.8166, -78.80093), (42.81561, -78.80441)]
(41, 35)[(43.22681, -78.48146), (43.22685, -78.48967), (43.20546, -78.49064), (43.20592, -78.51538), (43.19391, -78.57859), (43.19531, -78.5946), (43.18116, -78.64305), (43.18135, -78.65847), (43.16765, -78.69683), (43.0826, -78.69726), (43.04785, -78.73344), (43.04526, -78.75365), (43.04042, -78.75853), (43.02743, -78.76318), (43.02587, -78.76761), (43.02624, -78.78264), (43.02157, -78.783), (43.02244, -78.78143)]
(41, 36)[(43.22681, -78.48146), (43.22685, -78.48967), (43.20546, -78.49064), (43.20592, -78.51538), (43.19391, -78.57859), (43.19531, -78.5946), (43.18116, -78.64305), (43.18135, -78.65847), (43.16765, -78.69683), (43.0826, -78.69726), (43.04785, -78.73344), (43.04719, -78.74784), (43.04352, -78.75612), (43.02715, -78.76361), (43.02624, -78.78264), (43.01982, -78.78301), (43.01939, -78.77964)]
(41, 37)[(43.22681, -78.48146), (43.22685, -78.48967), (43.20546, -78.49064), (43.20592, -78.51538), (43.19391, -78.57859), (43.19531, -78.5946), (43.18116, -78.64305), (43.18135, -78.65847), (43.16765, -78.69683), (43.08281, -78.69715), (43.02425, -78.75919), (43.02318, -78.77085)]
(41, 38)[(43.22681, -78.48146), (43.22685, -78.48967), (43.20546, -78.49064), (43.20592, -78.51538), (43.19391, -78.57859), (43.19531, -78.5946), (43.18116, -78.64305), (43.18135, -78.65847), (43.16765, -78.69683), (43.08281, -78.69715), (43.02425, -78.75919), (43.02422, -78.76785), (43.02218, -78.76787)]
(41, 39)[(43.22681, -78.48146), (43.22685, -78.48967), (43.20546, -78.49064), (43.20592, -78.51538), (43.19391, -78.57859), (43.19531, -78.5946), (43.18116, -78.64305), (43.18135, -78.65847), (43.16765, -78.69683), (43.08281, -78.69715), (43.01663, -78.76752), (43.01777, -78.7699), (43.01556, -78.77144)]
(41, 40)[(43.22681, -78.48146), (43.22685, -78.48967), (43.20546, -78.49064), (43.20592, -78.51538), (43.19391, -78.57859), (43.19531, -78.5946), (43.18116, -78.64305), (43.18135, -78.65847), (43.16765, -78.69683), (43.08281, -78.69715), (43.01639, -78.76773), (43.00836, -78.77354), (43.00343, -78.7724), (42.9989, -78.77516), (42.99632, -78.78406), (42.99343, -78.7865), (42.99129, -78.78653), (42.99139, -78.77706), (42.98949, -78.77742)]
(42, 0)[(42.55118, -78.59517), (42.55301, -78.71025), (42.57275, -78.71556), (42.61023, -78.7578), (42.62288, -78.76371), (42.65749, -78.76659), (42.6855, -78.78762), (42.71203, -78.78468), (42.74719, -78.76049), (42.80312, -78.77765), (42.81347, -78.79192), (42.8746, -78.78807), (42.87614, -78.80865), (42.86801, -78.82921), (42.88014, -78.87899), (42.90369, -78.90115), (42.92852, -78.89861), (42.94567, -78.90757), (42.95341, -78.89921)]
(42, 1)[(42.55118, -78.59517), (42.55301, -78.71025), (42.57275, -78.71556), (42.61355, -78.76016), (42.65749, -78.76659), (42.68622, -78.78767), (42.71203, -78.78468), (42.74846, -78.76055), (42.80312, -78.77765), (42.81282, -78.7917), (42.83581, -78.79293), (42.87327, -78.78927), (42.88488, -78.76777), (42.95063, -78.76318), (42.96832, -78.76976), (43.00202, -78.81395), (43.00432, -78.82343), (43.00064, -78.85326), (43.01086, -78.86279), (43.0348, -78.86192), (43.04277, -78.87178)]
(42, 2)[(42.55118, -78.59517), (42.55301, -78.71025), (42.57275, -78.71556), (42.61355, -78.76016), (42.65749, -78.76659), (42.68622, -78.78767), (42.71203, -78.78468), (42.74846, -78.76055), (42.80312, -78.77765), (42.81282, -78.7917), (42.83581, -78.79293), (42.87327, -78.78927), (42.88488, -78.76777), (42.95063, -78.76318), (42.96832, -78.76976), (43.00202, -78.81395), (43.00432, -78.82343), (43.00064, -78.85326), (43.01086, -78.86279), (43.03084, -78.86086), (43.04168, -78.86896)]
(42, 3)[(42.55118, -78.59517), (42.55301, -78.71025), (42.57275, -78.71556), (42.61355, -78.76016), (42.65749, -78.76659), (42.68622, -78.78767), (42.71203, -78.78468), (42.74846, -78.76055), (42.80312, -78.77765), (42.81282, -78.7917), (42.83581, -78.79293), (42.87327, -78.78927), (42.88488, -78.76777), (42.95063, -78.76318), (42.96832, -78.76976), (43.00202, -78.81395), (43.00432, -78.82343), (43.00064, -78.85326), (43.00632, -78.86064), (43.00484, -78.86994)]
(42, 4)[(42.55118, -78.59517), (42.55301, -78.71025), (42.57275, -78.71556), (42.61194, -78.75908), (42.65749, -78.76659), (42.6855, -78.78762), (42.71203, -78.78468), (42.74719, -78.76049), (42.80312, -78.77765), (42.81347, -78.79192), (42.8746, -78.78807), (42.87603, -78.80935), (42.868, -78.82831), (42.8736, -78.85851), (42.88014, -78.87899), (42.89905, -78.89836), (42.92821, -78.89857), (42.93418, -78.90277), (42.93895, -78.89239), (42.97141, -78.88699), (42.97194, -78.87806)]
(42, 5)[(42.55118, -78.59517), (42.55301, -78.71025), (42.57275, -78.71556), (42.61355, -78.76016), (42.65749, -78.76659), (42.68622, -78.78767), (42.71203, -78.78468), (42.74846, -78.76055), (42.80312, -78.77765), (42.81282, -78.7917), (42.83581, -78.79293), (42.87327, -78.78927), (42.88488, -78.76777), (42.95063, -78.76318), (42.96664, -78.76835), (42.97849, -78.7817), (42.98099, -78.85858), (42.97439, -78.8584), (42.97412, -78.86754)]
(42, 6)[(42.55118, -78.59517), (42.55301, -78.71025), (42.57275, -78.71556), (42.61355, -78.76016), (42.65749, -78.76659), (42.6855, -78.78762), (42.71203, -78.78468), (42.74719, -78.76049), (42.80312, -78.77765), (42.81347, -78.79192), (42.8746, -78.78807), (42.87603, -78.80935), (42.868, -78.82831), (42.8736, -78.85851), (42.88014, -78.87899), (42.89905, -78.89836), (42.93425, -78.90275), (42.93804, -78.8928), (42.95652, -78.88957), (42.95679, -78.86942), (42.96595, -78.86842)]
(42, 7)[(42.55118, -78.59517), (42.55301, -78.71025), (42.57275, -78.71556), (42.61355, -78.76016), (42.65749, -78.76659), (42.68622, -78.78767), (42.71203, -78.78468), (42.74846, -78.76055), (42.80312, -78.77765), (42.81282, -78.7917), (42.83581, -78.79293), (42.87327, -78.78927), (42.88488, -78.76777), (42.95063, -78.76318), (42.96664, -78.76835), (42.97849, -78.7817), (42.98099, -78.85827)]
(42, 8)[(42.55118, -78.59517), (42.55301, -78.71025), (42.57275, -78.71556), (42.61355, -78.76016), (42.65749, -78.76659), (42.68622, -78.78767), (42.71203, -78.78468), (42.74846, -78.76055), (42.80312, -78.77765), (42.81282, -78.7917), (42.83581, -78.79293), (42.87327, -78.78927), (42.88488, -78.76777), (42.95063, -78.76318), (42.96664, -78.76835), (42.97849, -78.7817), (42.97883, -78.85449)]
(42, 9)[(42.55118, -78.59517), (42.55301, -78.71025), (42.57275, -78.71556), (42.61355, -78.76016), (42.65749, -78.76659), (42.68622, -78.78767), (42.71203, -78.78468), (42.74846, -78.76055), (42.80312, -78.77765), (42.81282, -78.7917), (42.83581, -78.79293), (42.87327, -78.78927), (42.88488, -78.76777), (42.95063, -78.76318), (42.96664, -78.76835), (42.97849, -78.7817), (42.98133, -78.85058)]
(42, 10)[(42.55118, -78.59517), (42.55301, -78.71025), (42.57275, -78.71556), (42.61355, -78.76016), (42.65749, -78.76659), (42.6855, -78.78762), (42.71203, -78.78468), (42.74719, -78.76049), (42.80312, -78.77765), (42.81347, -78.79192), (42.8746, -78.78807), (42.87603, -78.80935), (42.868, -78.82831), (42.8736, -78.85851), (42.88014, -78.87899), (42.89905, -78.89836), (42.93425, -78.90275), (42.93804, -78.8928), (42.95652, -78.88957), (42.95679, -78.86942), (42.96475, -78.86788)]
(42, 11)[(42.55118, -78.59517), (42.55301, -78.71025), (42.57275, -78.71556), (42.61355, -78.76016), (42.65749, -78.76659), (42.68622, -78.78767), (42.71203, -78.78468), (42.74846, -78.76055), (42.80312, -78.77765), (42.81282, -78.7917), (42.83581, -78.79293), (42.87327, -78.78927), (42.88488, -78.76777), (42.93343, -78.76369), (42.93317, -78.81129), (42.92358, -78.84371), (42.93018, -78.85445), (42.9404, -78.85075), (42.94774, -78.859), (42.9644, -78.86156)]
(42, 12)[(42.55118, -78.59517), (42.55301, -78.71025), (42.57275, -78.71556), (42.61355, -78.76016), (42.65749, -78.76659), (42.68622, -78.78767), (42.71203, -78.78468), (42.74846, -78.76055), (42.80312, -78.77765), (42.81282, -78.7917), (42.83581, -78.79293), (42.87327, -78.78927), (42.88488, -78.76777), (42.93343, -78.76369), (42.93317, -78.81129), (42.92358, -78.84371), (42.93025, -78.85448), (42.9404, -78.85075), (42.94774, -78.859), (42.96563, -78.85964)]
(42, 13)[(42.55118, -78.59517), (42.55301, -78.71025), (42.57275, -78.71556), (42.61023, -78.7578), (42.62288, -78.76371), (42.65749, -78.76659), (42.6855, -78.78762), (42.71203, -78.78468), (42.74719, -78.76049), (42.80312, -78.77765), (42.81347, -78.79192), (42.87477, -78.78814), (42.87603, -78.80935), (42.868, -78.82881), (42.87735, -78.87232), (42.88929, -78.88843), (42.89284, -78.88423), (42.89657, -78.88772), (42.90026, -78.88036), (42.90686, -78.88161)]
(42, 14)[(42.55118, -78.59517), (42.55301, -78.71025), (42.57275, -78.71556), (42.61023, -78.7578), (42.62288, -78.76371), (42.65749, -78.76659), (42.6855, -78.78762), (42.71203, -78.78468), (42.74719, -78.76049), (42.80312, -78.77765), (42.81347, -78.79192), (42.8746, -78.78807), (42.87614, -78.80865), (42.86801, -78.82921), (42.87951, -78.87775), (42.88958, -78.88847), (42.89424, -78.87728), (42.90946, -78.87445)]
(42, 15)[(42.55118, -78.59517), (42.55301, -78.71025), (42.57275, -78.71556), (42.61023, -78.7578), (42.62288, -78.76371), (42.65749, -78.76659), (42.6855, -78.78762), (42.71203, -78.78468), (42.74719, -78.76049), (42.80312, -78.77765), (42.81347, -78.79192), (42.8746, -78.78807), (42.87603, -78.80935), (42.868, -78.82831), (42.8736, -78.85851), (42.87836, -78.87182), (42.89076, -78.86466)]
(42, 16)[(42.55118, -78.59517), (42.55301, -78.71025), (42.57275, -78.71556), (42.61023, -78.7578), (42.62288, -78.76371), (42.65749, -78.76659), (42.6855, -78.78762), (42.71203, -78.78468), (42.74719, -78.76049), (42.80312, -78.77765), (42.81347, -78.79192), (42.8746, -78.78807), (42.87614, -78.80865), (42.86807, -78.82967), (42.87716, -78.87105), (42.88654, -78.86893), (42.88765, -78.86375)]
(42, 17)[(42.55118, -78.59517), (42.55301, -78.71025), (42.57275, -78.71556), (42.61023, -78.7578), (42.62288, -78.76371), (42.64149, -78.76297), (42.65749, -78.76659), (42.67994, -78.78524), (42.68622, -78.78767), (42.71203, -78.78468), (42.74377, -78.76094), (42.76878, -78.76628), (42.80312, -78.77765), (42.81347, -78.79192), (42.82492, -78.79046), (42.82687, -78.78759), (42.83565, -78.78844), (42.84098, -78.80355), (42.85587, -78.82268), (42.85676, -78.8274), (42.85347, -78.8315)]
(42, 18)[(42.55118, -78.59517), (42.55301, -78.71025), (42.57275, -78.71556), (42.61023, -78.7578), (42.62288, -78.76371), (42.64149, -78.76297), (42.65749, -78.76659), (42.67994, -78.78524), (42.68622, -78.78767), (42.71203, -78.78468), (42.74142, -78.76191), (42.75115, -78.7611), (42.80312, -78.77765), (42.81347, -78.79192), (42.82492, -78.79046), (42.82687, -78.78759), (42.83565, -78.78844), (42.84098, -78.80355), (42.8528, -78.81852), (42.85213, -78.82333)]
(42, 19)[(42.55118, -78.59517), (42.55301, -78.71025), (42.57275, -78.71556), (42.61671, -78.76184), (42.65592, -78.766), (42.68622, -78.78767), (42.71203, -78.78468), (42.74846, -78.76055), (42.80312, -78.77765), (42.81282, -78.7917), (42.83581, -78.79293), (42.87327, -78.78927), (42.88488, -78.76777), (42.9489, -78.76281), (42.96752, -78.76899), (42.98559, -78.79267), (42.99587, -78.79071), (43.00429, -78.79862), (43.00687, -78.8127)]
(42, 20)[(42.55118, -78.59517), (42.55301, -78.71025), (42.57275, -78.71556), (42.61671, -78.76184), (42.65592, -78.766), (42.68622, -78.78767), (42.71203, -78.78468), (42.74846, -78.76055), (42.80312, -78.77765), (42.81282, -78.7917), (42.83581, -78.79293), (42.87327, -78.78927), (42.88488, -78.76777), (42.9489, -78.76281), (42.96832, -78.76976), (43.00545, -78.82236), (43.01243, -78.82228), (43.00958, -78.80942)]
(42, 21)[(42.55118, -78.59517), (42.55301, -78.71025), (42.57275, -78.71556), (42.61671, -78.76184), (42.65592, -78.766), (42.68622, -78.78767), (42.71203, -78.78468), (42.74846, -78.76055), (42.80312, -78.77765), (42.81282, -78.7917), (42.83581, -78.79293), (42.87327, -78.78927), (42.88488, -78.76777), (42.9489, -78.76281), (42.96752, -78.76899), (42.98559, -78.79267), (42.99587, -78.79071), (43.00429, -78.79862), (43.00279, -78.80591)]
(42, 22)[(42.55118, -78.59517), (42.55301, -78.71025), (42.57275, -78.71556), (42.61531, -78.76113), (42.65592, -78.766), (42.68622, -78.78767), (42.71203, -78.78468), (42.74846, -78.76055), (42.80312, -78.77765), (42.81282, -78.7917), (42.83581, -78.79293), (42.87327, -78.78927), (42.88488, -78.76777), (42.9489, -78.76281), (42.96136, -78.7653), (42.95908, -78.7687), (42.96452, -78.80054), (42.96196, -78.80755), (42.96576, -78.80977)]
(42, 23)[(42.55118, -78.59517), (42.55301, -78.71025), (42.57275, -78.71556), (42.61671, -78.76184), (42.65592, -78.766), (42.68622, -78.78767), (42.71203, -78.78468), (42.74846, -78.76055), (42.80312, -78.77765), (42.81282, -78.7917), (42.83581, -78.79293), (42.87327, -78.78927), (42.88488, -78.76777), (42.9489, -78.76281), (42.96664, -78.76835), (42.97849, -78.7817), (42.97951, -78.79889), (42.96957, -78.80414)]
(42, 24)[(42.55118, -78.59517), (42.55301, -78.71025), (42.57275, -78.71556), (42.61355, -78.76016), (42.65749, -78.76659), (42.68622, -78.78767), (42.71203, -78.78468), (42.74846, -78.76055), (42.80312, -78.77765), (42.81282, -78.7917), (42.83581, -78.79293), (42.87327, -78.78927), (42.88488, -78.76777), (42.93335, -78.76367), (42.9335, -78.799), (42.94343, -78.80341), (42.94353, -78.81611)]
(42, 25)[(42.55118, -78.59517), (42.55301, -78.71025), (42.57275, -78.71556), (42.61531, -78.76113), (42.65592, -78.766), (42.68622, -78.78767), (42.71203, -78.78468), (42.74846, -78.76055), (42.80312, -78.77765), (42.81282, -78.7917), (42.83581, -78.79293), (42.87327, -78.78927), (42.88488, -78.76777), (42.93335, -78.76367), (42.9335, -78.799), (42.95273, -78.80388), (42.95173, -78.8084)]
(42, 26)[(42.55118, -78.59517), (42.55301, -78.71025), (42.57275, -78.71556), (42.61671, -78.76184), (42.65592, -78.766), (42.68622, -78.78767), (42.71203, -78.78468), (42.74846, -78.76055), (42.80312, -78.77765), (42.81282, -78.7917), (42.83581, -78.79293), (42.87327, -78.78927), (42.88488, -78.76777), (42.94522, -78.7652), (42.94496, -78.78375), (42.95305, -78.78404), (42.9521, -78.79726)]
(42, 27)[(42.55118, -78.59517), (42.55301, -78.71025), (42.57275, -78.71556), (42.61671, -78.76184), (42.65592, -78.766), (42.68622, -78.78767), (42.71203, -78.78468), (42.74846, -78.76055), (42.80312, -78.77765), (42.81282, -78.7917), (42.83581, -78.79293), (42.87327, -78.78927), (42.88488, -78.76777), (42.94522, -78.7652), (42.94491, -78.79151), (42.94882, -78.79488)]
(42, 28)[(42.55118, -78.59517), (42.55301, -78.71025), (42.57275, -78.71556), (42.61355, -78.76016), (42.65749, -78.76659), (42.68622, -78.78767), (42.71203, -78.78468), (42.74846, -78.76055), (42.80312, -78.77765), (42.81347, -78.79192), (42.8746, -78.78807), (42.87775, -78.80126), (42.8843, -78.79877), (42.88476, -78.81416), (42.91264, -78.81375), (42.91496, -78.80795), (42.92271, -78.8072)]
(42, 29)[(42.55118, -78.59517), (42.55301, -78.71025), (42.57275, -78.71556), (42.61355, -78.76016), (42.65749, -78.76659), (42.68622, -78.78767), (42.71203, -78.78468), (42.74846, -78.76055), (42.80312, -78.77765), (42.81282, -78.7917), (42.83581, -78.79293), (42.87296, -78.78943), (42.88262, -78.76885), (42.91015, -78.76435), (42.90719, -78.78421), (42.92218, -78.78423), (42.91848, -78.79915), (42.92065, -78.80495)]
(42, 30)[(42.55118, -78.59517), (42.55301, -78.71025), (42.57275, -78.71556), (42.61355, -78.76016), (42.65749, -78.76659), (42.68622, -78.78767), (42.71203, -78.78468), (42.74019, -78.76269), (42.74941, -78.7607), (42.80312, -78.77765), (42.81347, -78.79192), (42.8746, -78.78807), (42.87775, -78.80126), (42.8843, -78.79877), (42.88638, -78.81326)]
(42, 31)[(42.55118, -78.59517), (42.55301, -78.71025), (42.57275, -78.71556), (42.61355, -78.76016), (42.65749, -78.76659), (42.68622, -78.78767), (42.71203, -78.78468), (42.74019, -78.76269), (42.74941, -78.7607), (42.80312, -78.77765), (42.81347, -78.79192), (42.8746, -78.78807), (42.87775, -78.80126), (42.88382, -78.79824), (42.88732, -78.80438)]
(42, 32)[(42.55118, -78.59517), (42.55301, -78.71025), (42.57275, -78.71556), (42.61355, -78.76016), (42.65749, -78.76659), (42.68622, -78.78767), (42.71203, -78.78468), (42.74846, -78.76055), (42.80312, -78.77765), (42.81347, -78.79192), (42.87424, -78.78799), (42.87775, -78.80126), (42.88821, -78.80002)]
(42, 33)[(42.55118, -78.59517), (42.55301, -78.71025), (42.57275, -78.71556), (42.61023, -78.7578), (42.62288, -78.76371), (42.64149, -78.76297), (42.65749, -78.76659), (42.67994, -78.78524), (42.68622, -78.78767), (42.71203, -78.78468), (42.74142, -78.76191), (42.75115, -78.7611), (42.78527, -78.7732), (42.79092, -78.77436), (42.79096, -78.77224), (42.78923, -78.7733), (42.78938, -78.79191), (42.8166, -78.80093), (42.81657, -78.80716), (42.81899, -78.80919)]
(42, 34)[(42.55118, -78.59517), (42.55301, -78.71025), (42.57275, -78.71556), (42.61023, -78.7578), (42.62288, -78.76371), (42.64149, -78.76297), (42.65749, -78.76659), (42.67994, -78.78524), (42.68622, -78.78767), (42.71203, -78.78468), (42.74019, -78.76269), (42.74941, -78.7607), (42.78527, -78.7732), (42.79092, -78.77436), (42.79096, -78.77224), (42.78923, -78.7733), (42.78938, -78.79191), (42.81517, -78.80052), (42.81561, -78.80441)]
(42, 35)[(42.55118, -78.59517), (42.55301, -78.71025), (42.57275, -78.71556), (42.61671, -78.76184), (42.65592, -78.766), (42.68622, -78.78767), (42.71203, -78.78468), (42.74846, -78.76055), (42.80312, -78.77765), (42.81282, -78.7917), (42.83581, -78.79293), (42.87327, -78.78927), (42.88488, -78.76777), (42.9489, -78.76281), (42.96752, -78.76899), (42.99724, -78.80538), (43.01746, -78.79922), (43.02441, -78.78759), (43.02244, -78.78143)]
(42, 36)[(42.55118, -78.59517), (42.55301, -78.71025), (42.57275, -78.71556), (42.61671, -78.76184), (42.65592, -78.766), (42.68622, -78.78767), (42.71203, -78.78468), (42.74846, -78.76055), (42.80312, -78.77765), (42.81282, -78.7917), (42.83581, -78.79293), (42.87327, -78.78927), (42.88488, -78.76777), (42.9489, -78.76281), (42.96752, -78.76899), (42.99724, -78.80538), (43.01987, -78.79667), (43.02509, -78.78222), (43.01939, -78.77964)]
(42, 37)[(42.55118, -78.59517), (42.55301, -78.71025), (42.57275, -78.71556), (42.61355, -78.76016), (42.65749, -78.76659), (42.68293, -78.78698), (42.71203, -78.78468), (42.74719, -78.76049), (42.80312, -78.77765), (42.81347, -78.79192), (42.86558, -78.79163), (42.8748, -78.78802), (42.8843, -78.76797), (42.9489, -78.76281), (42.96752, -78.76899), (42.99734, -78.80538), (43.02051, -78.79585), (43.02474, -78.7856), (43.02318, -78.77085)]
(42, 38)[(42.55118, -78.59517), (42.55301, -78.71025), (42.57275, -78.71556), (42.61355, -78.76016), (42.65749, -78.76659), (42.68293, -78.78698), (42.71203, -78.78468), (42.74603, -78.76055), (42.80312, -78.77765), (42.81282, -78.7917), (42.83581, -78.79293), (42.87327, -78.78927), (42.88488, -78.76777), (42.9489, -78.76281), (42.96752, -78.76899), (42.98595, -78.79273), (42.99602, -78.78576), (42.99885, -78.77442), (43.02218, -78.76787)]
(42, 39)[(42.55118, -78.59517), (42.55301, -78.71025), (42.57275, -78.71556), (42.61355, -78.76016), (42.65749, -78.76659), (42.68293, -78.78698), (42.71203, -78.78468), (42.74719, -78.76049), (42.80312, -78.77765), (42.81282, -78.7917), (42.83581, -78.79293), (42.87327, -78.78927), (42.87987, -78.77201), (42.88559, -78.76763), (42.95063, -78.76318), (42.96752, -78.76899), (42.98574, -78.79273), (42.99602, -78.78576), (42.99885, -78.77442), (43.0178, -78.76802), (43.01556, -78.77144)]
(42, 40)[(42.55118, -78.59517), (42.55301, -78.71025), (42.57275, -78.71556), (42.61671, -78.76184), (42.65592, -78.766), (42.68622, -78.78767), (42.71203, -78.78468), (42.74719, -78.76049), (42.80312, -78.77765), (42.8141, -78.79201), (42.87266, -78.78954), (42.88021, -78.77146), (42.88642, -78.76756), (42.9489, -78.76281), (42.96664, -78.76835), (42.97804, -78.78161), (42.97832, -78.77648), (42.98949, -78.77742)]
(43, 0)[(42.92314, -78.40058), (42.92195, -78.49929), (42.92105, -78.509), (42.91586, -78.52148), (42.92498, -78.52791), (42.93111, -78.53946), (42.937, -78.5416), (42.92853, -78.59303), (42.93291, -78.59307), (42.93388, -78.62283), (42.9447, -78.62261), (42.94597, -78.67102), (42.94009, -78.68708), (42.93697, -78.71039), (42.92843, -78.74102), (42.93035, -78.76007), (42.93256, -78.76532), (42.93321, -78.81081), (42.93007, -78.82096), (42.92939, -78.83308), (42.92354, -78.84342), (42.93333, -78.85875), (42.93438, -78.87823), (42.93824, -78.88989), (42.9361, -78.89867), (42.94969, -78.90381), (42.95341, -78.89921)]
(43, 1)[(42.92314, -78.40058), (42.92327, -78.38969), (42.9256, -78.3898), (42.95726, -78.40575), (43.003, -78.40574), (43.00372, -78.41718), (42.9984, -78.42177), (42.99271, -78.43308), (42.98166, -78.4819), (42.97921, -78.5021), (42.96934, -78.5273), (42.96277, -78.56296), (42.95036, -78.60988), (42.94746, -78.67178), (42.9508, -78.70547), (42.95148, -78.76138), (42.95376, -78.76586), (42.96832, -78.76976), (42.98437, -78.79335), (43.00202, -78.81395), (43.00432, -78.82343), (43.00136, -78.83642), (43.00064, -78.85326), (43.01086, -78.86279), (43.0348, -78.86192), (43.03869, -78.86427), (43.03778, -78.86866), (43.04277, -78.87178)]
(43, 2)[(42.92314, -78.40058), (42.92327, -78.38969), (42.9256, -78.3898), (42.95726, -78.40575), (43.003, -78.40574), (43.00372, -78.41718), (42.9984, -78.42177), (42.99271, -78.43308), (42.98166, -78.4819), (42.97921, -78.5021), (42.96934, -78.5273), (42.96277, -78.56296), (42.95036, -78.60988), (42.94746, -78.67178), (42.9508, -78.70547), (42.95148, -78.76138), (42.95376, -78.76586), (42.96832, -78.76976), (42.98437, -78.79335), (43.00202, -78.81395), (43.00432, -78.82343), (43.00136, -78.83642), (43.00064, -78.85326), (43.01086, -78.86279), (43.03084, -78.86086), (43.03869, -78.86427), (43.03778, -78.86866), (43.04168, -78.86896)]
(43, 3)[(42.92314, -78.40058), (42.92327, -78.38969), (42.9256, -78.3898), (42.95682, -78.40566), (43.00306, -78.40612), (43.00372, -78.41718), (42.9984, -78.42177), (42.99271, -78.43308), (42.98166, -78.4819), (42.97921, -78.5021), (42.96934, -78.5273), (42.96277, -78.56296), (42.95071, -78.60798), (42.94746, -78.67178), (42.9508, -78.70547), (42.95174, -78.7629), (42.95396, -78.76595), (42.96832, -78.76976), (43.00264, -78.81519), (43.00428, -78.82445), (43.00141, -78.83605), (43.00064, -78.85326), (43.00632, -78.86064), (43.00484, -78.86994)]
(43, 4)[(42.92314, -78.40058), (42.92327, -78.38969), (42.92579, -78.38981), (42.95682, -78.40566), (43.003, -78.40574), (43.00333, -78.40829), (43.00356, -78.41765), (42.9984, -78.42177), (42.99271, -78.43308), (42.98166, -78.4819), (42.97921, -78.5021), (42.96755, -78.53469), (42.96277, -78.56296), (42.95071, -78.60798), (42.94785, -78.64223), (42.94746, -78.67178), (42.9508, -78.70547), (42.95163, -78.76242), (42.95396, -78.76595), (42.96752, -78.76899), (42.97858, -78.78229), (42.98087, -78.82304), (42.98101, -78.87865), (42.97194, -78.87806)]
(43, 5)[(42.92314, -78.40058), (42.92327, -78.38969), (42.92579, -78.38981), (42.95682, -78.40566), (43.003, -78.40574), (43.00333, -78.40829), (43.00356, -78.41765), (42.9984, -78.42177), (42.99271, -78.43308), (42.98166, -78.4819), (42.97921, -78.5021), (42.96755, -78.53469), (42.96277, -78.56296), (42.95071, -78.60798), (42.94785, -78.64223), (42.94746, -78.67178), (42.9508, -78.70547), (42.95163, -78.76242), (42.95396, -78.76595), (42.96752, -78.76899), (42.97858, -78.78229), (42.98099, -78.85858), (42.97439, -78.8584), (42.97412, -78.86754)]
(43, 6)[(42.92314, -78.40058), (42.92327, -78.38969), (42.92608, -78.38985), (42.95726, -78.40575), (43.003, -78.40574), (43.00392, -78.41407), (43.00328, -78.41829), (42.9984, -78.42177), (42.99271, -78.43308), (42.98166, -78.4819), (42.97921, -78.5021), (42.96934, -78.5273), (42.96277, -78.56296), (42.95007, -78.61283), (42.94746, -78.67178), (42.9508, -78.70547), (42.95154, -78.76194), (42.95396, -78.76595), (42.96752, -78.76899), (42.97858, -78.78229), (42.98099, -78.85858), (42.97439, -78.8584), (42.97444, -78.8659), (42.96595, -78.86842)]
(43, 7)[(42.92314, -78.40058), (42.92327, -78.38969), (42.9256, -78.3898), (42.95682, -78.40566), (43.00315, -78.4068), (43.00372, -78.41718), (42.9984, -78.42177), (42.99296, -78.43228), (42.98166, -78.4819), (42.97921, -78.5021), (42.96755, -78.53469), (42.96277, -78.56296), (42.95071, -78.60798), (42.94785, -78.64223), (42.94746, -78.67178), (42.9508, -78.70547), (42.95154, -78.76194), (42.95396, -78.76595), (42.96752, -78.76899), (42.97849, -78.7817), (42.98099, -78.85827)]
(43, 8)[(42.92314, -78.40058), (42.92327, -78.38969), (42.9256, -78.3898), (42.95682, -78.40566), (43.00315, -78.4068), (43.00372, -78.41718), (42.9984, -78.42177), (42.99296, -78.43228), (42.98166, -78.4819), (42.97921, -78.5021), (42.96755, -78.53469), (42.96277, -78.56296), (42.95071, -78.60798), (42.94785, -78.64223), (42.94746, -78.67178), (42.9508, -78.70547), (42.95154, -78.76194), (42.95396, -78.76595), (42.96752, -78.76899), (42.97849, -78.7817), (42.98088, -78.82347), (42.98098, -78.85283), (42.97883, -78.85449)]
(43, 9)[(42.92314, -78.40058), (42.92327, -78.38969), (42.9256, -78.3898), (42.95682, -78.40566), (43.00306, -78.40612), (43.00372, -78.41718), (42.9984, -78.42177), (42.99296, -78.43228), (42.98166, -78.4819), (42.97921, -78.5021), (42.96755, -78.53469), (42.96277, -78.56296), (42.95071, -78.60798), (42.94785, -78.64223), (42.94746, -78.67178), (42.9508, -78.70547), (42.95154, -78.76194), (42.95396, -78.76595), (42.96752, -78.76899), (42.97849, -78.7817), (42.98133, -78.85058)]
(43, 10)[(42.92314, -78.40058), (42.92195, -78.49929), (42.92105, -78.509), (42.91586, -78.52148), (42.92498, -78.52791), (42.93111, -78.53946), (42.937, -78.5416), (42.92853, -78.59303), (42.93291, -78.59307), (42.93388, -78.62283), (42.9447, -78.62261), (42.94597, -78.67102), (42.94009, -78.68708), (42.93697, -78.71039), (42.92843, -78.74102), (42.93035, -78.76007), (42.93256, -78.76532), (42.93321, -78.81081), (42.93007, -78.82096), (42.92939, -78.83308), (42.92355, -78.84357), (42.93297, -78.85763), (42.93434, -78.8666), (42.96282, -78.87004), (42.96475, -78.86788)]
(43, 11)[(42.92314, -78.40058), (42.92327, -78.38969), (42.92608, -78.38985), (42.95726, -78.40575), (43.003, -78.40574), (43.00392, -78.41407), (43.00328, -78.41829), (42.9984, -78.42177), (42.99271, -78.43308), (42.98166, -78.4819), (42.97921, -78.5021), (42.96934, -78.5273), (42.96277, -78.56296), (42.95007, -78.61283), (42.94746, -78.67178), (42.9508, -78.70547), (42.95148, -78.76138), (42.95396, -78.76595), (42.96141, -78.76553), (42.95958, -78.76499), (42.95908, -78.7687), (42.96342, -78.78399), (42.96452, -78.80054), (42.95766, -78.81852), (42.95867, -78.85862), (42.96375, -78.8583), (42.9644, -78.86156)]
(43, 12)[(42.92314, -78.40058), (42.92327, -78.38969), (42.92608, -78.38985), (42.95726, -78.40575), (43.003, -78.40574), (43.00392, -78.41407), (43.00328, -78.41829), (42.9984, -78.42177), (42.99271, -78.43308), (42.98166, -78.4819), (42.97921, -78.5021), (42.96934, -78.5273), (42.96277, -78.56296), (42.95007, -78.61283), (42.94746, -78.67178), (42.9508, -78.70547), (42.95154, -78.76194), (42.95396, -78.76595), (42.96752, -78.76899), (42.97858, -78.78229), (42.98099, -78.85858), (42.96563, -78.85964)]
(43, 13)[(42.92314, -78.40058), (42.92195, -78.49929), (42.92105, -78.509), (42.91586, -78.52148), (42.92498, -78.52791), (42.93111, -78.53946), (42.937, -78.5416), (42.92853, -78.59303), (42.93291, -78.59307), (42.93388, -78.62283), (42.9447, -78.62261), (42.94596, -78.6714), (42.94009, -78.68708), (42.93697, -78.71039), (42.92843, -78.74102), (42.93306, -78.77511), (42.93321, -78.81081), (42.93007, -78.82096), (42.92964, -78.83189), (42.92294, -78.84319), (42.90898, -78.84349), (42.90381, -78.84631), (42.90479, -78.8819), (42.90686, -78.88161)]
(43, 14)[(42.92314, -78.40058), (42.92195, -78.49929), (42.92105, -78.509), (42.91586, -78.52148), (42.92498, -78.52791), (42.93111, -78.53946), (42.937, -78.5416), (42.92853, -78.59303), (42.93291, -78.59307), (42.93388, -78.62283), (42.9447, -78.62261), (42.94596, -78.67117), (42.94009, -78.68708), (42.93697, -78.71039), (42.92843, -78.74102), (42.93306, -78.77511), (42.93321, -78.81081), (42.93007, -78.82096), (42.92964, -78.83189), (42.92334, -78.84293), (42.91379, -78.84368), (42.91395, -78.865), (42.91125, -78.86591), (42.90946, -78.87445)]
(43, 15)[(42.92314, -78.40058), (42.92195, -78.49929), (42.92105, -78.509), (42.91586, -78.52148), (42.92498, -78.52791), (42.93111, -78.53946), (42.937, -78.5416), (42.92853, -78.59303), (42.93291, -78.59307), (42.93388, -78.62283), (42.9447, -78.62261), (42.94595, -78.67159), (42.94009, -78.68708), (42.93697, -78.71039), (42.92843, -78.74102), (42.93306, -78.77511), (42.93321, -78.81081), (42.93007, -78.82096), (42.92939, -78.83308), (42.92278, -78.84327), (42.90898, -78.84349), (42.90158, -78.84732), (42.8942, -78.86502), (42.89076, -78.86466)]
(43, 16)[(42.92314, -78.40058), (42.92195, -78.49929), (42.92105, -78.509), (42.91586, -78.52148), (42.92498, -78.52791), (42.93111, -78.53946), (42.937, -78.5416), (42.90893, -78.7158), (42.90964, -78.73137), (42.90721, -78.75439), (42.90266, -78.75454), (42.90381, -78.75584), (42.89558, -78.82436), (42.88765, -78.86375)]
(43, 17)[(42.92314, -78.40058), (42.92195, -78.49929), (42.92105, -78.509), (42.91586, -78.52148), (42.92498, -78.52791), (42.93111, -78.53946), (42.937, -78.5416), (42.90876, -78.71709), (42.90964, -78.73137), (42.9072, -78.75521), (42.90928, -78.76903), (42.91151, -78.76837), (42.88641, -78.76777), (42.8815, -78.77012), (42.87659, -78.78509), (42.87614, -78.80865), (42.87206, -78.81998), (42.85346, -78.82924), (42.85347, -78.8315)]
(43, 18)[(42.92314, -78.40058), (42.92195, -78.49929), (42.92105, -78.509), (42.91586, -78.52148), (42.92498, -78.52791), (42.93111, -78.53946), (42.937, -78.5416), (42.90876, -78.71709), (42.90964, -78.73137), (42.9072, -78.75521), (42.90928, -78.76903), (42.91151, -78.76837), (42.88225, -78.76937), (42.87941, -78.7733), (42.87659, -78.78509), (42.87614, -78.80865), (42.87206, -78.81998), (42.86345, -78.82581), (42.85213, -78.82333)]
(43, 19)[(42.92314, -78.40058), (42.92327, -78.38969), (42.9256, -78.3898), (42.95726, -78.40575), (43.003, -78.40574), (43.00372, -78.41718), (42.9984, -78.42177), (42.99271, -78.43308), (42.98166, -78.4819), (42.97921, -78.5021), (42.96934, -78.5273), (42.96277, -78.56296), (42.95071, -78.60798), (42.94746, -78.67178), (42.9508, -78.70547), (42.95209, -78.76389), (42.96752, -78.76899), (42.98559, -78.79267), (42.99587, -78.79071), (43.0, -78.79862), (43.00429, -78.79862), (43.00463, -78.81194), (43.00687, -78.8127)]
(43, 20)[(42.92314, -78.40058), (42.92327, -78.38969), (42.9256, -78.3898), (42.95726, -78.40575), (43.003, -78.40574), (43.00372, -78.41718), (42.9984, -78.42177), (42.99271, -78.43308), (42.98166, -78.4819), (42.97921, -78.5021), (42.96934, -78.5273), (42.96277, -78.56296), (42.95071, -78.60798), (42.94746, -78.67178), (42.9508, -78.70547), (42.95209, -78.76389), (42.96832, -78.76976), (42.98437, -78.79335), (43.00102, -78.81241), (43.00545, -78.82236), (43.01243, -78.82228), (43.01196, -78.812), (43.00958, -78.80942)]
(43, 21)[(42.92314, -78.40058), (42.92327, -78.38969), (42.9256, -78.3898), (42.95726, -78.40575), (43.003, -78.40574), (43.00372, -78.41718), (42.9984, -78.42177), (42.99271, -78.43308), (42.98166, -78.4819), (42.97921, -78.5021), (42.96934, -78.5273), (42.96277, -78.56296), (42.95071, -78.60798), (42.94746, -78.67178), (42.9508, -78.70547), (42.95209, -78.76389), (42.96752, -78.76899), (42.98559, -78.79267), (42.99587, -78.79071), (43.0, -78.79862), (43.00429, -78.79862), (43.00461, -78.80476), (43.00279, -78.80591)]
(43, 22)[(42.92314, -78.40058), (42.92327, -78.38969), (42.92579, -78.38981), (42.95682, -78.40566), (43.003, -78.40574), (43.00333, -78.40829), (43.00356, -78.41765), (42.9984, -78.42177), (42.99245, -78.43407), (42.98166, -78.4819), (42.97921, -78.5021), (42.96934, -78.5273), (42.96277, -78.56296), (42.95007, -78.61283), (42.94746, -78.67178), (42.9508, -78.70547), (42.95148, -78.76138), (42.95396, -78.76595), (42.96139, -78.76541), (42.95958, -78.76499), (42.95908, -78.7687), (42.96342, -78.78399), (42.96452, -78.80054), (42.96196, -78.80755), (42.96576, -78.80977)]
(43, 23)[(42.92314, -78.40058), (42.92327, -78.38969), (42.92579, -78.38981), (42.95682, -78.40566), (43.003, -78.40574), (43.00333, -78.40829), (43.00356, -78.41765), (42.9984, -78.42177), (42.99245, -78.43407), (42.98166, -78.4819), (42.97921, -78.5021), (42.96934, -78.5273), (42.96277, -78.56296), (42.95007, -78.61283), (42.94746, -78.67178), (42.9508, -78.70547), (42.95148, -78.76138), (42.95396, -78.76595), (42.96752, -78.76899), (42.97849, -78.7817), (42.97951, -78.79889), (42.97178, -78.80609), (42.96957, -78.80414)]
(43, 24)[(42.92314, -78.40058), (42.92195, -78.49929), (42.92105, -78.509), (42.91586, -78.52148), (42.92498, -78.52791), (42.93111, -78.53946), (42.937, -78.5416), (42.92853, -78.59303), (42.93291, -78.59307), (42.93388, -78.62283), (42.9447, -78.62261), (42.94589, -78.67229), (42.94009, -78.68708), (42.93697, -78.71039), (42.92842, -78.74128), (42.93035, -78.76007), (42.93256, -78.76532), (42.9335, -78.799), (42.93806, -78.79903), (42.94343, -78.80341), (42.94353, -78.81611)]
(43, 25)[(42.92314, -78.40058), (42.92195, -78.49929), (42.92105, -78.509), (42.91586, -78.52148), (42.92498, -78.52791), (42.93111, -78.53946), (42.937, -78.5416), (42.92853, -78.59303), (42.93291, -78.59307), (42.93388, -78.62283), (42.9447, -78.62261), (42.94568, -78.65223), (42.94579, -78.67287), (42.94009, -78.68708), (42.93697, -78.71039), (42.92843, -78.74154), (42.93035, -78.76007), (42.93256, -78.76532), (42.9335, -78.799), (42.93806, -78.79903), (42.94232, -78.80336), (42.95273, -78.80388), (42.95173, -78.8084)]
(43, 26)[(42.92314, -78.40058), (42.92195, -78.49929), (42.92105, -78.509), (42.91586, -78.52148), (42.92498, -78.52791), (42.93111, -78.53946), (42.937, -78.5416), (42.92853, -78.59303), (42.93291, -78.59307), (42.93388, -78.62283), (42.9447, -78.62261), (42.94568, -78.65223), (42.94579, -78.67287), (42.94009, -78.68708), (42.93697, -78.71039), (42.92843, -78.74154), (42.93035, -78.76007), (42.93252, -78.76498), (42.93331, -78.78413), (42.95305, -78.78404), (42.9521, -78.79726)]
(43, 27)[(42.92314, -78.40058), (42.92195, -78.49929), (42.92105, -78.509), (42.91586, -78.52148), (42.92498, -78.52791), (42.93111, -78.53946), (42.937, -78.5416), (42.92853, -78.59303), (42.93291, -78.59307), (42.93388, -78.62283), (42.9447, -78.62261), (42.94568, -78.65223), (42.94579, -78.67287), (42.94009, -78.68708), (42.93697, -78.71039), (42.92843, -78.74154), (42.93035, -78.76007), (42.93252, -78.76498), (42.93331, -78.78413), (42.945, -78.78389), (42.94491, -78.79151), (42.94882, -78.79488)]
(43, 28)[(42.92314, -78.40058), (42.92195, -78.49929), (42.92105, -78.509), (42.91586, -78.52148), (42.92498, -78.52791), (42.93111, -78.53946), (42.937, -78.5416), (42.92853, -78.59303), (42.93291, -78.59307), (42.93388, -78.62283), (42.9447, -78.62261), (42.94597, -78.67102), (42.94009, -78.68708), (42.93697, -78.71039), (42.92843, -78.74102), (42.93035, -78.76007), (42.93256, -78.76532), (42.9335, -78.799), (42.92279, -78.79877), (42.92271, -78.8072)]
(43, 29)[(42.92314, -78.40058), (42.92195, -78.49929), (42.92105, -78.509), (42.91586, -78.52148), (42.92498, -78.52791), (42.93111, -78.53946), (42.937, -78.5416), (42.92853, -78.59303), (42.93291, -78.59307), (42.93388, -78.62283), (42.9447, -78.62261), (42.94597, -78.67102), (42.94009, -78.68708), (42.93697, -78.71039), (42.9253, -78.76299), (42.92452, -78.77483), (42.91848, -78.79915), (42.91907, -78.80497), (42.92065, -78.80495)]
(43, 30)[(42.92314, -78.40058), (42.92195, -78.49929), (42.92105, -78.509), (42.91586, -78.52148), (42.92498, -78.52791), (42.93111, -78.53946), (42.937, -78.5416), (42.90893, -78.7158), (42.90964, -78.73137), (42.90721, -78.75439), (42.90266, -78.75454), (42.90381, -78.75584), (42.8975, -78.80945), (42.89596, -78.81407), (42.88638, -78.81326)]
(43, 31)[(42.92314, -78.40058), (42.92195, -78.49929), (42.92105, -78.509), (42.91586, -78.52148), (42.92498, -78.52791), (42.93111, -78.53946), (42.937, -78.5416), (42.90893, -78.7158), (42.90964, -78.73137), (42.90721, -78.75439), (42.90266, -78.75454), (42.89837, -78.80219), (42.8873, -78.80246), (42.88732, -78.80438)]
(43, 32)[(42.92314, -78.40058), (42.92195, -78.49929), (42.92105, -78.509), (42.91586, -78.52148), (42.92498, -78.52791), (42.93111, -78.53946), (42.937, -78.5416), (42.90893, -78.7158), (42.90964, -78.73137), (42.90721, -78.75439), (42.90266, -78.75454), (42.89837, -78.80219), (42.88821, -78.80002)]
(43, 33)[(42.92314, -78.40058), (42.92195, -78.49929), (42.92105, -78.509), (42.91586, -78.52148), (42.92498, -78.52791), (42.93111, -78.53946), (42.937, -78.5416), (42.90876, -78.71709), (42.90964, -78.73137), (42.9072, -78.75521), (42.90928, -78.76903), (42.91144, -78.76866), (42.91007, -78.76676), (42.88377, -78.7684), (42.87978, -78.77253), (42.8737, -78.78929), (42.8657, -78.79191), (42.85146, -78.79027), (42.84427, -78.79285), (42.82844, -78.79302), (42.8283, -78.80936), (42.81899, -78.80919)]
(43, 34)[(42.92314, -78.40058), (42.92195, -78.49929), (42.92105, -78.509), (42.91586, -78.52148), (42.92498, -78.52791), (42.93111, -78.53946), (42.937, -78.5416), (42.90876, -78.71709), (42.90964, -78.73137), (42.9072, -78.75521), (42.90928, -78.76903), (42.91144, -78.76866), (42.91007, -78.76676), (42.8843, -78.76818), (42.87978, -78.77253), (42.87627, -78.78589), (42.87325, -78.78953), (42.8657, -78.79191), (42.85146, -78.79027), (42.84427, -78.79285), (42.82844, -78.79302), (42.82818, -78.80439), (42.8166, -78.80093), (42.81561, -78.80441)]
(43, 35)[(42.92314, -78.40058), (42.92327, -78.38969), (42.9256, -78.3898), (42.95726, -78.40575), (43.003, -78.40574), (43.00372, -78.41718), (42.9984, -78.42177), (42.99271, -78.43308), (42.98166, -78.4819), (42.97921, -78.5021), (42.96934, -78.5273), (42.96277, -78.56296), (42.95036, -78.60988), (42.94746, -78.67178), (42.9508, -78.70547), (42.95145, -78.76093), (42.95376, -78.76586), (42.96832, -78.76976), (42.98573, -78.7951), (42.99682, -78.80531), (43.01746, -78.79922), (43.02441, -78.78759), (43.02509, -78.78222), (43.02157, -78.783), (43.02244, -78.78143)]
(43, 36)[(42.92314, -78.40058), (42.92327, -78.38969), (42.9256, -78.3898), (42.95726, -78.40575), (43.003, -78.40574), (43.00372, -78.41718), (42.9984, -78.42177), (42.99271, -78.43308), (42.98166, -78.4819), (42.97921, -78.5021), (42.96934, -78.5273), (42.96277, -78.56296), (42.95071, -78.60798), (42.94746, -78.67178), (42.9508, -78.70547), (42.95234, -78.76433), (42.96752, -78.76899), (42.98573, -78.7951), (42.99692, -78.80533), (43.01263, -78.80212), (43.01926, -78.79738), (43.02368, -78.78987), (43.02509, -78.78222), (43.01982, -78.78301), (43.01939, -78.77964)]
(43, 37)[(42.92314, -78.40058), (42.92327, -78.38969), (42.9256, -78.3898), (42.95726, -78.40575), (43.003, -78.40574), (43.00372, -78.41718), (42.9984, -78.42177), (42.99271, -78.43308), (42.98166, -78.4819), (42.97921, -78.5021), (42.96934, -78.5273), (42.96277, -78.56296), (42.95036, -78.60988), (42.94746, -78.67178), (42.9508, -78.70547), (42.95148, -78.76138), (42.95396, -78.76595), (42.96752, -78.76899), (42.98573, -78.7951), (42.99714, -78.80537), (43.01341, -78.80182), (43.02051, -78.79585), (43.02474, -78.7856), (43.02422, -78.76935), (43.02318, -78.77085)]
(43, 38)[(42.92314, -78.40058), (42.92327, -78.38969), (42.9256, -78.3898), (42.95726, -78.40575), (43.003, -78.40574), (43.00372, -78.41718), (42.9984, -78.42177), (42.99271, -78.43308), (42.98166, -78.4819), (42.97921, -78.5021), (42.96934, -78.5273), (42.96277, -78.56296), (42.95036, -78.60988), (42.94746, -78.67178), (42.9508, -78.70547), (42.95148, -78.76138), (42.95396, -78.76595), (42.96752, -78.76899), (42.98574, -78.79273), (42.99602, -78.78576), (42.99885, -78.77442), (43.00344, -78.77215), (43.00836, -78.77354), (43.01594, -78.76808), (43.02218, -78.76787)]
(43, 39)[(42.92314, -78.40058), (42.92327, -78.38969), (42.9256, -78.3898), (42.95726, -78.40575), (43.003, -78.40574), (43.00372, -78.41718), (42.9984, -78.42177), (42.99271, -78.43308), (42.98166, -78.4819), (42.97921, -78.5021), (42.96934, -78.5273), (42.96277, -78.56296), (42.95071, -78.60798), (42.94746, -78.67178), (42.9508, -78.70547), (42.95269, -78.76485), (42.96752, -78.76899), (42.98574, -78.79273), (42.99602, -78.78576), (42.99885, -78.77442), (43.00344, -78.77215), (43.00836, -78.77354), (43.0178, -78.76802), (43.01556, -78.77144)]
(43, 40)[(42.92314, -78.40058), (42.92327, -78.38969), (42.9256, -78.3898), (42.95682, -78.40566), (43.00306, -78.40612), (43.00372, -78.41718), (42.9984, -78.42177), (42.99296, -78.43228), (42.98166, -78.4819), (42.97921, -78.5021), (42.96755, -78.53469), (42.96277, -78.56296), (42.95071, -78.60798), (42.94785, -78.64223), (42.94746, -78.67178), (42.9508, -78.70547), (42.95174, -78.7629), (42.95396, -78.76595), (42.96664, -78.76835), (42.97804, -78.78161), (42.97832, -78.77648), (42.98949, -78.77742)]
