(60, 0)[(42.91908, -78.70241), (42.91877, -78.73756), (42.92462, -78.74189), (42.92996, -78.744), (42.93028, -78.75959), (42.93245, -78.76452), (42.93306, -78.77511), (42.93317, -78.81129), (42.93007, -78.82096), (42.92939, -78.83308), (42.92355, -78.84357), (42.93333, -78.85875), (42.93466, -78.87113), (42.93438, -78.87823), (42.93706, -78.88232), (42.93746, -78.88938), (42.93824, -78.88989), (42.93605, -78.89616), (42.9361, -78.89867), (42.93864, -78.89812), (42.94969, -78.90381), (42.95379, -78.89998), (42.95341, -78.89921)]
(60, 1)[(42.91908, -78.70241), (42.9186, -78.69691), (42.94701, -78.69694), (42.94839, -78.70321), (42.95233, -78.70345), (42.95086, -78.70937), (42.95209, -78.76389), (42.95396, -78.76595), (42.96433, -78.76727), (42.96832, -78.76976), (42.97824, -78.7826), (42.98437, -78.79335), (42.99259, -78.80143), (43.00202, -78.81395), (43.00432, -78.82343), (43.00136, -78.83642), (43.00064, -78.85326), (43.01086, -78.86279), (43.02096, -78.86097), (43.0348, -78.86192), (43.03869, -78.86427), (43.03778, -78.86866), (43.043, -78.8706), (43.04277, -78.87178)]
(60, 2)[(42.91908, -78.70241), (42.9186, -78.69691), (42.94701, -78.69694), (42.94839, -78.70321), (42.95233, -78.70345), (42.95086, -78.70937), (42.95209, -78.76389), (42.95396, -78.76595), (42.96433, -78.76727), (42.96832, -78.76976), (42.97824, -78.7826), (42.98437, -78.79335), (42.99259, -78.80143), (43.00202, -78.81395), (43.00432, -78.82343), (43.00136, -78.83642), (43.00064, -78.85326), (43.01086, -78.86279), (43.02069, -78.86098), (43.03084, -78.86086), (43.03869, -78.86427), (43.03778, -78.86866), (43.04168, -78.86896)]
(60, 3)[(42.91908, -78.70241), (42.9186, -78.69691), (42.94701, -78.69694), (42.94839, -78.70321), (42.95247, -78.70366), (42.95086, -78.70937), (42.95082, -78.73248), (42.95208, -78.74368), (42.95174, -78.7629), (42.95396, -78.76595), (42.96433, -78.76727), (42.96832, -78.76976), (42.97824, -78.7826), (42.98437, -78.79335), (42.99259, -78.80143), (43.00264, -78.81519), (43.00428, -78.82445), (43.00141, -78.83605), (43.00064, -78.85326), (43.00632, -78.86064), (43.0049, -78.86361), (43.00484, -78.86994)]
(60, 4)[(42.91908, -78.70241), (42.9186, -78.69691), (42.94701, -78.69694), (42.94839, -78.70321), (42.95233, -78.70345), (42.95086, -78.70937), (42.95189, -78.76336), (42.95396, -78.76595), (42.96664, -78.76835), (42.97849, -78.7817), (42.98087, -78.82304), (42.98101, -78.87865), (42.97194, -78.87806)]
(60, 5)[(42.91908, -78.70241), (42.91863, -78.70241), (42.9186, -78.69691), (42.94701, -78.69694), (42.94715, -78.69955), (42.94839, -78.70321), (42.95233, -78.70345), (42.95258, -78.70477), (42.95117, -78.70756), (42.95086, -78.70937), (42.95082, -78.73248), (42.95208, -78.74368), (42.9521, -78.75571), (42.95145, -78.76093), (42.95189, -78.76336), (42.95396, -78.76595), (42.96363, -78.76709), (42.96664, -78.76835), (42.96935, -78.77099), (42.97592, -78.77955), (42.97849, -78.7817), (42.98087, -78.82304), (42.98099, -78.85858), (42.97439, -78.8584), (42.97412, -78.86754)]
(60, 6)[(42.91908, -78.70241), (42.91863, -78.70241), (42.91877, -78.73756), (42.92462, -78.74189), (42.92996, -78.744), (42.93028, -78.75959), (42.93245, -78.76452), (42.93306, -78.77511), (42.93273, -78.79279), (42.9332, -78.79844), (42.93317, -78.81129), (42.93007, -78.82096), (42.92939, -78.83308), (42.92745, -78.8376), (42.92386, -78.84251), (42.92358, -78.84371), (42.92995, -78.85427), (42.93297, -78.85763), (42.93434, -78.8666), (42.93534, -78.86626), (42.93691, -78.86722), (42.96282, -78.87004), (42.96595, -78.86842)]
(60, 7)[(42.91908, -78.70241), (42.91863, -78.70241), (42.9186, -78.69691), (42.94701, -78.69694), (42.94715, -78.69955), (42.94839, -78.70321), (42.95181, -78.70315), (42.95255, -78.70386), (42.95086, -78.70937), (42.95082, -78.73248), (42.95209, -78.74431), (42.95163, -78.76242), (42.95234, -78.76433), (42.95396, -78.76595), (42.96363, -78.76709), (42.96664, -78.76835), (42.96935, -78.77099), (42.97592, -78.77955), (42.97849, -78.7817), (42.98087, -78.82304), (42.98099, -78.85827)]
(60, 8)[(42.91908, -78.70241), (42.91863, -78.70241), (42.9186, -78.69691), (42.94701, -78.69694), (42.94715, -78.69955), (42.94839, -78.70321), (42.95181, -78.70315), (42.95255, -78.70386), (42.95086, -78.70937), (42.95082, -78.73248), (42.95208, -78.74368), (42.9521, -78.75571), (42.95145, -78.76093), (42.95189, -78.76336), (42.95396, -78.76595), (42.96363, -78.76709), (42.96664, -78.76835), (42.96935, -78.77099), (42.97592, -78.77955), (42.97849, -78.7817), (42.98088, -78.82347), (42.98098, -78.85283), (42.97882, -78.85291), (42.97883, -78.85449)]
(60, 9)[(42.91908, -78.70241), (42.91863, -78.70241), (42.9186, -78.69691), (42.94701, -78.69694), (42.94715, -78.69955), (42.94839, -78.70321), (42.95181, -78.70315), (42.95247, -78.70366), (42.95258, -78.70477), (42.95117, -78.70756), (42.95086, -78.70937), (42.95082, -78.73248), (42.95209, -78.74431), (42.95163, -78.76242), (42.95234, -78.76433), (42.95396, -78.76595), (42.96363, -78.76709), (42.96664, -78.76835), (42.96935, -78.77099), (42.97592, -78.77955), (42.97849, -78.7817), (42.98087, -78.82304), (42.98087, -78.85033), (42.98133, -78.85058)]
(60, 10)[(42.91908, -78.70241), (42.91863, -78.70241), (42.91877, -78.73756), (42.92462, -78.74189), (42.92996, -78.744), (42.93028, -78.75959), (42.93245, -78.76452), (42.93306, -78.77511), (42.93273, -78.79279), (42.9332, -78.79844), (42.93317, -78.81129), (42.93007, -78.82096), (42.92939, -78.83308), (42.92745, -78.8376), (42.92386, -78.84251), (42.92358, -78.84371), (42.92995, -78.85427), (42.93297, -78.85763), (42.93434, -78.8666), (42.93534, -78.86626), (42.93691, -78.86722), (42.96282, -78.87004), (42.96475, -78.8689), (42.96475, -78.86788)]
(60, 11)[(42.91908, -78.70241), (42.91863, -78.70241), (42.91877, -78.73756), (42.92462, -78.74189), (42.92996, -78.744), (42.93028, -78.75959), (42.93245, -78.76452), (42.93306, -78.77511), (42.93273, -78.79279), (42.9332, -78.79844), (42.93317, -78.81129), (42.93007, -78.82096), (42.92939, -78.83308), (42.92745, -78.8376), (42.92386, -78.84251), (42.92358, -78.84371), (42.93018, -78.85445), (42.93296, -78.8519), (42.93758, -78.85065), (42.9404, -78.85075), (42.94131, -78.85371), (42.94123, -78.85564), (42.94774, -78.859), (42.96375, -78.8583), (42.96377, -78.86156), (42.9644, -78.86156)]
(60, 12)[(42.91908, -78.70241), (42.91863, -78.70241), (42.91877, -78.73756), (42.92462, -78.74189), (42.92996, -78.744), (42.93028, -78.75959), (42.93245, -78.76452), (42.93306, -78.77511), (42.93273, -78.79279), (42.9332, -78.79844), (42.93317, -78.81129), (42.93007, -78.82096), (42.92939, -78.83308), (42.92745, -78.8376), (42.92386, -78.84251), (42.92358, -78.84371), (42.93025, -78.85448), (42.93296, -78.8519), (42.93758, -78.85065), (42.9404, -78.85075), (42.94131, -78.85371), (42.94123, -78.85564), (42.94774, -78.859), (42.96471, -78.85829), (42.96563, -78.85833), (42.96563, -78.85964)]
(60, 13)[(42.91908, -78.70241), (42.91877, -78.73756), (42.92462, -78.74189), (42.92996, -78.744), (42.93028, -78.75959), (42.93245, -78.76452), (42.93301, -78.77402), (42.93321, -78.81081), (42.93007, -78.82096), (42.92939, -78.83308), (42.92386, -78.84251), (42.90898, -78.84349), (42.90381, -78.84631), (42.90479, -78.8819), (42.90686, -78.88161)]
(60, 14)[(42.91908, -78.70241), (42.91863, -78.70241), (42.91877, -78.73756), (42.92462, -78.74189), (42.92996, -78.744), (42.93028, -78.75959), (42.93245, -78.76452), (42.93301, -78.77402), (42.93273, -78.79279), (42.9332, -78.79844), (42.93321, -78.81081), (42.93016, -78.82049), (42.92964, -78.83189), (42.92745, -78.8376), (42.92278, -78.84327), (42.91379, -78.84368), (42.91395, -78.865), (42.91125, -78.86591), (42.91127, -78.87033), (42.90985, -78.87077), (42.90988, -78.87439), (42.90946, -78.87445)]
(60, 15)[(42.91908, -78.70241), (42.91863, -78.70241), (42.91877, -78.73756), (42.92462, -78.74189), (42.92996, -78.744), (42.93028, -78.75959), (42.93256, -78.76532), (42.93306, -78.77511), (42.93273, -78.79279), (42.9332, -78.79844), (42.93321, -78.81081), (42.93007, -78.82096), (42.92964, -78.83189), (42.92745, -78.8376), (42.92294, -78.84319), (42.90898, -78.84349), (42.90158, -78.84732), (42.89973, -78.84938), (42.89709, -78.85487), (42.89402, -78.86254), (42.8942, -78.86502), (42.8913, -78.86596), (42.89167, -78.86503), (42.89076, -78.86466)]
(60, 16)[(42.91908, -78.70241), (42.91863, -78.70241), (42.91877, -78.73756), (42.92462, -78.74189), (42.92996, -78.744), (42.93028, -78.75959), (42.93256, -78.76532), (42.93306, -78.77511), (42.93273, -78.79279), (42.9332, -78.79844), (42.93321, -78.81081), (42.93007, -78.82096), (42.92964, -78.83189), (42.92745, -78.8376), (42.92345, -78.84285), (42.92183, -78.8435), (42.90898, -78.84349), (42.90334, -78.84617), (42.90077, -78.84807), (42.89874, -78.85123), (42.89402, -78.86254), (42.8942, -78.86502), (42.8913, -78.86596), (42.89167, -78.86503), (42.88774, -78.86333), (42.88765, -78.86375)]
(60, 17)[(42.91908, -78.70241), (42.91863, -78.70241), (42.91865, -78.70917), (42.91687, -78.7097), (42.91572, -78.70855), (42.91475, -78.70937), (42.90993, -78.70948), (42.90876, -78.71709), (42.90964, -78.73137), (42.9072, -78.75521), (42.90903, -78.76231), (42.90928, -78.76903), (42.91076, -78.76936), (42.91135, -78.76885), (42.91134, -78.76743), (42.91007, -78.76676), (42.89723, -78.76727), (42.88558, -78.76785), (42.88316, -78.76872), (42.8815, -78.77012), (42.87894, -78.77466), (42.87659, -78.78509), (42.87614, -78.80865), (42.8752, -78.81191), (42.87201, -78.81711), (42.87206, -78.81998), (42.8645, -78.82541), (42.85984, -78.82552), (42.85596, -78.82774), (42.85536, -78.82923), (42.85346, -78.82924), (42.85347, -78.8315)]
(60, 18)[(42.91908, -78.70241), (42.91863, -78.70241), (42.91865, -78.70917), (42.91687, -78.7097), (42.91572, -78.70855), (42.91475, -78.70937), (42.90993, -78.70948), (42.90876, -78.71709), (42.90964, -78.73137), (42.9072, -78.75521), (42.90903, -78.76231), (42.90928, -78.76903), (42.91076, -78.76936), (42.91135, -78.76885), (42.91134, -78.76743), (42.91007, -78.76676), (42.88558, -78.76785), (42.88225, -78.76937), (42.87941, -78.7733), (42.87659, -78.78509), (42.87614, -78.80865), (42.8752, -78.81191), (42.87201, -78.81711), (42.87206, -78.81998), (42.86345, -78.82581), (42.86015, -78.82561), (42.85621, -78.8236), (42.85213, -78.82333)]
(60, 19)[(42.91908, -78.70241), (42.9186, -78.69691), (42.94701, -78.69694), (42.94839, -78.70321), (42.95233, -78.70345), (42.95086, -78.70937), (42.95209, -78.76389), (42.95396, -78.76595), (42.96363, -78.76709), (42.96752, -78.76899), (42.97824, -78.7826), (42.98251, -78.79003), (42.98559, -78.79267), (42.98867, -78.79054), (42.98972, -78.79246), (42.99587, -78.79071), (42.99667, -78.79456), (43.00006, -78.79704), (43.0, -78.79862), (43.00429, -78.79862), (43.00463, -78.81194), (43.00603, -78.81372), (43.00687, -78.8127)]
(60, 20)[(42.91908, -78.70241), (42.9186, -78.69691), (42.94701, -78.69694), (42.94839, -78.70321), (42.95262, -78.70416), (42.95086, -78.70937), (42.95082, -78.73248), (42.95209, -78.74431), (42.95145, -78.76093), (42.95234, -78.76433), (42.95414, -78.766), (42.96529, -78.76757), (42.96832, -78.76976), (42.97824, -78.7826), (42.98437, -78.79335), (42.99223, -78.80102), (43.00102, -78.81241), (43.00535, -78.82024), (43.00545, -78.82236), (43.01243, -78.82228), (43.01196, -78.812), (43.00958, -78.80942)]
(60, 21)[(42.91908, -78.70241), (42.9186, -78.69691), (42.94701, -78.69694), (42.94839, -78.70321), (42.95233, -78.70345), (42.95086, -78.70937), (42.95209, -78.76389), (42.95396, -78.76595), (42.96363, -78.76709), (42.96752, -78.76899), (42.97824, -78.7826), (42.98251, -78.79003), (42.98559, -78.79267), (42.98867, -78.79054), (42.98972, -78.79246), (42.99587, -78.79071), (42.99667, -78.79456), (43.00006, -78.79704), (43.0, -78.79862), (43.00429, -78.79862), (43.00461, -78.80476), (43.00268, -78.80484), (43.00279, -78.80591)]
(60, 22)[(42.91908, -78.70241), (42.91863, -78.70241), (42.91877, -78.73756), (42.92462, -78.74189), (42.92996, -78.744), (42.93028, -78.75959), (42.93256, -78.76532), (42.93306, -78.77511), (42.93274, -78.79331), (42.9335, -78.799), (42.93806, -78.79903), (42.94232, -78.80336), (42.96337, -78.80394), (42.96196, -78.80755), (42.96576, -78.80977)]
(60, 23)[(42.91908, -78.70241), (42.91863, -78.70241), (42.91877, -78.73756), (42.92462, -78.74189), (42.92996, -78.744), (42.93028, -78.75959), (42.93256, -78.76532), (42.93306, -78.77511), (42.93274, -78.79331), (42.9335, -78.799), (42.93806, -78.79903), (42.94232, -78.80336), (42.96957, -78.80414)]
(60, 24)[(42.91908, -78.70241), (42.91863, -78.70241), (42.91877, -78.73756), (42.92462, -78.74189), (42.92996, -78.744), (42.93028, -78.75959), (42.93256, -78.76532), (42.93306, -78.77511), (42.93274, -78.79331), (42.9335, -78.799), (42.93806, -78.79903), (42.94204, -78.80323), (42.94343, -78.80341), (42.94353, -78.81611)]
(60, 25)[(42.91908, -78.70241), (42.91863, -78.70241), (42.91877, -78.73756), (42.92462, -78.74189), (42.92996, -78.744), (42.93028, -78.75959), (42.93256, -78.76532), (42.93306, -78.77511), (42.93274, -78.79331), (42.9335, -78.799), (42.93806, -78.79903), (42.94232, -78.80336), (42.95273, -78.80388), (42.95173, -78.8084)]
(60, 26)[(42.91908, -78.70241), (42.91863, -78.70241), (42.91877, -78.73756), (42.92462, -78.74189), (42.92996, -78.744), (42.93028, -78.75959), (42.93252, -78.76498), (42.93331, -78.78413), (42.95305, -78.78404), (42.95279, -78.79727), (42.9521, -78.79726)]
(60, 27)[(42.91908, -78.70241), (42.91863, -78.70241), (42.91877, -78.73756), (42.92462, -78.74189), (42.92996, -78.744), (42.93028, -78.75959), (42.93252, -78.76498), (42.93331, -78.78413), (42.945, -78.78389), (42.94491, -78.79151), (42.94605, -78.79155), (42.94754, -78.79277), (42.94772, -78.79335), (42.94674, -78.79491), (42.94746, -78.79543), (42.94794, -78.79458), (42.94882, -78.79488)]
(60, 28)[(42.91908, -78.70241), (42.91863, -78.70241), (42.91877, -78.73756), (42.92462, -78.74189), (42.92996, -78.744), (42.93028, -78.75959), (42.93245, -78.76452), (42.93306, -78.77511), (42.93274, -78.79331), (42.9335, -78.799), (42.92279, -78.79877), (42.92271, -78.8072)]
(60, 29)[(42.91908, -78.70241), (42.91863, -78.70241), (42.91877, -78.73756), (42.92426, -78.74168), (42.92913, -78.74374), (42.92529, -78.76303), (42.92458, -78.76908), (42.92452, -78.77483), (42.91848, -78.79915), (42.919, -78.79915), (42.91907, -78.80497), (42.92065, -78.80495)]
(60, 30)[(42.91908, -78.70241), (42.91863, -78.70241), (42.91865, -78.70917), (42.91687, -78.7097), (42.91572, -78.70855), (42.91475, -78.70937), (42.90993, -78.70948), (42.90871, -78.71815), (42.90963, -78.73161), (42.90721, -78.75439), (42.90266, -78.75454), (42.90378, -78.75515), (42.90381, -78.75584), (42.89899, -78.79766), (42.89758, -78.80455), (42.89786, -78.80696), (42.8975, -78.80945), (42.89653, -78.80947), (42.89596, -78.81407), (42.88639, -78.8142), (42.88638, -78.81326)]
(60, 31)[(42.91908, -78.70241), (42.91863, -78.70241), (42.91865, -78.70917), (42.91687, -78.7097), (42.91572, -78.70855), (42.91475, -78.70937), (42.90993, -78.70948), (42.90871, -78.71815), (42.90963, -78.73161), (42.90721, -78.75439), (42.90266, -78.75454), (42.90378, -78.75515), (42.90381, -78.75584), (42.89837, -78.80219), (42.8873, -78.80246), (42.88732, -78.80438)]
(60, 32)[(42.91908, -78.70241), (42.91863, -78.70241), (42.91865, -78.70917), (42.91687, -78.7097), (42.91572, -78.70855), (42.91475, -78.70937), (42.90993, -78.70948), (42.90871, -78.71815), (42.90963, -78.73161), (42.90721, -78.75439), (42.90266, -78.75454), (42.90378, -78.75515), (42.90381, -78.75584), (42.89837, -78.80219), (42.89241, -78.80238), (42.8924, -78.80116), (42.89114, -78.79998), (42.88821, -78.80002)]
(60, 33)[(42.91908, -78.70241), (42.91865, -78.70917), (42.90993, -78.70948), (42.90876, -78.71709), (42.90964, -78.73137), (42.9072, -78.75521), (42.90903, -78.76231), (42.90928, -78.76903), (42.9112, -78.76909), (42.91134, -78.76743), (42.91007, -78.76676), (42.88377, -78.7684), (42.87978, -78.77253), (42.87627, -78.78589), (42.8737, -78.78929), (42.8657, -78.79191), (42.85798, -78.79212), (42.85146, -78.79027), (42.84427, -78.79285), (42.82844, -78.79302), (42.8283, -78.80936), (42.81924, -78.81016), (42.81899, -78.80919)]
(60, 34)[(42.91908, -78.70241), (42.91865, -78.70917), (42.90993, -78.70948), (42.90876, -78.71709), (42.90964, -78.73137), (42.9072, -78.75521), (42.90903, -78.76231), (42.90928, -78.76903), (42.9111, -78.76919), (42.91139, -78.76756), (42.91007, -78.76676), (42.8843, -78.76818), (42.87978, -78.77253), (42.87627, -78.78589), (42.87325, -78.78953), (42.8657, -78.79191), (42.85798, -78.79212), (42.85146, -78.79027), (42.84427, -78.79285), (42.82844, -78.79302), (42.82818, -78.80439), (42.8166, -78.80093), (42.81654, -78.80444), (42.81561, -78.80441)]
(60, 35)[(42.91908, -78.70241), (42.9186, -78.69691), (42.94701, -78.69694), (42.94839, -78.70321), (42.95233, -78.70345), (42.95086, -78.70937), (42.95209, -78.76389), (42.95396, -78.76595), (42.96363, -78.76709), (42.96752, -78.76899), (42.97824, -78.7826), (42.98573, -78.7951), (42.9962, -78.80499), (42.9979, -78.80526), (43.00195, -78.80282), (43.01175, -78.80239), (43.01746, -78.79922), (43.02112, -78.79497), (43.02441, -78.78759), (43.02509, -78.78222), (43.02157, -78.783), (43.02244, -78.78143)]
(60, 36)[(42.91908, -78.70241), (42.9186, -78.69691), (42.94701, -78.69694), (42.94839, -78.70321), (42.95233, -78.70345), (42.95086, -78.70937), (42.95209, -78.76389), (42.95396, -78.76595), (42.96363, -78.76709), (42.96752, -78.76899), (42.97824, -78.7826), (42.98573, -78.7951), (42.9962, -78.80499), (42.9979, -78.80526), (43.00195, -78.80282), (43.01263, -78.80212), (43.01926, -78.79738), (43.02368, -78.78987), (43.02509, -78.78222), (43.01982, -78.78301), (43.01939, -78.77964)]
(60, 37)[(42.91908, -78.70241), (42.9186, -78.69691), (42.94701, -78.69694), (42.94839, -78.70321), (42.95233, -78.70345), (42.95086, -78.70937), (42.95209, -78.76389), (42.95396, -78.76595), (42.96363, -78.76709), (42.96752, -78.76899), (42.97824, -78.7826), (42.98573, -78.7951), (42.9963, -78.80506), (43.00195, -78.80282), (43.01263, -78.80212), (43.01987, -78.79667), (43.02328, -78.79086), (43.02474, -78.7856), (43.02422, -78.76935), (43.02283, -78.76937), (43.02318, -78.77085)]
(60, 38)[(42.91908, -78.70241), (42.9186, -78.69691), (42.94701, -78.69694), (42.94839, -78.70321), (42.95233, -78.70345), (42.95086, -78.70937), (42.95189, -78.76336), (42.95396, -78.76595), (42.96363, -78.76709), (42.96752, -78.76899), (42.97824, -78.7826), (42.98251, -78.79003), (42.98559, -78.79267), (42.99602, -78.78576), (42.99715, -78.77685), (42.99885, -78.77442), (43.00344, -78.77215), (43.00836, -78.77354), (43.01594, -78.76808), (43.02218, -78.76787)]
(60, 39)[(42.91908, -78.70241), (42.9186, -78.69691), (42.94701, -78.69694), (42.94839, -78.70321), (42.95233, -78.70345), (42.95086, -78.70937), (42.95189, -78.76336), (42.95396, -78.76595), (42.96363, -78.76709), (42.96752, -78.76899), (42.97824, -78.7826), (42.98251, -78.79003), (42.98559, -78.79267), (42.99602, -78.78576), (42.99715, -78.77685), (42.99885, -78.77442), (43.00344, -78.77215), (43.00836, -78.77354), (43.01518, -78.76851), (43.0178, -78.76802), (43.01777, -78.7699), (43.01556, -78.77144)]
(60, 40)[(42.91908, -78.70241), (42.91863, -78.70241), (42.9186, -78.69691), (42.94701, -78.69694), (42.94715, -78.69955), (42.94839, -78.70321), (42.95181, -78.70315), (42.95262, -78.70416), (42.95086, -78.70937), (42.95082, -78.73248), (42.95209, -78.74431), (42.9521, -78.75571), (42.95145, -78.76093), (42.95209, -78.76389), (42.95396, -78.76595), (42.96363, -78.76709), (42.96664, -78.76835), (42.97804, -78.78161), (42.97849, -78.7817), (42.9782, -78.77653), (42.98383, -78.77669), (42.98387, -78.77785), (42.98949, -78.77742)]
(60, 41)[(42.91908, -78.70241), (42.91863, -78.70241), (42.9186, -78.69691), (42.9893, -78.69695), (42.98937, -78.70346), (42.99108, -78.72), (42.99103, -78.75794), (42.99149, -78.77068)]
(60, 42)[(42.91908, -78.70241), (42.91863, -78.70241), (42.91877, -78.73756), (42.92462, -78.74189), (42.92996, -78.744), (42.93024, -78.74734), (42.93028, -78.75959), (42.93073, -78.76127), (42.93212, -78.76323), (42.93355, -78.76367), (42.93506, -78.76554), (42.93655, -78.7662), (42.94089, -78.76624), (42.94522, -78.7652), (42.94516, -78.76822), (42.94963, -78.76813), (42.94964, -78.77353), (42.95032, -78.77319), (42.95055, -78.77239), (42.95143, -78.77239), (42.95167, -78.7713), (42.95286, -78.77119)]
(60, 43)[(42.91908, -78.70241), (42.91863, -78.70241), (42.91877, -78.73756), (42.92426, -78.74168), (42.92913, -78.74374), (42.92529, -78.76303), (42.92458, -78.76908), (42.92455, -78.77274), (42.92155, -78.77277)]
(60, 44)[(42.91908, -78.70241), (42.91863, -78.70241), (42.91877, -78.73756), (42.92426, -78.74168), (42.92913, -78.74374), (42.9253, -78.76299), (42.92464, -78.76847)]
(60, 45)[(42.91908, -78.70241), (42.91863, -78.70241), (42.91885, -78.75418), (42.92202, -78.75412), (42.92162, -78.76101), (42.92307, -78.76109)]
(60, 46)[(42.91908, -78.70241), (42.91863, -78.70241), (42.91882, -78.74649), (42.91146, -78.7468), (42.91148, -78.74996)]
(60, 47)[(42.91908, -78.70241), (42.91863, -78.70241), (42.91877, -78.73756), (42.92507, -78.74212), (42.92506, -78.74411), (42.92461, -78.74411), (42.92245, -78.75006)]
(60, 48)[(42.91908, -78.70241), (42.91863, -78.70241), (42.91877, -78.73756), (42.92507, -78.74212), (42.92506, -78.74411), (42.92461, -78.74411), (42.92419, -78.74534), (42.92418, -78.75009)]
(60, 49)[(42.91908, -78.70241), (42.91863, -78.70241), (42.91877, -78.73756), (42.92408, -78.74157), (42.92593, -78.74245), (42.92592, -78.74735), (42.92613, -78.74742)]
(60, 50)[(42.91908, -78.70241), (42.91863, -78.70241), (42.91877, -78.73756), (42.92408, -78.74157), (42.92538, -78.74226), (42.92536, -78.74258)]
(60, 51)[(42.91908, -78.70241), (42.91863, -78.70241), (42.91877, -78.73756), (42.92408, -78.74157), (42.92673, -78.74277), (42.92671, -78.74091)]
(60, 52)[(42.91908, -78.70241), (42.91863, -78.70241), (42.91877, -78.73756), (42.92374, -78.74132), (42.924, -78.7406), (42.92429, -78.74063), (42.9243, -78.7401)]
(60, 53)[(42.91908, -78.70241), (42.91865, -78.70917), (42.90993, -78.70948), (42.90871, -78.71815), (42.90963, -78.73161), (42.90721, -78.75439), (42.8852, -78.7546), (42.87805, -78.75319), (42.8558, -78.75465), (42.83349, -78.75375), (42.83233, -78.76082), (42.83163, -78.76085)]
(60, 54)[(42.91908, -78.70241), (42.91863, -78.70241), (42.91865, -78.70917), (42.91729, -78.70918), (42.91687, -78.7097), (42.91572, -78.70855), (42.91561, -78.70863), (42.9152, -78.70929), (42.91506, -78.70912), (42.91475, -78.70937), (42.91266, -78.70942), (42.91266, -78.71057), (42.91352, -78.71056), (42.91354, -78.71334)]
(60, 55)[(42.91908, -78.70241), (42.91863, -78.70241), (42.91865, -78.70917), (42.91729, -78.70918), (42.91687, -78.7097), (42.91572, -78.70855), (42.91561, -78.70863), (42.9152, -78.70929), (42.91506, -78.70912), (42.91475, -78.70937), (42.90993, -78.70948), (42.90956, -78.7118), (42.9108, -78.71177)]
(60, 56)[(42.91908, -78.70241), (42.91863, -78.70241), (42.9186, -78.69691), (42.91373, -78.69692), (42.91374, -78.69967)]
(60, 57)[(42.91908, -78.70241), (42.91863, -78.70241), (42.9186, -78.69691), (42.91387, -78.69692), (42.91387, -78.69585), (42.91446, -78.69585)]
(60, 58)[(42.91908, -78.70241), (42.91863, -78.70241), (42.9186, -78.69691), (42.86812, -78.69694), (42.86781, -78.72388), (42.86594, -78.72389)]
(60, 59)[(42.91908, -78.70241), (42.91863, -78.70241), (42.9186, -78.69691), (42.86812, -78.69694), (42.86783, -78.71446), (42.86685, -78.71471)]
(61, 0)[(43.06138, -78.72518), (43.0563, -78.72451), (43.04785, -78.73344), (43.04719, -78.74784), (43.04352, -78.75612), (43.0393, -78.759), (43.02948, -78.76161), (43.02689, -78.76402), (43.02589, -78.76725), (43.02525, -78.78555), (43.02073, -78.79629), (43.01379, -78.8023), (43.0021, -78.80396), (42.99926, -78.80662), (42.99919, -78.80949), (43.00338, -78.81718), (43.00432, -78.82343), (43.00141, -78.83605), (43.00094, -78.84986), (42.99602, -78.86271), (42.99558, -78.87578), (42.99683, -78.87688), (42.99632, -78.87463), (42.98097, -78.87238), (42.98098, -78.88539), (42.96092, -78.88884), (42.96158, -78.894), (42.95996, -78.89425), (42.95379, -78.89998), (42.95341, -78.89921)]
(61, 1)[(43.06138, -78.72518), (43.0563, -78.72451), (43.04785, -78.73344), (43.04719, -78.74784), (43.04554, -78.75311), (43.04352, -78.75612), (43.04162, -78.75777), (43.0348, -78.76074), (43.03481, -78.80878), (43.03612, -78.8156), (43.03543, -78.86223), (43.03869, -78.86427), (43.03778, -78.86866), (43.043, -78.8706), (43.04277, -78.87178)]
(61, 2)[(43.06138, -78.72518), (43.0563, -78.72451), (43.04785, -78.73344), (43.04719, -78.74784), (43.04554, -78.75311), (43.04352, -78.75612), (43.04162, -78.75777), (43.0348, -78.76074), (43.03481, -78.80878), (43.03612, -78.8156), (43.03543, -78.86223), (43.03869, -78.86427), (43.03778, -78.86866), (43.04017, -78.86959), (43.04046, -78.8685), (43.04168, -78.86896)]
(61, 3)[(43.06138, -78.72518), (43.0563, -78.72451), (43.04785, -78.73344), (43.04719, -78.74784), (43.04568, -78.7528), (43.04352, -78.75612), (43.0393, -78.759), (43.02948, -78.76161), (43.02689, -78.76402), (43.02589, -78.76725), (43.02585, -78.78082), (43.02525, -78.78555), (43.02373, -78.79073), (43.02073, -78.79629), (43.01772, -78.79965), (43.01379, -78.8023), (43.00888, -78.80371), (43.0021, -78.80396), (43.0004, -78.80501), (42.99921, -78.80674), (42.99919, -78.80949), (43.00296, -78.81592), (43.00419, -78.82101), (43.00406, -78.8264), (43.00203, -78.83294), (43.0012, -78.83787), (43.00115, -78.84898), (43.00064, -78.85326), (43.00258, -78.8548), (43.00253, -78.85658), (43.00632, -78.86064), (43.0049, -78.86361), (43.00484, -78.86994)]
(61, 4)[(43.06138, -78.72518), (43.0563, -78.72451), (43.04785, -78.73344), (43.04719, -78.74784), (43.04352, -78.75612), (43.0393, -78.759), (43.02948, -78.76161), (43.02689, -78.76402), (43.02589, -78.76725), (43.02525, -78.78555), (43.02073, -78.79629), (43.01379, -78.8023), (43.0021, -78.80396), (42.99926, -78.80662), (42.99919, -78.80949), (43.00338, -78.81718), (43.00432, -78.82343), (43.00141, -78.83605), (43.00094, -78.84986), (42.99602, -78.86271), (42.99558, -78.87578), (42.99683, -78.87688), (42.99632, -78.87463), (42.98097, -78.87238), (42.98101, -78.87865), (42.97194, -78.87806)]
(61, 5)[(43.06138, -78.72518), (43.0563, -78.72451), (43.04785, -78.73344), (43.04719, -78.74784), (43.04352, -78.75612), (43.0393, -78.759), (43.02948, -78.76161), (43.02689, -78.76402), (43.02589, -78.76725), (43.02525, -78.78555), (43.02073, -78.79629), (43.01379, -78.8023), (43.0021, -78.80396), (42.99926, -78.80662), (42.99919, -78.80949), (43.00338, -78.81718), (43.00432, -78.82343), (43.00141, -78.83605), (43.00094, -78.84986), (42.99602, -78.86271), (42.99558, -78.87578), (42.99683, -78.87688), (42.99632, -78.87463), (42.97411, -78.87146), (42.97412, -78.86754)]
(61, 6)[(43.06138, -78.72518), (43.0563, -78.72451), (43.04785, -78.73344), (43.04719, -78.74784), (43.04352, -78.75612), (43.0393, -78.759), (43.02948, -78.76161), (43.02689, -78.76402), (43.02589, -78.76725), (43.02525, -78.78555), (43.02073, -78.79629), (43.01379, -78.8023), (43.0021, -78.80396), (42.99926, -78.80662), (42.99919, -78.80949), (43.00338, -78.81718), (43.00432, -78.82343), (43.00141, -78.83605), (43.00094, -78.84986), (42.99602, -78.86271), (42.99558, -78.87578), (42.99683, -78.87688), (42.99632, -78.87463), (42.96606, -78.87043), (42.96595, -78.86842)]
(61, 7)[(43.06138, -78.72518), (43.0563, -78.72451), (43.04785, -78.73344), (43.04719, -78.74784), (43.04352, -78.75612), (43.0393, -78.759), (43.02948, -78.76161), (43.02689, -78.76402), (43.02589, -78.76725), (43.02525, -78.78555), (43.02073, -78.79629), (43.01379, -78.8023), (43.00219, -78.80393), (42.99932, -78.80649), (42.99915, -78.80936), (43.00296, -78.81592), (43.00432, -78.82285), (43.00136, -78.83642), (43.00057, -78.85344), (42.99837, -78.85202), (42.98098, -78.85283), (42.98099, -78.85827)]
(61, 8)[(43.06138, -78.72518), (43.0563, -78.72451), (43.04785, -78.73344), (43.04719, -78.74784), (43.04352, -78.75612), (43.0393, -78.759), (43.02948, -78.76161), (43.02689, -78.76402), (43.02589, -78.76725), (43.02525, -78.78555), (43.02073, -78.79629), (43.01379, -78.8023), (43.00219, -78.80393), (42.99932, -78.80649), (42.99915, -78.80936), (43.00296, -78.81592), (43.00432, -78.82285), (43.00136, -78.83642), (43.00057, -78.85344), (42.99837, -78.85202), (42.9799, -78.85285), (42.97882, -78.85291), (42.97883, -78.85449)]
(61, 9)[(43.06138, -78.72518), (43.0563, -78.72451), (43.04785, -78.73344), (43.04719, -78.74784), (43.04568, -78.7528), (43.04352, -78.75612), (43.0393, -78.759), (43.02948, -78.76161), (43.02689, -78.76402), (43.02589, -78.76725), (43.02585, -78.78082), (43.02525, -78.78555), (43.02373, -78.79073), (43.02073, -78.79629), (43.01772, -78.79965), (43.01379, -78.8023), (43.00888, -78.80371), (43.00219, -78.80393), (43.00058, -78.80484), (42.99932, -78.80649), (42.99915, -78.80936), (43.00296, -78.81592), (43.00432, -78.82285), (43.00383, -78.8275), (43.00136, -78.83642), (43.00105, -78.85117), (43.00057, -78.85344), (42.99837, -78.85202), (42.98681, -78.85316), (42.98189, -78.85284), (42.98184, -78.85097), (42.98133, -78.85058)]
(61, 10)[(43.06138, -78.72518), (43.0563, -78.72451), (43.04785, -78.73344), (43.04719, -78.74784), (43.04352, -78.75612), (43.0393, -78.759), (43.02948, -78.76161), (43.02689, -78.76402), (43.02589, -78.76725), (43.02525, -78.78555), (43.02073, -78.79629), (43.01379, -78.8023), (43.0021, -78.80396), (42.99926, -78.80662), (42.99919, -78.80949), (43.00338, -78.81718), (43.00432, -78.82343), (43.00141, -78.83605), (43.00094, -78.84986), (42.99602, -78.86271), (42.99558, -78.87578), (42.99683, -78.87688), (42.99632, -78.87463), (42.96529, -78.87036), (42.96475, -78.86788)]
(61, 11)[(43.06138, -78.72518), (43.0563, -78.72451), (43.04785, -78.73344), (43.04719, -78.74784), (43.04352, -78.75612), (43.0393, -78.759), (43.02948, -78.76161), (43.02689, -78.76402), (43.02589, -78.76725), (43.02525, -78.78555), (43.02073, -78.79629), (43.01379, -78.8023), (43.00219, -78.80393), (42.99932, -78.80649), (42.99915, -78.80936), (43.00296, -78.81592), (43.00432, -78.82285), (43.00136, -78.83642), (43.00057, -78.85344), (42.99837, -78.85202), (42.98727, -78.85276), (42.98555, -78.85858), (42.96471, -78.85829), (42.9644, -78.86156)]
(61, 12)[(43.06138, -78.72518), (43.0563, -78.72451), (43.04785, -78.73344), (43.04719, -78.74784), (43.04352, -78.75612), (43.0393, -78.759), (43.02948, -78.76161), (43.02689, -78.76402), (43.02589, -78.76725), (43.02525, -78.78555), (43.02073, -78.79629), (43.01379, -78.8023), (43.00219, -78.80393), (42.99932, -78.80649), (42.99915, -78.80936), (43.00296, -78.81592), (43.00432, -78.82285), (43.00136, -78.83642), (43.00057, -78.85344), (42.99837, -78.85202), (42.98727, -78.85276), (42.98555, -78.85858), (42.96563, -78.85833), (42.96563, -78.85964)]
(61, 13)[(43.06138, -78.72518), (43.0563, -78.72451), (43.04785, -78.73344), (43.04719, -78.74784), (43.04352, -78.75612), (43.04042, -78.75853), (43.02948, -78.76161), (43.02715, -78.76361), (43.02589, -78.76725), (43.02558, -78.78356), (43.02373, -78.79073), (43.01903, -78.79839), (43.01184, -78.80306), (43.00236, -78.80389), (42.99781, -78.80738), (42.99605, -78.80722), (42.99179, -78.8009), (42.98448, -78.79394), (42.97815, -78.7829), (42.96872, -78.77053), (42.9648, -78.76768), (42.94772, -78.76587), (42.93651, -78.76649), (42.93294, -78.76872), (42.93321, -78.81081), (42.93007, -78.82096), (42.92939, -78.83308), (42.92709, -78.83817), (42.92294, -78.84319), (42.90898, -78.84349), (42.90381, -78.84631), (42.90479, -78.8819), (42.90686, -78.88161)]
(61, 14)[(43.06138, -78.72518), (43.0563, -78.72451), (43.04785, -78.73344), (43.04719, -78.74784), (43.04352, -78.75612), (43.04042, -78.75853), (43.02948, -78.76161), (43.02715, -78.76361), (43.02589, -78.76725), (43.02558, -78.78356), (43.02373, -78.79073), (43.01903, -78.79839), (43.01184, -78.80306), (43.00236, -78.80389), (42.99781, -78.80738), (42.99605, -78.80722), (42.99179, -78.8009), (42.98448, -78.79394), (42.97815, -78.7829), (42.96872, -78.77053), (42.9648, -78.76768), (42.94772, -78.76587), (42.93651, -78.76649), (42.93294, -78.76872), (42.93321, -78.81081), (42.93007, -78.82096), (42.92939, -78.83308), (42.92745, -78.8376), (42.92324, -78.843), (42.91379, -78.84368), (42.91395, -78.865), (42.91125, -78.86591), (42.91127, -78.87033), (42.90985, -78.87077), (42.90946, -78.87445)]
(61, 15)[(43.06138, -78.72518), (43.0563, -78.72451), (43.04785, -78.73344), (43.04719, -78.74784), (43.04352, -78.75612), (43.02715, -78.76361), (43.02373, -78.79073), (43.01903, -78.79839), (43.01184, -78.80306), (42.99605, -78.80722), (42.9648, -78.76768), (42.94772, -78.76587), (42.93294, -78.76872), (42.93321, -78.81081), (42.92853, -78.83549), (42.92278, -78.84327), (42.90898, -78.84349), (42.90158, -78.84732), (42.8942, -78.86502), (42.89076, -78.86466)]
(61, 16)[(43.06138, -78.72518), (43.0563, -78.72451), (43.04785, -78.73344), (43.04719, -78.74784), (43.04352, -78.75612), (43.02715, -78.76361), (43.02373, -78.79073), (43.01903, -78.79839), (43.01184, -78.80306), (42.99605, -78.80722), (42.9648, -78.76768), (42.94772, -78.76587), (42.93294, -78.76872), (42.93321, -78.81081), (42.92811, -78.83637), (42.92278, -78.84327), (42.90898, -78.84349), (42.90226, -78.84682), (42.8979, -78.85304), (42.8942, -78.86502), (42.88765, -78.86375)]
(61, 17)[(43.06138, -78.72518), (43.0563, -78.72451), (43.04785, -78.73344), (43.04719, -78.74784), (43.04352, -78.75612), (43.02689, -78.76402), (43.02398, -78.79004), (43.01442, -78.80197), (42.99615, -78.80729), (42.96872, -78.77053), (42.96425, -78.76751), (42.88558, -78.76785), (42.87878, -78.77523), (42.87647, -78.7859), (42.87614, -78.80865), (42.87206, -78.81998), (42.85346, -78.82924), (42.85347, -78.8315)]
(61, 18)[(43.06138, -78.72518), (43.0563, -78.72451), (43.04785, -78.73344), (43.04719, -78.74784), (43.04352, -78.75612), (43.02689, -78.76402), (43.02398, -78.79004), (43.01903, -78.79839), (43.01379, -78.8023), (42.99605, -78.80722), (42.96872, -78.77053), (42.96425, -78.76751), (42.88558, -78.76785), (42.87878, -78.77523), (42.87647, -78.7859), (42.87614, -78.80865), (42.87206, -78.81998), (42.86345, -78.82581), (42.85213, -78.82333)]
(61, 19)[(43.06138, -78.72518), (43.0563, -78.72451), (43.04785, -78.73344), (43.04719, -78.74784), (43.04568, -78.7528), (43.04352, -78.75612), (43.0393, -78.759), (43.02948, -78.76161), (43.02689, -78.76402), (43.02589, -78.76725), (43.02585, -78.78082), (43.02525, -78.78555), (43.02283, -78.7927), (43.01805, -78.79979), (43.0183, -78.80094), (43.01922, -78.80083), (43.01942, -78.799), (43.00429, -78.7988), (43.00463, -78.81194), (43.00497, -78.81302), (43.00603, -78.81372), (43.00687, -78.8127)]
(61, 20)[(43.06138, -78.72518), (43.0563, -78.72451), (43.04785, -78.73344), (43.04719, -78.74784), (43.04568, -78.7528), (43.04352, -78.75612), (43.0393, -78.759), (43.02948, -78.76161), (43.02689, -78.76402), (43.02587, -78.76761), (43.02594, -78.7777), (43.02545, -78.78446), (43.02373, -78.79073), (43.01956, -78.79847), (43.0195, -78.799), (43.02007, -78.79899), (43.02052, -78.8035), (43.01989, -78.8067), (43.01196, -78.80597), (43.01196, -78.812), (43.01108, -78.81176), (43.00958, -78.80942)]
(61, 21)[(43.06138, -78.72518), (43.0563, -78.72451), (43.04785, -78.73344), (43.04719, -78.74784), (43.04568, -78.7528), (43.04352, -78.75612), (43.0393, -78.759), (43.02948, -78.76161), (43.02689, -78.76402), (43.02589, -78.76725), (43.02585, -78.78082), (43.02525, -78.78555), (43.02283, -78.7927), (43.01805, -78.79979), (43.0183, -78.80094), (43.01922, -78.80083), (43.01942, -78.799), (43.00429, -78.7988), (43.00461, -78.80476), (43.00268, -78.80484), (43.00279, -78.80591)]
(61, 22)[(43.06138, -78.72518), (43.0563, -78.72451), (43.01639, -78.76773), (43.00836, -78.77354), (43.00343, -78.7724), (42.9989, -78.77516), (42.9974, -78.77776), (42.99718, -78.78376), (42.99603, -78.78623), (42.98716, -78.79194), (42.96837, -78.8091), (42.96766, -78.80807), (42.96576, -78.80977)]
(61, 23)[(43.06138, -78.72518), (43.0563, -78.72451), (43.0168, -78.76737), (43.00836, -78.77354), (43.00343, -78.7724), (42.9989, -78.77516), (42.9974, -78.77776), (42.99718, -78.78376), (42.99603, -78.78623), (42.98716, -78.79194), (42.97178, -78.80609), (42.96957, -78.80414)]
(61, 24)[(43.06138, -78.72518), (43.0563, -78.72451), (43.01639, -78.76773), (43.00836, -78.77354), (43.00343, -78.7724), (42.9989, -78.77516), (42.9974, -78.77776), (42.99718, -78.78376), (42.99603, -78.78623), (42.98716, -78.79194), (42.96304, -78.81387), (42.94344, -78.81366), (42.94353, -78.81611)]
(61, 25)[(43.06138, -78.72518), (43.0563, -78.72451), (43.01639, -78.76773), (43.00836, -78.77354), (43.00343, -78.7724), (42.9989, -78.77516), (42.9974, -78.77776), (42.99718, -78.78376), (42.99603, -78.78623), (42.98716, -78.79194), (42.97178, -78.80609), (42.96915, -78.80392), (42.95273, -78.80388), (42.95173, -78.8084)]
(61, 26)[(43.06138, -78.72518), (43.0563, -78.72451), (43.01639, -78.76773), (43.00836, -78.77354), (43.00343, -78.7724), (42.9989, -78.77516), (42.9974, -78.77776), (42.99718, -78.78376), (42.99603, -78.78623), (42.98716, -78.79194), (42.97178, -78.80609), (42.96915, -78.80392), (42.95273, -78.80388), (42.95279, -78.79727), (42.9521, -78.79726)]
(61, 27)[(43.06138, -78.72518), (43.0563, -78.72451), (43.01639, -78.76773), (43.00836, -78.77354), (43.00343, -78.7724), (42.9989, -78.77516), (42.9974, -78.77776), (42.99718, -78.78376), (42.99603, -78.78623), (42.98716, -78.79194), (42.97178, -78.80609), (42.96915, -78.80392), (42.94889, -78.80343), (42.94882, -78.79488)]
(61, 28)[(43.06138, -78.72518), (43.0563, -78.72451), (43.04785, -78.73344), (43.04719, -78.74784), (43.04352, -78.75612), (43.0393, -78.759), (43.02948, -78.76161), (43.02689, -78.76402), (43.02589, -78.76725), (43.02585, -78.78082), (43.0246, -78.78811), (43.02073, -78.79629), (43.01532, -78.80149), (43.00979, -78.80355), (43.0021, -78.80396), (42.99636, -78.80741), (42.9914, -78.80045), (42.98448, -78.79394), (42.97815, -78.7829), (42.9673, -78.76914), (42.95816, -78.76651), (42.93679, -78.76644), (42.93263, -78.76948), (42.9335, -78.799), (42.92279, -78.79877), (42.92271, -78.8072)]
(61, 29)[(43.06138, -78.72518), (43.0563, -78.72451), (43.04785, -78.73344), (43.04719, -78.74784), (43.04352, -78.75612), (43.0393, -78.759), (43.02948, -78.76161), (43.02689, -78.76402), (43.02589, -78.76725), (43.02585, -78.78082), (43.0246, -78.78811), (43.02073, -78.79629), (43.01532, -78.80149), (43.00979, -78.80355), (43.0021, -78.80396), (42.99626, -78.80735), (42.99179, -78.8009), (42.98448, -78.79394), (42.97815, -78.7829), (42.9673, -78.76914), (42.96353, -78.76733), (42.94772, -78.76587), (42.93651, -78.76649), (42.93285, -78.76882), (42.93274, -78.79331), (42.9335, -78.799), (42.92279, -78.79877), (42.92274, -78.80493), (42.92065, -78.80495)]
(61, 30)[(43.06138, -78.72518), (43.0563, -78.72451), (43.04785, -78.73344), (43.04719, -78.74784), (43.04352, -78.75612), (43.02689, -78.76402), (43.02398, -78.79004), (43.01903, -78.79839), (43.01379, -78.8023), (42.99605, -78.80722), (42.96872, -78.77053), (42.96425, -78.76751), (42.88767, -78.76773), (42.88402, -78.7689), (42.88474, -78.80969), (42.88634, -78.80966), (42.88638, -78.81326)]
(61, 31)[(43.06138, -78.72518), (43.0563, -78.72451), (43.04785, -78.73344), (43.04719, -78.74784), (43.04352, -78.75612), (43.02689, -78.76402), (43.02398, -78.79004), (43.01903, -78.79839), (43.01379, -78.8023), (42.99605, -78.80722), (42.9648, -78.76768), (42.91945, -78.76633), (42.88402, -78.7689), (42.88468, -78.80384), (42.88732, -78.80438)]
(61, 32)[(43.06138, -78.72518), (43.0563, -78.72451), (43.04785, -78.73344), (43.04719, -78.74784), (43.04352, -78.75612), (43.02715, -78.76361), (43.02398, -78.79004), (43.01903, -78.79839), (43.01296, -78.80267), (43.00219, -78.80393), (42.99626, -78.80735), (42.9673, -78.76914), (42.94772, -78.76587), (42.88402, -78.7689), (42.88427, -78.79856), (42.88515, -78.80251), (42.88821, -78.80002)]
(61, 33)[(43.06138, -78.72518), (43.0563, -78.72451), (43.04785, -78.73344), (43.04719, -78.74784), (43.04352, -78.75612), (43.02715, -78.76361), (43.02373, -78.79073), (43.01903, -78.79839), (43.01184, -78.80306), (42.99605, -78.80722), (42.9648, -78.76768), (42.91683, -78.7664), (42.88377, -78.7684), (42.87978, -78.77253), (42.8737, -78.78929), (42.8657, -78.79191), (42.85146, -78.79027), (42.84427, -78.79285), (42.82844, -78.79302), (42.8283, -78.80936), (42.81899, -78.80919)]
(61, 34)[(43.06138, -78.72518), (43.0563, -78.72451), (43.04785, -78.73344), (43.04719, -78.74784), (43.04352, -78.75612), (43.02715, -78.76361), (43.02373, -78.79073), (43.01903, -78.79839), (43.01184, -78.80306), (43.00236, -78.80389), (42.99626, -78.80735), (42.9673, -78.76914), (42.94772, -78.76587), (42.88488, -78.76801), (42.87978, -78.77253), (42.87627, -78.78589), (42.87325, -78.78953), (42.8657, -78.79191), (42.85146, -78.79027), (42.84427, -78.79285), (42.82844, -78.79302), (42.82818, -78.80439), (42.8166, -78.80093), (42.81561, -78.80441)]
(61, 35)[(43.06138, -78.72518), (43.0563, -78.72451), (43.04785, -78.73344), (43.04719, -78.74784), (43.04659, -78.75043), (43.04526, -78.75365), (43.04352, -78.75612), (43.04042, -78.75853), (43.02948, -78.76161), (43.02743, -78.76318), (43.02633, -78.76525), (43.02587, -78.76761), (43.02594, -78.7777), (43.02624, -78.78264), (43.02403, -78.78217), (43.02157, -78.783), (43.02151, -78.78184), (43.02244, -78.78143)]
(61, 36)[(43.06138, -78.72518), (43.0563, -78.72451), (43.04785, -78.73344), (43.04719, -78.74784), (43.04568, -78.7528), (43.04352, -78.75612), (43.0393, -78.759), (43.02948, -78.76161), (43.02689, -78.76402), (43.02584, -78.76807), (43.02624, -78.78264), (43.02403, -78.78217), (43.01982, -78.78301), (43.01939, -78.77964)]
(61, 37)[(43.06138, -78.72518), (43.0563, -78.72451), (43.04622, -78.73513), (43.02425, -78.75919), (43.02422, -78.76935), (43.02283, -78.76937), (43.02318, -78.77085)]
(61, 38)[(43.06138, -78.72518), (43.0563, -78.72451), (43.04572, -78.73567), (43.02425, -78.75919), (43.02422, -78.76785), (43.02218, -78.76787)]
(61, 39)[(43.06138, -78.72518), (43.0563, -78.72451), (43.01663, -78.76752), (43.01676, -78.76805), (43.0178, -78.76802), (43.01777, -78.7699), (43.01557, -78.7706), (43.01556, -78.77144)]
(61, 40)[(43.06138, -78.72518), (43.0563, -78.72451), (43.01639, -78.76773), (43.00836, -78.77354), (43.00343, -78.7724), (42.9989, -78.77516), (42.99751, -78.77736), (42.99632, -78.78406), (42.99353, -78.78644), (42.99129, -78.78653), (42.99139, -78.77706), (42.98949, -78.77742)]
(61, 41)[(43.06138, -78.72518), (43.0563, -78.72451), (43.01594, -78.76808), (43.00649, -78.76831), (43.00647, -78.76418), (43.00295, -78.76083), (42.9988, -78.76101), (42.99293, -78.75947), (42.99111, -78.75978), (42.99149, -78.77068)]
(61, 42)[(43.06138, -78.72518), (43.0563, -78.72451), (43.04785, -78.73344), (43.04719, -78.74784), (43.04352, -78.75612), (43.04042, -78.75853), (43.02948, -78.76161), (43.02715, -78.76361), (43.02589, -78.76725), (43.02558, -78.78356), (43.02398, -78.79004), (43.01903, -78.79839), (43.01296, -78.80267), (43.00219, -78.80393), (42.99626, -78.80735), (42.99179, -78.8009), (42.98448, -78.79394), (42.97815, -78.7829), (42.9673, -78.76914), (42.96425, -78.76751), (42.96165, -78.76896), (42.95906, -78.76806), (42.95565, -78.7722), (42.95474, -78.77006), (42.95286, -78.77119)]
(61, 43)[(43.06138, -78.72518), (43.0563, -78.72451), (43.04785, -78.73344), (43.04719, -78.74784), (43.04352, -78.75612), (43.04042, -78.75853), (43.02948, -78.76161), (43.02715, -78.76361), (43.02589, -78.76725), (43.02558, -78.78356), (43.02373, -78.79073), (43.01903, -78.79839), (43.01184, -78.80306), (43.00236, -78.80389), (42.99781, -78.80738), (42.99605, -78.80722), (42.99179, -78.8009), (42.98448, -78.79394), (42.97815, -78.7829), (42.96872, -78.77053), (42.9648, -78.76768), (42.94772, -78.76587), (42.93616, -78.76663), (42.93265, -78.76933), (42.93331, -78.78413), (42.92218, -78.78423), (42.92455, -78.77274), (42.92155, -78.77277)]
(61, 44)[(43.06138, -78.72518), (43.0563, -78.72451), (43.04785, -78.73344), (43.04719, -78.74784), (43.04352, -78.75612), (43.04042, -78.75853), (43.02948, -78.76161), (43.02715, -78.76361), (43.02589, -78.76725), (43.02558, -78.78356), (43.02373, -78.79073), (43.01903, -78.79839), (43.01184, -78.80306), (43.00236, -78.80389), (42.99781, -78.80738), (42.99605, -78.80722), (42.99179, -78.8009), (42.98448, -78.79394), (42.97815, -78.7829), (42.96872, -78.77053), (42.9648, -78.76768), (42.94772, -78.76587), (42.93204, -78.76643), (42.93098, -78.76729), (42.93136, -78.7685), (42.93238, -78.76798), (42.93244, -78.76519), (42.93022, -78.76045), (42.92993, -78.75412), (42.92707, -78.75414), (42.92464, -78.76847)]
(61, 45)[(43.06138, -78.72518), (43.0563, -78.72451), (43.04785, -78.73344), (43.04719, -78.74784), (43.04352, -78.75612), (43.0393, -78.759), (43.02948, -78.76161), (43.02689, -78.76402), (43.02589, -78.76725), (43.02525, -78.78555), (43.02073, -78.79629), (43.01379, -78.8023), (43.0021, -78.80396), (42.99743, -78.80751), (42.99576, -78.80697), (42.99205, -78.80119), (42.98483, -78.79439), (42.97815, -78.7829), (42.96641, -78.76853), (42.94772, -78.76587), (42.93204, -78.76643), (42.93098, -78.76729), (42.93136, -78.7685), (42.93238, -78.76798), (42.93244, -78.76519), (42.93022, -78.76045), (42.92993, -78.75412), (42.92707, -78.75414), (42.92569, -78.76114), (42.92307, -78.76109)]
(61, 46)[(43.06138, -78.72518), (43.0563, -78.72451), (43.04785, -78.73344), (43.04719, -78.74784), (43.04352, -78.75612), (43.0393, -78.759), (43.02948, -78.76161), (43.02689, -78.76402), (43.02589, -78.76725), (43.02525, -78.78555), (43.02073, -78.79629), (43.01379, -78.8023), (43.0021, -78.80396), (42.99728, -78.80754), (42.98483, -78.79439), (42.97815, -78.7829), (42.96641, -78.76853), (42.94772, -78.76587), (42.93204, -78.76643), (42.93098, -78.76729), (42.93136, -78.7685), (42.93238, -78.76798), (42.93244, -78.76519), (42.93022, -78.76045), (42.92993, -78.75412), (42.9115, -78.75425), (42.91148, -78.74996)]
(61, 47)[(43.06138, -78.72518), (43.0563, -78.72451), (43.04785, -78.73344), (43.04719, -78.74784), (43.04352, -78.75612), (43.0393, -78.759), (43.02948, -78.76161), (43.02689, -78.76402), (43.02589, -78.76725), (43.02525, -78.78555), (43.02073, -78.79629), (43.01379, -78.8023), (43.0021, -78.80396), (42.99728, -78.80754), (42.98483, -78.79439), (42.97815, -78.7829), (42.9673, -78.76914), (42.96353, -78.76733), (42.94772, -78.76587), (42.93204, -78.76643), (42.93098, -78.76729), (42.93136, -78.7685), (42.93238, -78.76798), (42.93244, -78.76519), (42.93022, -78.76045), (42.92993, -78.75412), (42.92246, -78.75415), (42.92245, -78.75006)]
(61, 48)[(43.06138, -78.72518), (43.0563, -78.72451), (43.04785, -78.73344), (43.04719, -78.74784), (43.04352, -78.75612), (43.0393, -78.759), (43.02948, -78.76161), (43.02689, -78.76402), (43.02589, -78.76725), (43.02525, -78.78555), (43.02073, -78.79629), (43.01379, -78.8023), (43.0021, -78.80396), (42.99728, -78.80754), (42.98483, -78.79439), (42.97815, -78.7829), (42.9673, -78.76914), (42.96353, -78.76733), (42.94772, -78.76587), (42.93204, -78.76643), (42.93098, -78.76729), (42.93136, -78.7685), (42.93238, -78.76798), (42.93244, -78.76519), (42.93022, -78.76045), (42.92993, -78.75412), (42.92419, -78.75415), (42.92418, -78.75009)]
(61, 49)[(43.06138, -78.72518), (43.05344, -78.72456), (43.05298, -78.71793), (43.05017, -78.71144), (43.04773, -78.70701), (43.04244, -78.70274), (43.03856, -78.69695), (42.93794, -78.69693), (42.93697, -78.71039), (42.93502, -78.71405), (42.92825, -78.74819), (42.92613, -78.74742)]
(61, 50)[(43.06138, -78.72518), (43.0563, -78.72451), (43.04785, -78.73344), (43.04719, -78.74784), (43.04352, -78.75612), (43.0393, -78.759), (43.02948, -78.76161), (43.02689, -78.76402), (43.02589, -78.76725), (43.02525, -78.78555), (43.02073, -78.79629), (43.01379, -78.8023), (43.0021, -78.80396), (42.99728, -78.80754), (42.98483, -78.79439), (42.97815, -78.7829), (42.96641, -78.76853), (42.94772, -78.76587), (42.93204, -78.76643), (42.93116, -78.76838), (42.93234, -78.76811), (42.93247, -78.76556), (42.93012, -78.75996), (42.9299, -78.74614), (42.92821, -78.74192), (42.92536, -78.74258)]
(61, 51)[(43.06138, -78.72518), (43.0563, -78.72451), (43.04785, -78.73344), (43.04719, -78.74784), (43.04352, -78.75612), (43.0393, -78.759), (43.02948, -78.76161), (43.02689, -78.76402), (43.02589, -78.76725), (43.02525, -78.78555), (43.02073, -78.79629), (43.01379, -78.8023), (43.0021, -78.80396), (42.99728, -78.80754), (42.98483, -78.79439), (42.97815, -78.7829), (42.96641, -78.76853), (42.94772, -78.76587), (42.93204, -78.76643), (42.93116, -78.76838), (42.93234, -78.76811), (42.93247, -78.76556), (42.93012, -78.75996), (42.92998, -78.7466), (42.92832, -78.74203), (42.92673, -78.74277), (42.92671, -78.74091)]
(61, 52)[(43.06138, -78.72518), (43.0563, -78.72451), (43.04785, -78.73344), (43.04719, -78.74784), (43.04352, -78.75612), (43.0393, -78.759), (43.02948, -78.76161), (43.02689, -78.76402), (43.02589, -78.76725), (43.02525, -78.78555), (43.02073, -78.79629), (43.01379, -78.8023), (43.0021, -78.80396), (42.99728, -78.80754), (42.98483, -78.79439), (42.97815, -78.7829), (42.96641, -78.76853), (42.94772, -78.76587), (42.93204, -78.76643), (42.93116, -78.76838), (42.93234, -78.76811), (42.93247, -78.76556), (42.93012, -78.75996), (42.92984, -78.74588), (42.92832, -78.74203), (42.92718, -78.74294), (42.92507, -78.74212), (42.92374, -78.74132), (42.9243, -78.7401)]
(61, 53)[(43.06138, -78.72518), (43.0563, -78.72451), (43.04785, -78.73344), (43.04719, -78.74784), (43.04352, -78.75612), (43.02689, -78.76402), (43.02525, -78.78555), (43.02073, -78.79629), (43.01379, -78.8023), (43.0021, -78.80396), (42.99728, -78.80754), (42.98483, -78.79439), (42.96872, -78.77053), (42.96425, -78.76751), (42.88558, -78.76785), (42.87978, -78.77253), (42.8737, -78.78929), (42.85103, -78.7928), (42.84399, -78.77182), (42.84186, -78.75419), (42.83349, -78.75375), (42.83163, -78.76085)]
(61, 54)[(43.06138, -78.72518), (43.05344, -78.72456), (43.05298, -78.71793), (43.05017, -78.71144), (43.04773, -78.70701), (43.04244, -78.70274), (43.03856, -78.69695), (42.9147, -78.69692), (42.91506, -78.70912), (42.91266, -78.70942), (42.91354, -78.71334)]
(61, 55)[(43.06138, -78.72518), (43.05344, -78.72456), (43.05298, -78.71793), (43.05017, -78.71144), (43.04773, -78.70701), (43.04244, -78.70274), (43.03856, -78.69695), (42.91192, -78.69692), (42.90956, -78.7118), (42.9108, -78.71177)]
(61, 56)[(43.06138, -78.72518), (43.05344, -78.72456), (43.05298, -78.71793), (43.05017, -78.71144), (43.04773, -78.70701), (43.04244, -78.70274), (43.03856, -78.69695), (42.91387, -78.69692), (42.91374, -78.69967)]
(61, 57)[(43.06138, -78.72518), (43.05344, -78.72456), (43.05298, -78.71793), (43.05017, -78.71144), (43.04773, -78.70701), (43.04244, -78.70274), (43.03856, -78.69695), (42.91387, -78.69692), (42.91446, -78.69585)]
(61, 58)[(43.06138, -78.72518), (43.05344, -78.72456), (43.05017, -78.71144), (43.03841, -78.69694), (42.86812, -78.69694), (42.86781, -78.72388), (42.86594, -78.72389)]
(61, 59)[(43.06138, -78.72518), (43.05344, -78.72456), (43.05017, -78.71144), (43.03856, -78.69695), (42.86812, -78.69694), (42.86685, -78.71471)]
(62, 0)[(42.79649, -78.77516), (42.79646, -78.77169), (42.80148, -78.77162), (42.81058, -78.76182), (42.82324, -78.77391), (42.8311, -78.77719), (42.83565, -78.78844), (42.84326, -78.79081), (42.84638, -78.79923), (42.85857, -78.81345), (42.86333, -78.82075), (42.86608, -78.82267), (42.86819, -78.82818), (42.87369, -78.8589), (42.87972, -78.87826), (42.89934, -78.8986), (42.90388, -78.90119), (42.91378, -78.90149), (42.92852, -78.89861), (42.93482, -78.90352), (42.94567, -78.90757), (42.95379, -78.89998), (42.95341, -78.89921)]
(62, 1)[(42.79649, -78.77516), (42.79646, -78.77169), (42.80148, -78.77162), (42.81058, -78.76182), (42.82324, -78.77391), (42.82959, -78.77628), (42.82847, -78.78829), (42.83067, -78.79074), (42.84302, -78.79274), (42.85103, -78.79006), (42.85933, -78.79188), (42.87327, -78.78927), (42.87601, -78.78602), (42.87987, -78.77201), (42.88488, -78.76777), (42.94435, -78.76619), (42.9489, -78.76281), (42.96529, -78.76757), (43.00296, -78.81592), (43.00428, -78.82445), (43.00141, -78.83605), (43.00064, -78.85326), (43.01086, -78.86279), (43.0348, -78.86192), (43.03869, -78.86427), (43.03778, -78.86866), (43.04277, -78.87178)]
(62, 2)[(42.79649, -78.77516), (42.79646, -78.77169), (42.80148, -78.77162), (42.81058, -78.76182), (42.82324, -78.77391), (42.82959, -78.77628), (42.82847, -78.78829), (42.83067, -78.79074), (42.84302, -78.79274), (42.85103, -78.79006), (42.85933, -78.79188), (42.87327, -78.78927), (42.87601, -78.78602), (42.87987, -78.77201), (42.88488, -78.76777), (42.94435, -78.76619), (42.9489, -78.76281), (42.96529, -78.76757), (43.00296, -78.81592), (43.00428, -78.82445), (43.00141, -78.83605), (43.00064, -78.85326), (43.01086, -78.86279), (43.03084, -78.86086), (43.03869, -78.86427), (43.03778, -78.86866), (43.04168, -78.86896)]
(62, 3)[(42.79649, -78.77516), (42.79646, -78.77169), (42.80148, -78.77162), (42.81058, -78.76182), (42.82324, -78.77391), (42.82959, -78.77628), (42.82847, -78.78829), (42.83067, -78.79074), (42.84302, -78.79274), (42.85103, -78.79006), (42.85933, -78.79188), (42.87327, -78.78927), (42.87601, -78.78602), (42.87987, -78.77201), (42.88488, -78.76777), (42.94435, -78.76619), (42.9489, -78.76281), (42.96529, -78.76757), (43.00296, -78.81592), (43.00428, -78.82445), (43.00141, -78.83605), (43.00064, -78.85326), (43.00632, -78.86064), (43.00484, -78.86994)]
(62, 4)[(42.79649, -78.77516), (42.79646, -78.77169), (42.80148, -78.77162), (42.81058, -78.76182), (42.82324, -78.77391), (42.8311, -78.77719), (42.83565, -78.78844), (42.84326, -78.79081), (42.84638, -78.79923), (42.86608, -78.82267), (42.87369, -78.8589), (42.87993, -78.87864), (42.90271, -78.90075), (42.9147, -78.90146), (42.92785, -78.89854), (42.93418, -78.90277), (42.93693, -78.89352), (42.93895, -78.89239), (42.97141, -78.88699), (42.97194, -78.87806)]
(62, 5)[(42.79649, -78.77516), (42.79646, -78.77169), (42.80148, -78.77162), (42.81058, -78.76182), (42.82324, -78.77391), (42.8311, -78.77719), (42.83565, -78.78844), (42.84326, -78.79081), (42.84638, -78.79923), (42.86608, -78.82267), (42.87369, -78.8589), (42.87993, -78.87864), (42.90295, -78.90087), (42.92891, -78.89873), (42.94328, -78.90777), (42.95479, -78.91061), (42.96227, -78.92023), (42.96588, -78.92086), (42.98062, -78.90222), (42.98077, -78.87235), (42.97411, -78.87146), (42.97412, -78.86754)]
(62, 6)[(42.79649, -78.77516), (42.79646, -78.77169), (42.80148, -78.77162), (42.81058, -78.76182), (42.82324, -78.77391), (42.8311, -78.77719), (42.83565, -78.78844), (42.84326, -78.79081), (42.84638, -78.79923), (42.86608, -78.82267), (42.87369, -78.8589), (42.87993, -78.87864), (42.90271, -78.90075), (42.9147, -78.90146), (42.92785, -78.89854), (42.93425, -78.90275), (42.93804, -78.8928), (42.95652, -78.88957), (42.95679, -78.86942), (42.96595, -78.86842)]
(62, 7)[(42.79649, -78.77516), (42.79646, -78.77169), (42.80148, -78.77162), (42.81058, -78.76182), (42.82324, -78.77391), (42.82959, -78.77628), (42.82847, -78.78829), (42.83067, -78.79074), (42.84302, -78.79274), (42.85103, -78.79006), (42.85933, -78.79188), (42.87327, -78.78927), (42.87601, -78.78602), (42.87987, -78.77201), (42.88488, -78.76777), (42.94435, -78.76619), (42.9489, -78.76281), (42.96529, -78.76757), (42.97849, -78.7817), (42.98099, -78.85827)]
(62, 8)[(42.79649, -78.77516), (42.79646, -78.77169), (42.80148, -78.77162), (42.81058, -78.76182), (42.82324, -78.77391), (42.82959, -78.77628), (42.82847, -78.78829), (42.83067, -78.79074), (42.84302, -78.79274), (42.85103, -78.79006), (42.85933, -78.79188), (42.87327, -78.78927), (42.87601, -78.78602), (42.87987, -78.77201), (42.88488, -78.76777), (42.94435, -78.76619), (42.9489, -78.76281), (42.96529, -78.76757), (42.97858, -78.78229), (42.98088, -78.82347), (42.98098, -78.85283), (42.97883, -78.85449)]
(62, 9)[(42.79649, -78.77516), (42.79646, -78.77169), (42.80148, -78.77162), (42.81058, -78.76182), (42.82324, -78.77391), (42.82959, -78.77628), (42.82847, -78.78829), (42.83067, -78.79074), (42.84302, -78.79274), (42.85103, -78.79006), (42.85933, -78.79188), (42.87327, -78.78927), (42.87601, -78.78602), (42.87987, -78.77201), (42.88488, -78.76777), (42.94435, -78.76619), (42.9489, -78.76281), (42.96529, -78.76757), (42.97849, -78.7817), (42.98133, -78.85058)]
(62, 10)[(42.79649, -78.77516), (42.79646, -78.77169), (42.80148, -78.77162), (42.81058, -78.76182), (42.82324, -78.77391), (42.8311, -78.77719), (42.83565, -78.78844), (42.84326, -78.79081), (42.84638, -78.79923), (42.86608, -78.82267), (42.87369, -78.8589), (42.87993, -78.87864), (42.90271, -78.90075), (42.9147, -78.90146), (42.92785, -78.89854), (42.93425, -78.90275), (42.93804, -78.8928), (42.95652, -78.88957), (42.95679, -78.86942), (42.96282, -78.87004), (42.96475, -78.86788)]
(62, 11)[(42.79649, -78.77516), (42.79646, -78.77169), (42.80148, -78.77162), (42.81058, -78.76182), (42.82324, -78.77391), (42.83095, -78.77703), (42.83565, -78.78844), (42.84326, -78.79081), (42.84638, -78.79923), (42.86608, -78.82267), (42.87151, -78.84638), (42.87482, -78.8439), (42.9038, -78.84537), (42.92194, -78.84305), (42.93018, -78.85445), (42.9404, -78.85075), (42.94123, -78.85564), (42.94774, -78.859), (42.96375, -78.8583), (42.9644, -78.86156)]
(62, 12)[(42.79649, -78.77516), (42.79646, -78.77169), (42.80148, -78.77162), (42.81058, -78.76182), (42.82324, -78.77391), (42.83095, -78.77703), (42.83565, -78.78844), (42.84326, -78.79081), (42.84638, -78.79923), (42.86608, -78.82267), (42.87151, -78.84638), (42.87482, -78.8439), (42.9038, -78.84537), (42.92194, -78.84305), (42.93025, -78.85448), (42.9404, -78.85075), (42.94123, -78.85564), (42.94774, -78.859), (42.96563, -78.85964)]
(62, 13)[(42.79649, -78.77516), (42.79646, -78.77169), (42.80148, -78.77162), (42.81058, -78.76182), (42.82324, -78.77391), (42.83095, -78.77703), (42.83565, -78.78844), (42.84326, -78.79081), (42.84638, -78.79923), (42.85857, -78.81345), (42.86333, -78.82075), (42.86608, -78.82267), (42.86819, -78.82818), (42.87369, -78.8589), (42.88014, -78.87899), (42.88944, -78.88846), (42.89284, -78.88423), (42.89657, -78.88772), (42.90026, -78.88036), (42.90188, -78.88183), (42.90686, -78.88161)]
(62, 14)[(42.79649, -78.77516), (42.79779, -78.84681), (42.8139, -78.84545), (42.8272, -78.85032), (42.85234, -78.86357), (42.87017, -78.87892), (42.87574, -78.87794), (42.88315, -78.87915), (42.88657, -78.87746), (42.88771, -78.87937), (42.89619, -78.87666), (42.9099, -78.87711), (42.90946, -78.87445)]
(62, 15)[(42.79649, -78.77516), (42.79646, -78.77169), (42.80148, -78.77162), (42.81058, -78.76182), (42.82324, -78.77391), (42.83095, -78.77703), (42.83565, -78.78844), (42.84326, -78.79081), (42.84638, -78.79923), (42.85857, -78.81345), (42.86333, -78.82075), (42.86608, -78.82267), (42.86819, -78.82818), (42.8736, -78.85851), (42.87548, -78.86265), (42.87723, -78.87117), (42.87953, -78.87191), (42.8885, -78.86828), (42.88978, -78.86424), (42.89076, -78.86466)]
(62, 16)[(42.79649, -78.77516), (42.79646, -78.77169), (42.80148, -78.77162), (42.81058, -78.76182), (42.82324, -78.77391), (42.83095, -78.77703), (42.83565, -78.78844), (42.84326, -78.79081), (42.84638, -78.79923), (42.85857, -78.81345), (42.86333, -78.82075), (42.86608, -78.82267), (42.86819, -78.82818), (42.8736, -78.85851), (42.87548, -78.86265), (42.87723, -78.87117), (42.87953, -78.87191), (42.88654, -78.86893), (42.88765, -78.86375)]
(62, 17)[(42.79649, -78.77516), (42.79672, -78.79489), (42.84652, -78.81011), (42.8559, -78.82276), (42.85676, -78.8274), (42.85596, -78.82774), (42.85536, -78.82923), (42.85346, -78.82924), (42.85347, -78.8315)]
(62, 18)[(42.79649, -78.77516), (42.79672, -78.79489), (42.832, -78.80562), (42.83212, -78.81512), (42.84442, -78.81478), (42.84669, -78.81811), (42.85132, -78.82068), (42.85133, -78.82367), (42.85213, -78.82333)]
(62, 19)[(42.79649, -78.77516), (42.79646, -78.77169), (42.80148, -78.77162), (42.81058, -78.76182), (42.82324, -78.77391), (42.82959, -78.77628), (42.82847, -78.78829), (42.83163, -78.79137), (42.86558, -78.79163), (42.8748, -78.78802), (42.87943, -78.7729), (42.8843, -78.76797), (42.94435, -78.76619), (42.94924, -78.76287), (42.96752, -78.76899), (42.98559, -78.79267), (42.99587, -78.79071), (43.0, -78.79862), (43.00429, -78.79862), (43.00463, -78.81194), (43.00687, -78.8127)]
(62, 20)[(42.79649, -78.77516), (42.79646, -78.77169), (42.80148, -78.77162), (42.81058, -78.76182), (42.82324, -78.77391), (42.82959, -78.77628), (42.82847, -78.78829), (42.83163, -78.79137), (42.86558, -78.79163), (42.8748, -78.78802), (42.87943, -78.7729), (42.8843, -78.76797), (42.94435, -78.76619), (42.94924, -78.76287), (42.96832, -78.76976), (42.98437, -78.79335), (43.00102, -78.81241), (43.00545, -78.82236), (43.01243, -78.82228), (43.01196, -78.812), (43.00958, -78.80942)]
(62, 21)[(42.79649, -78.77516), (42.79646, -78.77169), (42.80148, -78.77162), (42.81058, -78.76182), (42.82324, -78.77391), (42.82959, -78.77628), (42.82847, -78.78829), (42.83163, -78.79137), (42.86558, -78.79163), (42.8748, -78.78802), (42.87943, -78.7729), (42.8843, -78.76797), (42.94435, -78.76619), (42.9489, -78.76281), (42.96752, -78.76899), (42.98559, -78.79267), (42.99587, -78.79071), (43.0, -78.79862), (43.00429, -78.79862), (43.00461, -78.80476), (43.00279, -78.80591)]
(62, 22)[(42.79649, -78.77516), (42.79646, -78.77169), (42.80148, -78.77162), (42.81058, -78.76182), (42.82324, -78.77391), (42.82959, -78.77628), (42.82847, -78.78829), (42.83163, -78.79137), (42.86558, -78.79163), (42.8748, -78.78802), (42.87987, -78.77201), (42.88488, -78.76777), (42.94435, -78.76619), (42.9489, -78.76281), (42.95449, -78.76607), (42.96089, -78.7648), (42.95908, -78.7687), (42.96342, -78.78399), (42.96452, -78.80054), (42.96196, -78.80755), (42.96576, -78.80977)]
(62, 23)[(42.79649, -78.77516), (42.79646, -78.77169), (42.80148, -78.77162), (42.81058, -78.76182), (42.82324, -78.77391), (42.82959, -78.77628), (42.82847, -78.78829), (42.83163, -78.79137), (42.86558, -78.79163), (42.8748, -78.78802), (42.87943, -78.7729), (42.8843, -78.76797), (42.94435, -78.76619), (42.94924, -78.76287), (42.96664, -78.76835), (42.97849, -78.7817), (42.97951, -78.79889), (42.97178, -78.80609), (42.96957, -78.80414)]
(62, 24)[(42.79649, -78.77516), (42.79646, -78.77169), (42.80148, -78.77162), (42.81058, -78.76182), (42.82324, -78.77391), (42.8311, -78.77719), (42.83565, -78.78844), (42.84172, -78.78948), (42.84282, -78.79102), (42.84736, -78.78808), (42.87092, -78.7874), (42.87505, -78.78484), (42.93331, -78.78413), (42.93274, -78.79331), (42.9335, -78.799), (42.93806, -78.79903), (42.94343, -78.80341), (42.94353, -78.81611)]
(62, 25)[(42.79649, -78.77516), (42.79646, -78.77169), (42.80148, -78.77162), (42.81058, -78.76182), (42.82324, -78.77391), (42.8311, -78.77719), (42.83565, -78.78844), (42.84172, -78.78948), (42.84282, -78.79102), (42.84736, -78.78808), (42.87092, -78.7874), (42.87505, -78.78484), (42.93331, -78.78413), (42.93274, -78.79331), (42.9335, -78.799), (42.93806, -78.79903), (42.94232, -78.80336), (42.95273, -78.80388), (42.95173, -78.8084)]
(62, 26)[(42.79649, -78.77516), (42.79646, -78.77169), (42.80148, -78.77162), (42.81058, -78.76182), (42.82324, -78.77391), (42.8311, -78.77719), (42.83565, -78.78844), (42.84172, -78.78948), (42.84282, -78.79102), (42.84736, -78.78808), (42.87092, -78.7874), (42.87505, -78.78484), (42.95024, -78.78372), (42.95305, -78.78404), (42.95279, -78.79727), (42.9521, -78.79726)]
(62, 27)[(42.79649, -78.77516), (42.79646, -78.77169), (42.80148, -78.77162), (42.81058, -78.76182), (42.82324, -78.77391), (42.8311, -78.77719), (42.83565, -78.78844), (42.84172, -78.78948), (42.84282, -78.79102), (42.84736, -78.78808), (42.87092, -78.7874), (42.87505, -78.78484), (42.9449, -78.78386), (42.94491, -78.79151), (42.94754, -78.79277), (42.94674, -78.79491), (42.94882, -78.79488)]
(62, 28)[(42.79649, -78.77516), (42.79646, -78.77169), (42.80148, -78.77162), (42.81058, -78.76182), (42.82324, -78.77391), (42.8311, -78.77719), (42.83565, -78.78844), (42.84172, -78.78948), (42.84282, -78.79102), (42.84736, -78.78808), (42.87092, -78.7874), (42.87505, -78.78484), (42.92218, -78.78423), (42.91984, -78.79365), (42.92278, -78.79233), (42.92271, -78.8072)]
(62, 29)[(42.79649, -78.77516), (42.79646, -78.77169), (42.80148, -78.77162), (42.81058, -78.76182), (42.82324, -78.77391), (42.8311, -78.77719), (42.83565, -78.78844), (42.84172, -78.78948), (42.84282, -78.79102), (42.84736, -78.78808), (42.87092, -78.7874), (42.87505, -78.78484), (42.92218, -78.78423), (42.91848, -78.79915), (42.91907, -78.80497), (42.92065, -78.80495)]
(62, 30)[(42.79649, -78.77516), (42.79646, -78.77169), (42.80148, -78.77162), (42.81058, -78.76182), (42.82324, -78.77391), (42.8311, -78.77719), (42.83565, -78.78844), (42.84172, -78.78948), (42.84282, -78.79102), (42.84736, -78.78808), (42.87075, -78.78741), (42.87505, -78.78484), (42.88435, -78.7846), (42.88425, -78.79843), (42.88527, -78.80172), (42.88474, -78.80969), (42.88634, -78.80966), (42.88638, -78.81326)]
(62, 31)[(42.79649, -78.77516), (42.79646, -78.77169), (42.80148, -78.77162), (42.81058, -78.76182), (42.82324, -78.77391), (42.8311, -78.77719), (42.83565, -78.78844), (42.84172, -78.78948), (42.84282, -78.79102), (42.84736, -78.78808), (42.87075, -78.78741), (42.87505, -78.78484), (42.88435, -78.7846), (42.88468, -78.80384), (42.88732, -78.80438)]
(62, 32)[(42.79649, -78.77516), (42.79646, -78.77169), (42.80148, -78.77162), (42.81058, -78.76182), (42.82324, -78.77391), (42.8311, -78.77719), (42.83565, -78.78844), (42.84172, -78.78948), (42.84289, -78.79103), (42.84736, -78.78808), (42.87075, -78.78741), (42.87505, -78.78484), (42.88435, -78.7846), (42.88425, -78.79843), (42.88515, -78.80251), (42.8873, -78.80246), (42.88728, -78.80004), (42.88821, -78.80002)]
(62, 33)[(42.79649, -78.77516), (42.79672, -78.79489), (42.8166, -78.80093), (42.81657, -78.80716), (42.81691, -78.80775), (42.81899, -78.80919)]
(62, 34)[(42.79649, -78.77516), (42.79672, -78.79489), (42.81517, -78.80052), (42.81496, -78.80177), (42.81557, -78.80196), (42.81561, -78.80441)]
(62, 35)[(42.79649, -78.77516), (42.79646, -78.77169), (42.80148, -78.77162), (42.81058, -78.76182), (42.82324, -78.77391), (42.82959, -78.77628), (42.82847, -78.78829), (42.83163, -78.79137), (42.86558, -78.79163), (42.8748, -78.78802), (42.87943, -78.7729), (42.8843, -78.76797), (42.94435, -78.76619), (42.9489, -78.76281), (42.96752, -78.76899), (42.98573, -78.7951), (42.99724, -78.80538), (43.01746, -78.79922), (43.02441, -78.78759), (43.02509, -78.78222), (43.02157, -78.783), (43.02244, -78.78143)]
(62, 36)[(42.79649, -78.77516), (42.79646, -78.77169), (42.80148, -78.77162), (42.81058, -78.76182), (42.82324, -78.77391), (42.82959, -78.77628), (42.82847, -78.78829), (42.83163, -78.79137), (42.86558, -78.79163), (42.8748, -78.78802), (42.87943, -78.7729), (42.8843, -78.76797), (42.94435, -78.76619), (42.9489, -78.76281), (42.96752, -78.76899), (42.98573, -78.7951), (42.99724, -78.80538), (43.01263, -78.80212), (43.01987, -78.79667), (43.02509, -78.78222), (43.01982, -78.78301), (43.01939, -78.77964)]
(62, 37)[(42.79649, -78.77516), (42.79646, -78.77169), (42.80148, -78.77162), (42.81058, -78.76182), (42.82324, -78.77391), (42.82959, -78.77628), (42.82847, -78.78829), (42.83163, -78.79137), (42.86558, -78.79163), (42.8748, -78.78802), (42.87943, -78.7729), (42.8843, -78.76797), (42.94435, -78.76619), (42.9489, -78.76281), (42.96752, -78.76899), (42.98573, -78.7951), (42.99734, -78.80538), (43.01341, -78.80182), (43.02051, -78.79585), (43.02474, -78.7856), (43.02422, -78.76935), (43.02318, -78.77085)]
(62, 38)[(42.79649, -78.77516), (42.79646, -78.77169), (42.80148, -78.77162), (42.81058, -78.76182), (42.82324, -78.77391), (42.82959, -78.77628), (42.82847, -78.78829), (42.83163, -78.79137), (42.86558, -78.79163), (42.8748, -78.78802), (42.87943, -78.7729), (42.8843, -78.76797), (42.94435, -78.76619), (42.9489, -78.76281), (42.96752, -78.76899), (42.98595, -78.79273), (42.99602, -78.78576), (42.99885, -78.77442), (43.00344, -78.77215), (43.00836, -78.77354), (43.01594, -78.76808), (43.02218, -78.76787)]
(62, 39)[(42.79649, -78.77516), (42.79646, -78.77169), (42.80148, -78.77162), (42.81058, -78.76182), (42.82324, -78.77391), (42.82959, -78.77628), (42.82847, -78.78829), (42.83163, -78.79137), (42.86558, -78.79163), (42.8748, -78.78802), (42.87943, -78.7729), (42.8843, -78.76797), (42.94435, -78.76619), (42.9489, -78.76281), (42.96752, -78.76899), (42.98595, -78.79273), (42.99602, -78.78576), (42.99885, -78.77442), (43.00344, -78.77215), (43.00836, -78.77354), (43.0178, -78.76802), (43.01556, -78.77144)]
(62, 40)[(42.79649, -78.77516), (42.79646, -78.77169), (42.80148, -78.77162), (42.81058, -78.76182), (42.82324, -78.77391), (42.82959, -78.77628), (42.82857, -78.78863), (42.83581, -78.79293), (42.87327, -78.78927), (42.87601, -78.78602), (42.87987, -78.77201), (42.88559, -78.76763), (42.94435, -78.76619), (42.9489, -78.76281), (42.96664, -78.76835), (42.97804, -78.78161), (42.9782, -78.77653), (42.98949, -78.77742)]
(62, 41)[(42.79649, -78.77516), (42.79646, -78.77169), (42.80148, -78.77162), (42.81058, -78.76182), (42.82324, -78.77391), (42.82959, -78.77628), (42.82847, -78.78829), (42.83163, -78.79137), (42.86558, -78.79163), (42.8748, -78.78802), (42.87943, -78.7729), (42.8843, -78.76797), (42.94435, -78.76619), (42.9489, -78.76281), (42.96752, -78.76899), (42.98595, -78.79273), (42.99127, -78.78778), (42.99149, -78.77068)]
(62, 42)[(42.79649, -78.77516), (42.79646, -78.77169), (42.80148, -78.77162), (42.81058, -78.76182), (42.82324, -78.77391), (42.82959, -78.77628), (42.82857, -78.78863), (42.83581, -78.79293), (42.8447, -78.79261), (42.85103, -78.79006), (42.85762, -78.79184), (42.86558, -78.79163), (42.87327, -78.78927), (42.87601, -78.78602), (42.87987, -78.77201), (42.88262, -78.76885), (42.88559, -78.76763), (42.94089, -78.76624), (42.94522, -78.7652), (42.94516, -78.76822), (42.94963, -78.76813), (42.94964, -78.77353), (42.95286, -78.77119)]
(62, 43)[(42.79649, -78.77516), (42.79646, -78.77169), (42.80148, -78.77162), (42.81058, -78.76182), (42.82324, -78.77391), (42.8311, -78.77719), (42.83565, -78.78844), (42.84172, -78.78948), (42.84289, -78.79103), (42.84736, -78.78808), (42.87092, -78.7874), (42.87505, -78.78484), (42.91891, -78.78428), (42.91884, -78.7728), (42.92155, -78.77277)]
(62, 44)[(42.79649, -78.77516), (42.79646, -78.77169), (42.80148, -78.77162), (42.81058, -78.76182), (42.82324, -78.77391), (42.8311, -78.77719), (42.83565, -78.78844), (42.84172, -78.78948), (42.84289, -78.79103), (42.84736, -78.78808), (42.87092, -78.7874), (42.87505, -78.78484), (42.92218, -78.78423), (42.92452, -78.77483), (42.92464, -78.76847)]
(62, 45)[(42.79649, -78.77516), (42.79636, -78.75164), (42.85454, -78.75466), (42.87805, -78.75319), (42.8852, -78.7546), (42.92202, -78.75412), (42.92162, -78.76101), (42.92307, -78.76109)]
(62, 46)[(42.79649, -78.77516), (42.79636, -78.75164), (42.85454, -78.75466), (42.87805, -78.75319), (42.8852, -78.7546), (42.90608, -78.75436), (42.9115, -78.75425), (42.91148, -78.74996)]
(62, 47)[(42.79649, -78.77516), (42.79636, -78.75164), (42.85454, -78.75466), (42.87805, -78.75319), (42.8852, -78.7546), (42.92246, -78.75415), (42.92245, -78.75006)]
(62, 48)[(42.79649, -78.77516), (42.79636, -78.75164), (42.85454, -78.75466), (42.87805, -78.75319), (42.8852, -78.7546), (42.92419, -78.75415), (42.92418, -78.75009)]
(62, 49)[(42.79649, -78.77516), (42.79636, -78.75164), (42.85454, -78.75466), (42.87805, -78.75319), (42.8852, -78.7546), (42.92707, -78.75414), (42.92825, -78.74819), (42.92613, -78.74742)]
(62, 50)[(42.79649, -78.77516), (42.79646, -78.77169), (42.80148, -78.77162), (42.81058, -78.76182), (42.82324, -78.77391), (42.82959, -78.77628), (42.82847, -78.78829), (42.83163, -78.79137), (42.83581, -78.79293), (42.8447, -78.79261), (42.85103, -78.79006), (42.85762, -78.79184), (42.86637, -78.7915), (42.87505, -78.7877), (42.87943, -78.7729), (42.88402, -78.76807), (42.92949, -78.76562), (42.93143, -78.7632), (42.93009, -78.75966), (42.92994, -78.74636), (42.92821, -78.74192), (42.92536, -78.74258)]
(62, 51)[(42.79649, -78.77516), (42.79646, -78.77169), (42.80148, -78.77162), (42.81058, -78.76182), (42.82324, -78.77391), (42.82959, -78.77628), (42.82847, -78.78829), (42.83163, -78.79137), (42.83581, -78.79293), (42.8447, -78.79261), (42.85103, -78.79006), (42.85762, -78.79184), (42.86637, -78.7915), (42.87505, -78.7877), (42.87943, -78.7729), (42.88402, -78.76807), (42.92949, -78.76562), (42.93143, -78.7632), (42.93009, -78.75966), (42.92998, -78.7466), (42.92832, -78.74203), (42.92673, -78.74277), (42.92671, -78.74091)]
(62, 52)[(42.79649, -78.77516), (42.79646, -78.77169), (42.80148, -78.77162), (42.81058, -78.76182), (42.82324, -78.77391), (42.82959, -78.77628), (42.82847, -78.78829), (42.83163, -78.79137), (42.83581, -78.79293), (42.8447, -78.79261), (42.85103, -78.79006), (42.85762, -78.79184), (42.86637, -78.7915), (42.87505, -78.7877), (42.87943, -78.7729), (42.88402, -78.76807), (42.92949, -78.76562), (42.93144, -78.76302), (42.93009, -78.75966), (42.9299, -78.74614), (42.92832, -78.74203), (42.92718, -78.74294), (42.92507, -78.74212), (42.92374, -78.74132), (42.9243, -78.7401)]
(62, 53)[(42.79649, -78.77516), (42.79636, -78.75164), (42.81129, -78.75185), (42.83031, -78.75358), (42.82973, -78.7609), (42.83163, -78.76085)]
(62, 54)[(42.79649, -78.77516), (42.79636, -78.75164), (42.85454, -78.75466), (42.87805, -78.75319), (42.8852, -78.7546), (42.90704, -78.75423), (42.90964, -78.73137), (42.90916, -78.71427), (42.90938, -78.71293), (42.91354, -78.71334)]
(62, 55)[(42.79649, -78.77516), (42.79636, -78.75164), (42.85454, -78.75466), (42.87805, -78.75319), (42.8852, -78.7546), (42.90704, -78.75423), (42.90964, -78.73137), (42.90876, -78.71709), (42.90956, -78.7118), (42.9108, -78.71177)]
(62, 56)[(42.79649, -78.77516), (42.79636, -78.75164), (42.81085, -78.72531), (42.81121, -78.70086), (42.81314, -78.69727), (42.91373, -78.69692), (42.91374, -78.69967)]
(62, 57)[(42.79649, -78.77516), (42.79636, -78.75164), (42.81085, -78.72531), (42.81121, -78.70086), (42.81314, -78.69727), (42.91192, -78.69692), (42.91208, -78.69584), (42.91446, -78.69585)]
(62, 58)[(42.79649, -78.77516), (42.79636, -78.75164), (42.81129, -78.75185), (42.84666, -78.7544), (42.86617, -78.75431), (42.86829, -78.74836), (42.86781, -78.72388), (42.86594, -78.72389)]
(62, 59)[(42.79649, -78.77516), (42.79636, -78.75164), (42.81129, -78.75185), (42.84666, -78.7544), (42.86617, -78.75431), (42.86829, -78.74836), (42.86783, -78.71446), (42.86685, -78.71471)]
