(41, 0)[(42.87953, -78.82884), (42.8784, -78.82873), (42.87705, -78.83294), (42.87929, -78.83922), (42.87532, -78.84359), (42.87229, -78.84475), (42.87163, -78.84752), (42.87722, -78.87192), (42.88154, -78.88079), (42.89878, -78.89812), (42.90388, -78.90119), (42.91378, -78.90149), (42.92852, -78.89861), (42.93482, -78.90352), (42.94567, -78.90757), (42.95379, -78.89998), (42.95341, -78.89921)]
(41, 1)[(42.87953, -78.82884), (42.87705, -78.83294), (42.87929, -78.83922), (42.87229, -78.84475), (42.87164, -78.84789), (42.87722, -78.87192), (42.8822, -78.88155), (42.90295, -78.90087), (42.92891, -78.89873), (42.94328, -78.90777), (42.95479, -78.91061), (42.96352, -78.92101), (42.96694, -78.9201), (42.97328, -78.91186), (42.98026, -78.90989), (42.98659, -78.9127), (42.99005, -78.90836), (42.99338, -78.89504), (42.99569, -78.86333), (42.99837, -78.85202), (43.01086, -78.86279), (43.0348, -78.86192), (43.03869, -78.86427), (43.03778, -78.86866), (43.04277, -78.87178)]
(41, 2)[(42.87953, -78.82884), (42.87705, -78.83294), (42.87929, -78.83922), (42.87229, -78.84475), (42.87164, -78.84789), (42.87722, -78.87192), (42.8822, -78.88155), (42.90295, -78.90087), (42.92891, -78.89873), (42.94328, -78.90777), (42.95479, -78.91061), (42.96389, -78.9211), (42.97328, -78.91186), (42.98026, -78.90989), (42.98659, -78.9127), (42.99005, -78.90836), (42.99338, -78.89504), (42.99569, -78.86333), (42.99837, -78.85202), (43.01086, -78.86279), (43.03084, -78.86086), (43.03869, -78.86427), (43.03778, -78.86866), (43.04168, -78.86896)]
(41, 3)[(42.87953, -78.82884), (42.8784, -78.82873), (42.87705, -78.83294), (42.87929, -78.83922), (42.87532, -78.84359), (42.87229, -78.84475), (42.87164, -78.84789), (42.87722, -78.87192), (42.87972, -78.87826), (42.8822, -78.88155), (42.89878, -78.89812), (42.90295, -78.90087), (42.9147, -78.90146), (42.92891, -78.89873), (42.93362, -78.90279), (42.94328, -78.90777), (42.95479, -78.91061), (42.96352, -78.92101), (42.96661, -78.92039), (42.97143, -78.91326), (42.97448, -78.91135), (42.97983, -78.90987), (42.98599, -78.9127), (42.98809, -78.91157), (42.99121, -78.90559), (42.99366, -78.89316), (42.99494, -78.87966), (42.99323, -78.87417), (43.00135, -78.87525), (43.005, -78.8744), (43.00484, -78.86994)]
(41, 4)[(42.87953, -78.82884), (42.8784, -78.82873), (42.87705, -78.83294), (42.87929, -78.83922), (42.87532, -78.84359), (42.87229, -78.84475), (42.87163, -78.84752), (42.87735, -78.87232), (42.8822, -78.88155), (42.89878, -78.89812), (42.90295, -78.90087), (42.9147, -78.90146), (42.92785, -78.89854), (42.93418, -78.90277), (42.93693, -78.89352), (42.93895, -78.89239), (42.97141, -78.88699), (42.97194, -78.87806)]
(41, 5)[(42.87953, -78.82884), (42.88098, -78.8269), (42.88335, -78.83302), (42.88334, -78.84404), (42.9038, -78.84537), (42.90895, -78.84331), (42.92271, -78.84335), (42.93297, -78.85763), (42.93434, -78.8666), (42.96282, -78.87004), (42.97206, -78.86606), (42.97405, -78.86593), (42.97412, -78.86754)]
(41, 6)[(42.87953, -78.82884), (42.88098, -78.8269), (42.88335, -78.83302), (42.88334, -78.84404), (42.9038, -78.84537), (42.90895, -78.84331), (42.92223, -78.84311), (42.93297, -78.85763), (42.93434, -78.8666), (42.96282, -78.87004), (42.96595, -78.86842)]
(41, 7)[(42.87953, -78.82884), (42.88098, -78.8269), (42.88335, -78.83302), (42.88334, -78.84404), (42.9038, -78.84537), (42.90895, -78.84331), (42.92194, -78.84305), (42.92481, -78.84576), (42.93018, -78.85445), (42.93296, -78.8519), (42.9404, -78.85075), (42.94123, -78.85564), (42.94774, -78.859), (42.98079, -78.85857), (42.98079, -78.85575), (42.98099, -78.85827)]
(41, 8)[(42.87953, -78.82884), (42.88098, -78.8269), (42.88335, -78.83302), (42.88335, -78.83923), (42.93908, -78.83926), (42.94031, -78.84414), (42.96477, -78.84357), (42.97256, -78.85311), (42.97882, -78.85291), (42.97883, -78.85449)]
(41, 9)[(42.87953, -78.82884), (42.88098, -78.8269), (42.88335, -78.83302), (42.88335, -78.83923), (42.93908, -78.83926), (42.94031, -78.84414), (42.96477, -78.84357), (42.97256, -78.85311), (42.98081, -78.85283), (42.98133, -78.85058)]
(41, 10)[(42.87953, -78.82884), (42.88098, -78.8269), (42.88335, -78.83302), (42.88334, -78.84404), (42.9038, -78.84537), (42.90895, -78.84331), (42.92223, -78.84311), (42.93297, -78.85763), (42.93434, -78.8666), (42.96282, -78.87004), (42.96475, -78.86788)]
(41, 11)[(42.87953, -78.82884), (42.88098, -78.8269), (42.88335, -78.83302), (42.88334, -78.84404), (42.9038, -78.84537), (42.90895, -78.84331), (42.92203, -78.84306), (42.93018, -78.85445), (42.93296, -78.8519), (42.9404, -78.85075), (42.94123, -78.85564), (42.94774, -78.859), (42.96375, -78.8583), (42.9644, -78.86156)]
(41, 12)[(42.87953, -78.82884), (42.88098, -78.8269), (42.88335, -78.83302), (42.88334, -78.84404), (42.9038, -78.84537), (42.90895, -78.84331), (42.92203, -78.84306), (42.93025, -78.85448), (42.93296, -78.8519), (42.9404, -78.85075), (42.94123, -78.85564), (42.94774, -78.859), (42.96471, -78.85829), (42.96563, -78.85833), (42.96563, -78.85964)]
(41, 13)[(42.87953, -78.82884), (42.87927, -78.82812), (42.8784, -78.82873), (42.87705, -78.83294), (42.87929, -78.83922), (42.87837, -78.83961), (42.87532, -78.84359), (42.87229, -78.84475), (42.87242, -78.84588), (42.87163, -78.84752), (42.87369, -78.8589), (42.87548, -78.86265), (42.87722, -78.87192), (42.8788, -78.87532), (42.87972, -78.87826), (42.88293, -78.88235), (42.88886, -78.8882), (42.88944, -78.88846), (42.89038, -78.88805), (42.89209, -78.88582), (42.89284, -78.88423), (42.89657, -78.88772), (42.90026, -78.88036), (42.90188, -78.88183), (42.90685, -78.88193), (42.90686, -78.88161)]
(41, 14)[(42.87953, -78.82884), (42.87927, -78.82812), (42.88098, -78.8269), (42.88335, -78.83302), (42.88334, -78.84404), (42.89163, -78.84403), (42.89229, -78.84455), (42.90373, -78.84463), (42.90399, -78.86641), (42.90463, -78.86818), (42.90466, -78.8723), (42.90985, -78.87077), (42.90988, -78.87439), (42.90946, -78.87445)]
(41, 15)[(42.87953, -78.82884), (42.87927, -78.82812), (42.8784, -78.82873), (42.87705, -78.83294), (42.87917, -78.83849), (42.88359, -78.86384), (42.88498, -78.8634), (42.88947, -78.86522), (42.88978, -78.86424), (42.89076, -78.86466)]
(41, 16)[(42.87953, -78.82884), (42.87927, -78.82812), (42.8784, -78.82873), (42.87705, -78.83294), (42.87917, -78.83849), (42.88359, -78.86384), (42.88498, -78.8634), (42.88751, -78.86443), (42.88765, -78.86375)]
(41, 17)[(42.87953, -78.82884), (42.87927, -78.82812), (42.8784, -78.82873), (42.87705, -78.83294), (42.87206, -78.81998), (42.8645, -78.82541), (42.86345, -78.82581), (42.86137, -78.82531), (42.85984, -78.82552), (42.85596, -78.82774), (42.85536, -78.82923), (42.85346, -78.82924), (42.85347, -78.8315)]
(41, 18)[(42.87953, -78.82884), (42.87927, -78.82812), (42.8784, -78.82873), (42.87705, -78.83294), (42.87206, -78.81998), (42.86473, -78.82529), (42.86345, -78.82581), (42.86137, -78.82531), (42.86015, -78.82561), (42.85621, -78.8236), (42.85213, -78.82366), (42.85213, -78.82333)]
(41, 19)[(42.87953, -78.82884), (42.88485, -78.82411), (42.88527, -78.80172), (42.88425, -78.79843), (42.88399, -78.7672), (42.94435, -78.76619), (42.9489, -78.76281), (42.95396, -78.76595), (42.96529, -78.76757), (42.96935, -78.77099), (42.98251, -78.79003), (42.98559, -78.79267), (42.98867, -78.79054), (42.98972, -78.79246), (42.99587, -78.79071), (42.99667, -78.79456), (43.00006, -78.79704), (43.0, -78.79862), (43.00429, -78.79862), (43.00463, -78.81194), (43.00603, -78.81372), (43.00687, -78.8127)]
(41, 20)[(42.87953, -78.82884), (42.88485, -78.82411), (42.88527, -78.80172), (42.88425, -78.79843), (42.88399, -78.7672), (42.94435, -78.76619), (42.9489, -78.76281), (42.95396, -78.76595), (42.96529, -78.76757), (42.96832, -78.76976), (42.97824, -78.7826), (42.98573, -78.7951), (42.99223, -78.80102), (43.00102, -78.81241), (43.00535, -78.82024), (43.00545, -78.82236), (43.01243, -78.82228), (43.01196, -78.812), (43.00958, -78.80942)]
(41, 21)[(42.87953, -78.82884), (42.88485, -78.82411), (42.88527, -78.80172), (42.88425, -78.79843), (42.88399, -78.7672), (42.94435, -78.76619), (42.9489, -78.76281), (42.95396, -78.76595), (42.96529, -78.76757), (42.96935, -78.77099), (42.98251, -78.79003), (42.98559, -78.79267), (42.98867, -78.79054), (42.98972, -78.79246), (42.99587, -78.79071), (42.99667, -78.79456), (43.00006, -78.79704), (43.0, -78.79862), (43.00429, -78.79862), (43.00461, -78.80476), (43.00268, -78.80484), (43.00279, -78.80591)]
(41, 22)[(42.87953, -78.82884), (42.88485, -78.82411), (42.88476, -78.81416), (42.96304, -78.81387), (42.96613, -78.8111), (42.96576, -78.80977)]
(41, 23)[(42.87953, -78.82884), (42.88098, -78.8269), (42.88335, -78.83302), (42.88334, -78.84404), (42.9038, -78.84537), (42.90895, -78.84331), (42.92236, -78.84328), (42.92672, -78.83846), (42.92887, -78.83423), (42.92981, -78.82149), (42.93285, -78.81044), (42.93909, -78.81089), (42.94217, -78.80331), (42.96957, -78.80414)]
(41, 24)[(42.87953, -78.82884), (42.87927, -78.82812), (42.88485, -78.82411), (42.88476, -78.81416), (42.94344, -78.81366), (42.94353, -78.81611)]
(41, 25)[(42.87953, -78.82884), (42.87927, -78.82812), (42.88485, -78.82411), (42.88476, -78.81416), (42.94898, -78.81371), (42.94967, -78.81106), (42.95142, -78.81049), (42.95173, -78.8084)]
(41, 26)[(42.87953, -78.82884), (42.87927, -78.82812), (42.88098, -78.8269), (42.88335, -78.83302), (42.88334, -78.84404), (42.90373, -78.84463), (42.9038, -78.84537), (42.90895, -78.84331), (42.92266, -78.84318), (42.92672, -78.83846), (42.92887, -78.83423), (42.92974, -78.83005), (42.92981, -78.82149), (42.9326, -78.81308), (42.93285, -78.81044), (42.93909, -78.81089), (42.94217, -78.80331), (42.95273, -78.80388), (42.95279, -78.79727), (42.9521, -78.79726)]
(41, 27)[(42.87953, -78.82884), (42.87927, -78.82812), (42.88098, -78.8269), (42.88335, -78.83302), (42.88334, -78.84404), (42.90373, -78.84463), (42.9038, -78.84537), (42.90895, -78.84331), (42.92287, -78.84308), (42.92721, -78.83772), (42.92905, -78.83365), (42.92974, -78.83005), (42.92981, -78.82149), (42.9326, -78.81308), (42.93285, -78.81044), (42.93909, -78.81089), (42.94508, -78.79621), (42.94596, -78.79683), (42.94674, -78.79491), (42.94746, -78.79543), (42.94794, -78.79458), (42.94882, -78.79488)]
(41, 28)[(42.87953, -78.82884), (42.87927, -78.82812), (42.88485, -78.82411), (42.88476, -78.81416), (42.91264, -78.81375), (42.91496, -78.80795), (42.92271, -78.80776), (42.92271, -78.8072)]
(41, 29)[(42.87953, -78.82884), (42.87927, -78.82812), (42.88485, -78.82411), (42.88476, -78.81416), (42.91264, -78.81375), (42.91496, -78.80795), (42.9191, -78.80782), (42.91907, -78.80497), (42.92065, -78.80495)]
(41, 30)[(42.87953, -78.82884), (42.87927, -78.82812), (42.88485, -78.82411), (42.88476, -78.81416), (42.88639, -78.8142), (42.88638, -78.81326)]
(41, 31)[(42.87953, -78.82884), (42.87927, -78.82812), (42.88485, -78.82411), (42.8847, -78.80509), (42.88733, -78.80503), (42.88732, -78.80438)]
(41, 32)[(42.87953, -78.82884), (42.87927, -78.82812), (42.88485, -78.82411), (42.88468, -78.80384), (42.88515, -78.80251), (42.8873, -78.80246), (42.88728, -78.80004), (42.88821, -78.80002)]
(41, 33)[(42.87953, -78.82884), (42.87927, -78.82812), (42.8784, -78.82873), (42.87705, -78.83294), (42.87606, -78.8304), (42.87054, -78.83432), (42.86608, -78.82267), (42.86336, -78.82078), (42.8587, -78.81363), (42.85322, -78.80724), (42.85063, -78.80938), (42.84835, -78.81253), (42.84652, -78.81011), (42.832, -78.80562), (42.83202, -78.80879), (42.82938, -78.80867), (42.82681, -78.80998), (42.81924, -78.81016), (42.81899, -78.80919)]
(41, 34)[(42.87953, -78.82884), (42.87927, -78.82812), (42.8784, -78.82873), (42.87705, -78.83294), (42.87606, -78.8304), (42.87054, -78.83432), (42.86608, -78.82267), (42.86336, -78.82078), (42.8587, -78.81363), (42.85322, -78.80724), (42.85063, -78.80938), (42.84835, -78.81253), (42.84652, -78.81011), (42.82168, -78.80217), (42.8166, -78.80093), (42.81654, -78.80444), (42.81561, -78.80441)]
(41, 35)[(42.87953, -78.82884), (42.88485, -78.82411), (42.88527, -78.80172), (42.88425, -78.79843), (42.88399, -78.7672), (42.94435, -78.76619), (42.9489, -78.76281), (42.95396, -78.76595), (42.96529, -78.76757), (42.96832, -78.76976), (42.97824, -78.7826), (42.98573, -78.7951), (42.99714, -78.80537), (43.00157, -78.80289), (43.01175, -78.80239), (43.01746, -78.79922), (43.02112, -78.79497), (43.02441, -78.78759), (43.02509, -78.78222), (43.02157, -78.783), (43.02244, -78.78143)]
(41, 36)[(42.87953, -78.82884), (42.88485, -78.82411), (42.88527, -78.80172), (42.88425, -78.79843), (42.88399, -78.7672), (42.94435, -78.76619), (42.9489, -78.76281), (42.95396, -78.76595), (42.96529, -78.76757), (42.96832, -78.76976), (42.97824, -78.7826), (42.98573, -78.7951), (42.99714, -78.80537), (43.00157, -78.80289), (43.01263, -78.80212), (43.01926, -78.79738), (43.02368, -78.78987), (43.02509, -78.78222), (43.01982, -78.78301), (43.01939, -78.77964)]
(41, 37)[(42.87953, -78.82884), (42.88485, -78.82411), (42.88527, -78.80172), (42.88425, -78.79843), (42.88399, -78.7672), (42.94435, -78.76619), (42.9489, -78.76281), (42.95396, -78.76595), (42.96529, -78.76757), (42.96832, -78.76976), (42.97824, -78.7826), (42.98573, -78.7951), (42.99724, -78.80538), (43.00157, -78.80289), (43.01341, -78.80182), (43.02051, -78.79585), (43.02474, -78.7856), (43.02422, -78.76935), (43.02283, -78.76937), (43.02318, -78.77085)]
(41, 38)[(42.87953, -78.82884), (42.88485, -78.82411), (42.88527, -78.80172), (42.88425, -78.79843), (42.88399, -78.7672), (42.94435, -78.76619), (42.94813, -78.76299), (42.95063, -78.76318), (42.95396, -78.76595), (42.96363, -78.76709), (42.96752, -78.76899), (42.97824, -78.7826), (42.98251, -78.79003), (42.98574, -78.79273), (42.99602, -78.78576), (42.99715, -78.77685), (42.99885, -78.77442), (43.00344, -78.77215), (43.00836, -78.77354), (43.01594, -78.76808), (43.02218, -78.76787)]
(41, 39)[(42.87953, -78.82884), (42.88485, -78.82411), (42.88527, -78.80172), (42.88425, -78.79843), (42.88399, -78.7672), (42.94435, -78.76619), (42.94813, -78.76299), (42.95063, -78.76318), (42.95396, -78.76595), (42.96363, -78.76709), (42.96752, -78.76899), (42.97824, -78.7826), (42.98251, -78.79003), (42.98574, -78.79273), (42.99602, -78.78576), (42.99715, -78.77685), (42.99885, -78.77442), (43.00344, -78.77215), (43.00836, -78.77354), (43.01518, -78.76851), (43.0178, -78.76802), (43.01777, -78.7699), (43.01556, -78.77144)]
(41, 40)[(42.87953, -78.82884), (42.88485, -78.82411), (42.88527, -78.80172), (42.88425, -78.79843), (42.88399, -78.7672), (42.94435, -78.76619), (42.9489, -78.76281), (42.95396, -78.76595), (42.96664, -78.76835), (42.97804, -78.78161), (42.97832, -78.77648), (42.98383, -78.77669), (42.98387, -78.77785), (42.98949, -78.77742)]
(42, 0)[(42.98661, -78.86466), (42.98659, -78.87144), (42.98486, -78.87084), (42.98486, -78.87291), (42.98097, -78.87238), (42.98098, -78.88539), (42.96092, -78.88884), (42.96158, -78.894), (42.95996, -78.89425), (42.95379, -78.89998), (42.95341, -78.89921)]
(42, 1)[(42.98661, -78.86466), (42.98685, -78.85308), (42.99837, -78.85202), (43.0017, -78.85399), (43.01086, -78.86279), (43.01326, -78.86281), (43.02096, -78.86097), (43.03059, -78.86082), (43.0348, -78.86192), (43.03869, -78.86427), (43.03778, -78.86866), (43.043, -78.8706), (43.04277, -78.87178)]
(42, 2)[(42.98661, -78.86466), (42.98685, -78.85308), (42.99837, -78.85202), (43.0017, -78.85399), (43.01086, -78.86279), (43.01326, -78.86281), (43.02069, -78.86098), (43.03084, -78.86086), (43.0348, -78.86192), (43.03869, -78.86427), (43.03778, -78.86866), (43.04017, -78.86959), (43.04046, -78.8685), (43.04168, -78.86896)]
(42, 3)[(42.98661, -78.86466), (42.98659, -78.87144), (42.98973, -78.87294), (42.9907, -78.87346), (42.99091, -78.87373), (42.99237, -78.87405), (43.00135, -78.87525), (43.005, -78.8744), (43.00499, -78.86994), (43.00484, -78.86994)]
(42, 4)[(42.98661, -78.86466), (42.98659, -78.87144), (42.98486, -78.87084), (42.98486, -78.87291), (42.98097, -78.87238), (42.98101, -78.87865), (42.97204, -78.87872), (42.97204, -78.87807), (42.97194, -78.87806)]
(42, 5)[(42.98661, -78.86466), (42.98659, -78.87144), (42.98249, -78.86994), (42.97599, -78.86613), (42.97405, -78.86593), (42.97412, -78.86754)]
(42, 6)[(42.98661, -78.86466), (42.98659, -78.87144), (42.98284, -78.87011), (42.97561, -78.86607), (42.97206, -78.86606), (42.96595, -78.86842)]
(42, 7)[(42.98661, -78.86466), (42.98662, -78.85863), (42.98079, -78.85857), (42.98079, -78.85575), (42.98098, -78.85575), (42.98099, -78.85827)]
(42, 8)[(42.98661, -78.86466), (42.98662, -78.85863), (42.97883, -78.85854), (42.97883, -78.85449)]
(42, 9)[(42.98661, -78.86466), (42.98662, -78.85863), (42.98079, -78.85857), (42.98081, -78.85048), (42.98087, -78.85033), (42.98133, -78.85058)]
(42, 10)[(42.98661, -78.86466), (42.98659, -78.87144), (42.98249, -78.86994), (42.97599, -78.86613), (42.97206, -78.86606), (42.96475, -78.8689), (42.96475, -78.86788)]
(42, 11)[(42.98661, -78.86466), (42.98662, -78.85863), (42.96471, -78.85829), (42.96473, -78.86156), (42.9644, -78.86156)]
(42, 12)[(42.98661, -78.86466), (42.98662, -78.85863), (42.96563, -78.85833), (42.96563, -78.85964)]
(42, 13)[(42.98661, -78.86466), (42.98659, -78.87144), (42.98486, -78.87084), (42.98486, -78.87291), (42.98097, -78.87238), (42.98101, -78.87865), (42.93793, -78.87859), (42.93314, -78.87699), (42.9237, -78.87703), (42.92034, -78.88219), (42.90686, -78.88161)]
(42, 14)[(42.98661, -78.86466), (42.98659, -78.87144), (42.98486, -78.87084), (42.98486, -78.87291), (42.93691, -78.86722), (42.93219, -78.86527), (42.92922, -78.86601), (42.92781, -78.8677), (42.9222, -78.86737), (42.90985, -78.87077), (42.90988, -78.87439), (42.90946, -78.87445)]
(42, 15)[(42.98661, -78.86466), (42.98662, -78.85863), (42.94774, -78.859), (42.94123, -78.85564), (42.9404, -78.85075), (42.93296, -78.8519), (42.93015, -78.85484), (42.92285, -78.84419), (42.90935, -78.84346), (42.90077, -78.84807), (42.8941, -78.8623), (42.8942, -78.86502), (42.8913, -78.86596), (42.89167, -78.86503), (42.89076, -78.86466)]
(42, 16)[(42.98661, -78.86466), (42.98662, -78.85863), (42.94774, -78.859), (42.94123, -78.85564), (42.94105, -78.85223), (42.93937, -78.85066), (42.93296, -78.8519), (42.93015, -78.85484), (42.92409, -78.84516), (42.91884, -78.84352), (42.90898, -78.84349), (42.90226, -78.84682), (42.8979, -78.85304), (42.89402, -78.86254), (42.8942, -78.86502), (42.8913, -78.86596), (42.89167, -78.86503), (42.88765, -78.86375)]
(42, 17)[(42.98661, -78.86466), (42.98659, -78.87144), (42.98486, -78.87084), (42.98486, -78.87291), (42.98097, -78.87238), (42.98062, -78.90222), (42.96586, -78.92247), (42.96162, -78.91984), (42.95444, -78.91056), (42.9436, -78.90807), (42.93357, -78.90289), (42.92888, -78.89887), (42.91394, -78.90161), (42.90386, -78.90129), (42.89927, -78.89872), (42.87963, -78.87838), (42.8736, -78.85909), (42.87043, -78.84445), (42.86603, -78.84764), (42.86022, -78.83866), (42.85809, -78.83218), (42.85347, -78.8315)]
(42, 18)[(42.98661, -78.86466), (42.98659, -78.87144), (42.98486, -78.87084), (42.98486, -78.87291), (42.98097, -78.87238), (42.98062, -78.90222), (42.96586, -78.92247), (42.96162, -78.91984), (42.95444, -78.91056), (42.9436, -78.90807), (42.93357, -78.90289), (42.92888, -78.89887), (42.91394, -78.90161), (42.90386, -78.90129), (42.89907, -78.89855), (42.87963, -78.87838), (42.87347, -78.8586), (42.86731, -78.82825), (42.86513, -78.82744), (42.86473, -78.82529), (42.86026, -78.82563), (42.85621, -78.8236), (42.85213, -78.82333)]
(42, 19)[(42.98661, -78.86466), (42.98663, -78.85778), (42.98647, -78.85768), (42.98663, -78.85381), (42.98685, -78.85308), (42.98727, -78.85276), (42.99542, -78.85266), (42.99837, -78.85202), (42.9992, -78.85226), (42.99977, -78.85194), (43.0005, -78.85041), (43.00089, -78.84866), (43.00096, -78.83887), (43.00121, -78.83606), (43.00186, -78.83281), (43.00358, -78.8276), (43.00406, -78.82484), (43.004, -78.82142), (43.00348, -78.82055), (43.00277, -78.82088), (43.00272, -78.82181), (43.00346, -78.8223), (43.01243, -78.82228), (43.01242, -78.81706), (43.00996, -78.81681), (43.00696, -78.81543), (43.00497, -78.81302), (43.00561, -78.81297), (43.00595, -78.81366), (43.00636, -78.81374), (43.00687, -78.8127)]
(42, 20)[(42.98661, -78.86466), (42.98663, -78.85778), (42.98647, -78.85768), (42.98663, -78.85381), (42.98685, -78.85308), (42.98727, -78.85276), (42.99542, -78.85266), (42.99837, -78.85202), (42.9992, -78.85226), (42.99977, -78.85194), (43.0005, -78.85041), (43.00089, -78.84866), (43.00096, -78.83887), (43.00121, -78.83606), (43.00186, -78.83281), (43.00358, -78.8276), (43.00406, -78.82484), (43.004, -78.82142), (43.00348, -78.82055), (43.00277, -78.82088), (43.00272, -78.82181), (43.00346, -78.8223), (43.01243, -78.82228), (43.01241, -78.81641), (43.01198, -78.81505), (43.01196, -78.812), (43.01108, -78.81176), (43.00958, -78.80942)]
(42, 21)[(42.98661, -78.86466), (42.98663, -78.85778), (42.98647, -78.85768), (42.98663, -78.85381), (42.98685, -78.85308), (42.98727, -78.85276), (42.99542, -78.85266), (42.99837, -78.85202), (42.9992, -78.85226), (42.99977, -78.85194), (43.0005, -78.85041), (43.00089, -78.84866), (43.00096, -78.83887), (43.00121, -78.83606), (43.00186, -78.83281), (43.00358, -78.8276), (43.00406, -78.82484), (43.004, -78.82142), (43.00348, -78.82055), (43.00277, -78.82088), (43.00272, -78.82181), (43.00346, -78.8223), (43.01243, -78.82228), (43.01242, -78.81706), (43.00996, -78.81681), (43.00651, -78.81506), (43.00497, -78.81302), (43.00463, -78.81194), (43.00461, -78.80476), (43.00268, -78.80484), (43.00279, -78.80591)]
(42, 22)[(42.98661, -78.86466), (42.98662, -78.85863), (42.98079, -78.85857), (42.98072, -78.82526), (42.97962, -78.82275), (42.97725, -78.81373), (42.96304, -78.81387), (42.96613, -78.8111), (42.96544, -78.81004), (42.96576, -78.80977)]
(42, 23)[(42.98661, -78.86466), (42.98662, -78.85863), (42.98079, -78.85857), (42.98072, -78.82526), (42.97962, -78.82275), (42.97746, -78.81499), (42.977, -78.81155), (42.97552, -78.80931), (42.96957, -78.80414)]
(42, 24)[(42.98661, -78.86466), (42.98662, -78.85863), (42.98079, -78.85857), (42.98072, -78.82526), (42.97962, -78.82275), (42.97725, -78.81373), (42.94344, -78.81366), (42.94353, -78.81611)]
(42, 25)[(42.98661, -78.86466), (42.98662, -78.85863), (42.98079, -78.85857), (42.98072, -78.82526), (42.97968, -78.82292), (42.97751, -78.81519), (42.97684, -78.81116), (42.97552, -78.80931), (42.96915, -78.80392), (42.95273, -78.80388), (42.95173, -78.8084)]
(42, 26)[(42.98661, -78.86466), (42.98662, -78.85863), (42.98079, -78.85857), (42.98072, -78.82526), (42.97968, -78.82292), (42.97751, -78.81519), (42.97684, -78.81116), (42.97552, -78.80931), (42.96938, -78.80398), (42.95273, -78.80388), (42.95279, -78.79727), (42.9521, -78.79726)]
(42, 27)[(42.98661, -78.86466), (42.98662, -78.85863), (42.98079, -78.85857), (42.98072, -78.82526), (42.97968, -78.82292), (42.97751, -78.81519), (42.97684, -78.81116), (42.97552, -78.80931), (42.96938, -78.80398), (42.95044, -78.80389), (42.94889, -78.80343), (42.94882, -78.79488)]
(42, 28)[(42.98661, -78.86466), (42.98662, -78.85863), (42.98079, -78.85857), (42.98072, -78.82526), (42.97962, -78.82275), (42.97725, -78.81373), (42.93733, -78.81364), (42.93733, -78.81043), (42.92269, -78.81049), (42.92271, -78.8072)]
(42, 29)[(42.98661, -78.86466), (42.98662, -78.85863), (42.98079, -78.85857), (42.98072, -78.82526), (42.97962, -78.82275), (42.97725, -78.81373), (42.93733, -78.81364), (42.93733, -78.81043), (42.92269, -78.81049), (42.92274, -78.80493), (42.92065, -78.80495)]
(42, 30)[(42.98661, -78.86466), (42.98662, -78.85863), (42.98079, -78.85857), (42.98072, -78.82526), (42.97725, -78.81373), (42.88639, -78.8142), (42.88638, -78.81326)]
(42, 31)[(42.98661, -78.86466), (42.98685, -78.85308), (42.9992, -78.85226), (43.0005, -78.85041), (43.00121, -78.83606), (43.00402, -78.82529), (43.00365, -78.81908), (43.00089, -78.81266), (42.99179, -78.8009), (42.98483, -78.79439), (42.97815, -78.7829), (42.96641, -78.76853), (42.94772, -78.76587), (42.89289, -78.76746), (42.88402, -78.7689), (42.88425, -78.79843), (42.88527, -78.80172), (42.88468, -78.80384), (42.88732, -78.80438)]
(42, 32)[(42.98661, -78.86466), (42.98685, -78.85308), (42.9992, -78.85226), (43.0005, -78.85041), (43.00121, -78.83606), (43.00402, -78.82529), (43.00365, -78.81908), (43.00089, -78.81266), (42.99179, -78.8009), (42.98483, -78.79439), (42.97815, -78.7829), (42.96641, -78.76853), (42.94772, -78.76587), (42.89289, -78.76746), (42.88402, -78.7689), (42.88427, -78.79856), (42.88515, -78.80251), (42.8873, -78.80246), (42.88728, -78.80004), (42.88821, -78.80002)]
(42, 33)[(42.98661, -78.86466), (42.98659, -78.87144), (42.98097, -78.87238), (42.98062, -78.90222), (42.96586, -78.92247), (42.95444, -78.91056), (42.9436, -78.90807), (42.92888, -78.89887), (42.90288, -78.90096), (42.87942, -78.87927), (42.86946, -78.87875), (42.85227, -78.86365), (42.82774, -78.85092), (42.82574, -78.82704), (42.8283, -78.80936), (42.81899, -78.80919)]
(42, 34)[(42.98661, -78.86466), (42.98659, -78.87144), (42.98097, -78.87238), (42.98062, -78.90222), (42.96599, -78.92248), (42.95444, -78.91056), (42.9436, -78.90807), (42.92888, -78.89887), (42.9035, -78.90122), (42.87942, -78.87927), (42.86946, -78.87875), (42.85227, -78.86365), (42.82774, -78.85092), (42.82574, -78.82704), (42.8283, -78.80936), (42.81924, -78.81016), (42.81561, -78.80441)]
(42, 35)[(42.98661, -78.86466), (42.98663, -78.85778), (42.98647, -78.85768), (42.98663, -78.85381), (42.98685, -78.85308), (42.98727, -78.85276), (42.99542, -78.85266), (42.99837, -78.85202), (42.99941, -78.85222), (42.9999, -78.85172), (43.00081, -78.84942), (43.00115, -78.83656), (43.00186, -78.83281), (43.00384, -78.82651), (43.00405, -78.82204), (43.00352, -78.81855), (43.00227, -78.81506), (43.00146, -78.81358), (42.99769, -78.80909), (42.99745, -78.80763), (42.99774, -78.80623), (42.99933, -78.80417), (43.00094, -78.80312), (43.00288, -78.80275), (43.00894, -78.8029), (43.01175, -78.80239), (43.01521, -78.80089), (43.01835, -78.79836), (43.02051, -78.79585), (43.02186, -78.79369), (43.02328, -78.79086), (43.02441, -78.78759), (43.02509, -78.78222), (43.02403, -78.78217), (43.02157, -78.783), (43.02151, -78.78184), (43.02244, -78.78143)]
(42, 36)[(42.98661, -78.86466), (42.98663, -78.85778), (42.98647, -78.85768), (42.98663, -78.85381), (42.98685, -78.85308), (42.98727, -78.85276), (42.99542, -78.85266), (42.99837, -78.85202), (42.99941, -78.85222), (42.9999, -78.85172), (43.00081, -78.84942), (43.00115, -78.83656), (43.00186, -78.83281), (43.00384, -78.82651), (43.00405, -78.82204), (43.00352, -78.81855), (43.00227, -78.81506), (43.00146, -78.81358), (42.99769, -78.80909), (42.99745, -78.80779), (42.99769, -78.80638), (42.99946, -78.80405), (43.00157, -78.80289), (43.00894, -78.8029), (43.01341, -78.80182), (43.01685, -78.79975), (43.01987, -78.79667), (43.02262, -78.79232), (43.0239, -78.78927), (43.02457, -78.7869), (43.02509, -78.78222), (43.02403, -78.78217), (43.02167, -78.78299), (43.01982, -78.78301), (43.01941, -78.78076), (43.01968, -78.77987), (43.01939, -78.77964)]
(42, 37)[(42.98661, -78.86466), (42.98685, -78.85308), (42.99941, -78.85222), (43.00081, -78.84942), (43.00115, -78.83656), (43.00384, -78.82651), (43.00405, -78.82204), (43.00352, -78.81855), (43.00227, -78.81506), (42.99769, -78.80909), (42.99774, -78.80623), (42.99946, -78.80405), (43.00157, -78.80289), (43.00894, -78.8029), (43.01417, -78.80148), (43.01746, -78.79922), (43.02051, -78.79585), (43.02328, -78.79086), (43.02474, -78.7856), (43.02509, -78.78222), (43.02403, -78.78217), (43.02422, -78.76935), (43.02283, -78.76937), (43.02318, -78.77085)]
(42, 38)[(42.98661, -78.86466), (42.98685, -78.85308), (42.99941, -78.85222), (43.00081, -78.84942), (43.00115, -78.83656), (43.00384, -78.82651), (43.00405, -78.82204), (43.00352, -78.81855), (43.00227, -78.81506), (42.99769, -78.80909), (42.99769, -78.80638), (42.99946, -78.80405), (43.00157, -78.80289), (43.00894, -78.8029), (43.01417, -78.80148), (43.01746, -78.79922), (43.02112, -78.79497), (43.0239, -78.78927), (43.02509, -78.78222), (43.02403, -78.78217), (43.02422, -78.76785), (43.02218, -78.76787)]
(42, 39)[(42.98661, -78.86466), (42.98685, -78.85308), (42.99941, -78.85222), (43.00081, -78.84942), (43.00115, -78.83656), (43.00384, -78.82651), (43.00405, -78.82204), (43.00352, -78.81855), (43.00227, -78.81506), (42.99769, -78.80909), (42.99745, -78.80763), (42.99786, -78.80599), (42.99955, -78.80397), (43.00157, -78.80289), (43.00969, -78.80279), (43.01521, -78.80089), (43.02051, -78.79585), (43.0239, -78.78927), (43.02509, -78.78222), (43.02403, -78.78217), (43.02422, -78.76785), (43.0178, -78.76802), (43.01777, -78.7699), (43.01557, -78.7706), (43.01556, -78.77144)]
(42, 40)[(42.98661, -78.86466), (42.98663, -78.85778), (42.98647, -78.85768), (42.98668, -78.85347), (42.98727, -78.85276), (42.99115, -78.85278), (42.99071, -78.80261), (42.99117, -78.79528), (42.99139, -78.77706), (42.98949, -78.77742)]
(43, 0)[(42.98958, -78.79396), (42.99035, -78.79398), (42.99025, -78.79226), (42.98926, -78.79227), (42.98872, -78.79068), (42.97951, -78.79889), (42.98087, -78.82304), (42.98098, -78.88539), (42.96092, -78.88884), (42.96158, -78.894), (42.95996, -78.89425), (42.95379, -78.89998), (42.95341, -78.89921)]
(43, 1)[(42.98958, -78.79396), (42.99035, -78.79398), (42.99025, -78.79226), (42.98926, -78.79227), (42.98872, -78.79068), (42.9865, -78.79283), (42.98757, -78.79672), (42.99259, -78.80143), (43.00148, -78.8131), (43.00296, -78.81592), (43.00392, -78.81929), (43.00419, -78.82561), (43.00203, -78.83294), (43.0012, -78.83787), (43.00115, -78.84898), (43.00064, -78.85326), (43.01086, -78.86279), (43.01326, -78.86281), (43.02096, -78.86097), (43.03059, -78.86082), (43.0348, -78.86192), (43.03869, -78.86427), (43.03778, -78.86866), (43.043, -78.8706), (43.04277, -78.87178)]
(43, 2)[(42.98958, -78.79396), (42.99035, -78.79398), (42.99025, -78.79226), (42.98926, -78.79227), (42.98872, -78.79068), (42.9865, -78.79283), (42.98757, -78.79672), (42.99259, -78.80143), (43.00148, -78.8131), (43.00296, -78.81592), (43.00392, -78.81929), (43.00419, -78.82561), (43.00203, -78.83294), (43.0012, -78.83787), (43.00115, -78.84898), (43.00064, -78.85326), (43.01086, -78.86279), (43.01326, -78.86281), (43.02069, -78.86098), (43.03084, -78.86086), (43.0348, -78.86192), (43.03869, -78.86427), (43.03778, -78.86866), (43.04017, -78.86959), (43.04046, -78.8685), (43.04168, -78.86896)]
(43, 3)[(42.98958, -78.79396), (42.99035, -78.79398), (42.99025, -78.79226), (42.98926, -78.79227), (42.98872, -78.79068), (42.9865, -78.79283), (42.98655, -78.79351), (42.98718, -78.79452), (42.98757, -78.79672), (42.99259, -78.80143), (43.00148, -78.8131), (43.00296, -78.81592), (43.00392, -78.81929), (43.0043, -78.82234), (43.00419, -78.82561), (43.00383, -78.8275), (43.00203, -78.83294), (43.0012, -78.83787), (43.00115, -78.84898), (43.00098, -78.8521), (43.00064, -78.85326), (43.00258, -78.8548), (43.00228, -78.85578), (43.00253, -78.85658), (43.00632, -78.86064), (43.0049, -78.86361), (43.00484, -78.86994)]
(43, 4)[(42.98958, -78.79396), (42.99035, -78.79398), (42.99025, -78.79226), (42.98926, -78.79227), (42.98872, -78.79068), (42.97951, -78.79889), (42.98087, -78.82304), (42.98101, -78.87865), (42.97204, -78.87872), (42.97194, -78.87806)]
(43, 5)[(42.98958, -78.79396), (42.99035, -78.79398), (42.99025, -78.79226), (42.98926, -78.79227), (42.98872, -78.79068), (42.97951, -78.79889), (42.98087, -78.82304), (42.98075, -78.83635), (42.98099, -78.85858), (42.97439, -78.8584), (42.97444, -78.8659), (42.97405, -78.86593), (42.97412, -78.86754)]
(43, 6)[(42.98958, -78.79396), (42.99035, -78.79398), (42.99025, -78.79226), (42.98926, -78.79227), (42.98872, -78.79068), (42.97951, -78.79889), (42.98087, -78.82304), (42.98075, -78.83635), (42.98099, -78.85858), (42.97439, -78.8584), (42.97444, -78.8659), (42.97206, -78.86606), (42.96595, -78.86842)]
(43, 7)[(42.98958, -78.79396), (42.99035, -78.79398), (42.99025, -78.79226), (42.98926, -78.79227), (42.98872, -78.79068), (42.97951, -78.79889), (42.98087, -78.82304), (42.98075, -78.83635), (42.98099, -78.85827)]
(43, 8)[(42.98958, -78.79396), (42.99035, -78.79398), (42.99025, -78.79226), (42.98926, -78.79227), (42.98872, -78.79068), (42.97951, -78.79889), (42.98087, -78.82304), (42.98075, -78.83635), (42.98098, -78.85283), (42.97882, -78.85291), (42.97883, -78.85449)]
(43, 9)[(42.98958, -78.79396), (42.99035, -78.79398), (42.99025, -78.79226), (42.98926, -78.79227), (42.98872, -78.79068), (42.97951, -78.79889), (42.98087, -78.82304), (42.98087, -78.85033), (42.98133, -78.85058)]
(43, 10)[(42.98958, -78.79396), (42.99035, -78.79398), (42.99025, -78.79226), (42.98926, -78.79227), (42.98872, -78.79068), (42.97951, -78.79889), (42.98087, -78.82304), (42.98075, -78.83635), (42.98099, -78.85858), (42.97439, -78.8584), (42.97444, -78.8659), (42.97206, -78.86606), (42.96475, -78.8689), (42.96475, -78.86788)]
(43, 11)[(42.98958, -78.79396), (42.99035, -78.79398), (42.99025, -78.79226), (42.98926, -78.79227), (42.98872, -78.79068), (42.97951, -78.79889), (42.98087, -78.82304), (42.98075, -78.83635), (42.98099, -78.85858), (42.96471, -78.85829), (42.96473, -78.86156), (42.9644, -78.86156)]
(43, 12)[(42.98958, -78.79396), (42.99035, -78.79398), (42.99025, -78.79226), (42.98926, -78.79227), (42.98872, -78.79068), (42.97951, -78.79889), (42.98087, -78.82304), (42.98075, -78.83635), (42.98099, -78.85858), (42.96563, -78.85833), (42.96563, -78.85964)]
(43, 13)[(42.98958, -78.79396), (42.99035, -78.79398), (42.99025, -78.79226), (42.98872, -78.79068), (42.96304, -78.81387), (42.95945, -78.81391), (42.95737, -78.81898), (42.91535, -78.86445), (42.90888, -78.86677), (42.90897, -78.88198), (42.90686, -78.88161)]
(43, 14)[(42.98958, -78.79396), (42.99035, -78.79398), (42.99025, -78.79226), (42.98872, -78.79068), (42.96304, -78.81387), (42.95945, -78.81391), (42.95737, -78.81898), (42.93446, -78.84437), (42.91535, -78.86445), (42.91125, -78.86591), (42.91127, -78.87033), (42.90985, -78.87077), (42.90946, -78.87445)]
(43, 15)[(42.98958, -78.79396), (42.99035, -78.79398), (42.99025, -78.79226), (42.98872, -78.79068), (42.98408, -78.79485), (42.98449, -78.79627), (42.9852, -78.79504), (42.97815, -78.7829), (42.96872, -78.77053), (42.9648, -78.76768), (42.94772, -78.76587), (42.93651, -78.76649), (42.93301, -78.76867), (42.93321, -78.81081), (42.93016, -78.82049), (42.92979, -78.83077), (42.92853, -78.83549), (42.92278, -78.84327), (42.90898, -78.84349), (42.90158, -78.84732), (42.89709, -78.85487), (42.89402, -78.86254), (42.8942, -78.86502), (42.8913, -78.86596), (42.89167, -78.86503), (42.89076, -78.86466)]
(43, 16)[(42.98958, -78.79396), (42.99035, -78.79398), (42.99025, -78.79226), (42.98872, -78.79068), (42.98408, -78.79485), (42.98449, -78.79627), (42.9852, -78.79504), (42.97815, -78.7829), (42.96872, -78.77053), (42.9648, -78.76768), (42.94772, -78.76587), (42.93651, -78.76649), (42.93301, -78.76867), (42.93321, -78.81081), (42.93016, -78.82049), (42.92979, -78.83077), (42.92811, -78.83637), (42.92278, -78.84327), (42.90898, -78.84349), (42.90226, -78.84682), (42.8979, -78.85304), (42.89402, -78.86254), (42.8942, -78.86502), (42.8913, -78.86596), (42.89167, -78.86503), (42.88765, -78.86375)]
(43, 17)[(42.98958, -78.79396), (42.99035, -78.79398), (42.99025, -78.79226), (42.98872, -78.79068), (42.98408, -78.79485), (42.98449, -78.79627), (42.9852, -78.79504), (42.97711, -78.78146), (42.96815, -78.76992), (42.96353, -78.76733), (42.94772, -78.76587), (42.88488, -78.76801), (42.881, -78.77071), (42.87878, -78.77523), (42.87647, -78.7859), (42.87614, -78.80865), (42.87201, -78.81711), (42.87206, -78.81998), (42.8645, -78.82541), (42.85984, -78.82552), (42.85536, -78.82923), (42.85346, -78.82924), (42.85347, -78.8315)]
(43, 18)[(42.98958, -78.79396), (42.99035, -78.79398), (42.99025, -78.79226), (42.98872, -78.79068), (42.98408, -78.79485), (42.98449, -78.79627), (42.9852, -78.79504), (42.97815, -78.7829), (42.96872, -78.77053), (42.96425, -78.76751), (42.94772, -78.76587), (42.88558, -78.76785), (42.8815, -78.77012), (42.87878, -78.77523), (42.87647, -78.7859), (42.87614, -78.80865), (42.87201, -78.81711), (42.87206, -78.81998), (42.86345, -78.82581), (42.85213, -78.82333)]
(43, 19)[(42.98958, -78.79396), (42.99035, -78.79398), (42.99039, -78.79281), (42.99025, -78.79226), (42.99308, -78.79219), (42.99341, -78.79201), (42.99402, -78.7911), (42.99444, -78.79079), (42.99587, -78.79071), (42.99605, -78.79274), (42.99667, -78.79456), (42.99719, -78.79537), (42.99795, -78.79609), (43.00006, -78.79704), (43.0, -78.79862), (43.00429, -78.79862), (43.00429, -78.80265), (43.00461, -78.80476), (43.00463, -78.81194), (43.00497, -78.81302), (43.00512, -78.81284), (43.00568, -78.81302), (43.00603, -78.81372), (43.0065, -78.81371), (43.00662, -78.81298), (43.00687, -78.8127)]
(43, 20)[(42.98958, -78.79396), (42.99035, -78.79398), (42.99025, -78.79226), (42.99308, -78.79219), (42.99444, -78.79079), (42.99587, -78.79071), (42.99605, -78.79274), (42.99667, -78.79456), (42.99795, -78.79609), (43.00006, -78.79704), (43.0, -78.79862), (43.00429, -78.79862), (43.00429, -78.80265), (43.00461, -78.80476), (43.00463, -78.81194), (43.00497, -78.81302), (43.00676, -78.8153), (43.00895, -78.81636), (43.00915, -78.81455), (43.01021, -78.81449), (43.01021, -78.81182), (43.01066, -78.81113), (43.00958, -78.80942)]
(43, 21)[(42.98958, -78.79396), (42.99035, -78.79398), (42.99039, -78.79281), (42.99025, -78.79226), (42.99308, -78.79219), (42.99341, -78.79201), (42.99402, -78.7911), (42.99444, -78.79079), (42.99587, -78.79071), (42.99605, -78.79274), (42.99667, -78.79456), (42.99719, -78.79537), (42.99795, -78.79609), (43.00006, -78.79704), (43.0, -78.79862), (43.00429, -78.79862), (43.00429, -78.80265), (43.00461, -78.80476), (43.00268, -78.80484), (43.00279, -78.80591)]
(43, 22)[(42.98958, -78.79396), (42.99035, -78.79398), (42.99025, -78.79226), (42.98926, -78.79227), (42.98872, -78.79068), (42.96837, -78.8091), (42.96766, -78.80807), (42.96576, -78.80977)]
(43, 23)[(42.98958, -78.79396), (42.99035, -78.79398), (42.99025, -78.79226), (42.98926, -78.79227), (42.98872, -78.79068), (42.97178, -78.80609), (42.96957, -78.80414)]
(43, 24)[(42.98958, -78.79396), (42.99035, -78.79398), (42.99025, -78.79226), (42.98926, -78.79227), (42.98872, -78.79068), (42.96304, -78.81387), (42.94344, -78.81366), (42.94353, -78.81611)]
(43, 25)[(42.98958, -78.79396), (42.99035, -78.79398), (42.99025, -78.79226), (42.98926, -78.79227), (42.98872, -78.79068), (42.97178, -78.80609), (42.96915, -78.80392), (42.95273, -78.80388), (42.95173, -78.8084)]
(43, 26)[(42.98958, -78.79396), (42.99035, -78.79398), (42.99025, -78.79226), (42.98926, -78.79227), (42.98872, -78.79068), (42.97178, -78.80609), (42.96915, -78.80392), (42.95273, -78.80388), (42.95279, -78.79727), (42.9521, -78.79726)]
(43, 27)[(42.98958, -78.79396), (42.99035, -78.79398), (42.99025, -78.79226), (42.98926, -78.79227), (42.98872, -78.79068), (42.97178, -78.80609), (42.96915, -78.80392), (42.95044, -78.80389), (42.94889, -78.80343), (42.94882, -78.79488)]
(43, 28)[(42.98958, -78.79396), (42.99035, -78.79398), (42.99025, -78.79226), (42.98926, -78.79227), (42.98872, -78.79068), (42.98408, -78.79485), (42.98449, -78.79627), (42.98525, -78.79608), (42.9852, -78.79504), (42.97815, -78.7829), (42.96872, -78.77053), (42.9648, -78.76768), (42.95816, -78.76651), (42.94772, -78.76587), (42.94422, -78.7665), (42.93651, -78.76649), (42.93451, -78.76854), (42.93294, -78.76872), (42.93263, -78.76948), (42.93309, -78.77977), (42.93274, -78.79331), (42.9335, -78.799), (42.92279, -78.79877), (42.92271, -78.8072)]
(43, 29)[(42.98958, -78.79396), (42.99035, -78.79398), (42.99025, -78.79226), (42.98926, -78.79227), (42.98872, -78.79068), (42.98408, -78.79485), (42.98449, -78.79627), (42.98525, -78.79608), (42.9852, -78.79504), (42.97815, -78.7829), (42.96872, -78.77053), (42.9648, -78.76768), (42.95816, -78.76651), (42.94772, -78.76587), (42.94422, -78.7665), (42.93679, -78.76644), (42.93451, -78.76854), (42.93294, -78.76872), (42.93263, -78.76948), (42.93309, -78.77977), (42.93274, -78.79331), (42.9335, -78.799), (42.92279, -78.79877), (42.92274, -78.80493), (42.92065, -78.80495)]
(43, 30)[(42.98958, -78.79396), (42.99035, -78.79398), (42.99025, -78.79226), (42.98872, -78.79068), (42.98408, -78.79485), (42.98449, -78.79627), (42.9852, -78.79504), (42.97815, -78.7829), (42.96872, -78.77053), (42.96425, -78.76751), (42.94772, -78.76587), (42.88767, -78.76773), (42.88402, -78.7689), (42.88425, -78.79843), (42.88527, -78.80172), (42.88474, -78.80969), (42.88634, -78.80966), (42.88638, -78.81326)]
(43, 31)[(42.98958, -78.79396), (42.99035, -78.79398), (42.99025, -78.79226), (42.98872, -78.79068), (42.98408, -78.79485), (42.98449, -78.79627), (42.9852, -78.79504), (42.97815, -78.7829), (42.96872, -78.77053), (42.96425, -78.76751), (42.94772, -78.76587), (42.88767, -78.76773), (42.88402, -78.7689), (42.88425, -78.79843), (42.88527, -78.80172), (42.88468, -78.80384), (42.88732, -78.80438)]
(43, 32)[(42.98958, -78.79396), (42.99035, -78.79398), (42.99025, -78.79226), (42.98872, -78.79068), (42.98408, -78.79485), (42.98449, -78.79627), (42.9852, -78.79504), (42.97815, -78.7829), (42.96872, -78.77053), (42.96425, -78.76751), (42.94772, -78.76587), (42.88767, -78.76773), (42.88402, -78.7689), (42.88425, -78.79821), (42.88515, -78.80251), (42.8873, -78.80246), (42.88728, -78.80004), (42.88821, -78.80002)]
(43, 33)[(42.98958, -78.79396), (42.98872, -78.79068), (42.98449, -78.79627), (42.97815, -78.7829), (42.96425, -78.76751), (42.88641, -78.76777), (42.87978, -78.77253), (42.8737, -78.78929), (42.8657, -78.79191), (42.85146, -78.79027), (42.84427, -78.79285), (42.82844, -78.79302), (42.8283, -78.80936), (42.81899, -78.80919)]
(43, 34)[(42.98958, -78.79396), (42.98872, -78.79068), (42.98449, -78.79627), (42.97815, -78.7829), (42.96425, -78.76751), (42.88641, -78.76777), (42.87978, -78.77253), (42.87627, -78.78589), (42.87325, -78.78953), (42.8657, -78.79191), (42.85146, -78.79027), (42.84427, -78.79285), (42.82844, -78.79302), (42.82818, -78.80439), (42.8166, -78.80093), (42.81561, -78.80441)]
(43, 35)[(42.98958, -78.79396), (42.99035, -78.79398), (42.99025, -78.79226), (42.98926, -78.79227), (42.98867, -78.79054), (42.9919, -78.78794), (42.99526, -78.7865), (42.99634, -78.78528), (42.99696, -78.78275), (42.997, -78.77758), (42.99766, -78.77565), (42.99885, -78.77442), (43.00072, -78.77377), (43.00302, -78.77224), (43.00434, -78.77224), (43.00661, -78.77342), (43.008, -78.77363), (43.0107, -78.77881), (43.01254, -78.77891), (43.01496, -78.78137), (43.01637, -78.78225), (43.01821, -78.78275), (43.02156, -78.78276), (43.02151, -78.78184), (43.02244, -78.78143)]
(43, 36)[(42.98958, -78.79396), (42.99035, -78.79398), (42.99025, -78.79226), (42.98926, -78.79227), (42.98867, -78.79054), (42.9919, -78.78794), (42.99499, -78.78666), (42.99602, -78.78576), (42.99686, -78.78372), (42.99697, -78.77788), (42.99751, -78.77592), (42.99885, -78.77442), (43.00096, -78.77364), (43.00248, -78.77248), (43.00414, -78.77219), (43.00694, -78.77354), (43.008, -78.77363), (43.0107, -78.77881), (43.01254, -78.77891), (43.01496, -78.78137), (43.01637, -78.78225), (43.018, -78.78272), (43.01982, -78.78277), (43.01941, -78.78076), (43.01968, -78.77987), (43.01939, -78.77964)]
(43, 37)[(42.98958, -78.79396), (42.99035, -78.79398), (42.99025, -78.79226), (42.98926, -78.79227), (42.98867, -78.79054), (42.9919, -78.78794), (42.99526, -78.7865), (42.99634, -78.78528), (42.99696, -78.78275), (42.99706, -78.77723), (42.9978, -78.77543), (42.99885, -78.77442), (43.00072, -78.77377), (43.00248, -78.77248), (43.00344, -78.77215), (43.00469, -78.77236), (43.00694, -78.77354), (43.00836, -78.77354), (43.01251, -78.77013), (43.01594, -78.76808), (43.02319, -78.76784), (43.02319, -78.76856), (43.02288, -78.76878), (43.02283, -78.76937), (43.02318, -78.77085)]
(43, 38)[(42.98958, -78.79396), (42.99035, -78.79398), (42.99025, -78.79226), (42.98926, -78.79227), (42.98867, -78.79054), (42.9919, -78.78794), (42.99526, -78.7865), (42.99634, -78.78528), (42.99696, -78.78275), (42.99706, -78.77723), (42.99766, -78.77565), (42.99845, -78.77472), (43.00344, -78.77215), (43.00469, -78.77236), (43.00694, -78.77354), (43.00836, -78.77354), (43.01251, -78.77013), (43.01594, -78.76808), (43.02218, -78.76787)]
(43, 39)[(42.98958, -78.79396), (42.99035, -78.79398), (42.99025, -78.79226), (42.98926, -78.79227), (42.98867, -78.79054), (42.9919, -78.78794), (42.99526, -78.7865), (42.99634, -78.78528), (42.99696, -78.78275), (42.99706, -78.77723), (42.99751, -78.77592), (42.99823, -78.77491), (43.00344, -78.77215), (43.00469, -78.77236), (43.00694, -78.77354), (43.00836, -78.77354), (43.01251, -78.77013), (43.01518, -78.76851), (43.01594, -78.76808), (43.0178, -78.76802), (43.01777, -78.7699), (43.01557, -78.7706), (43.01556, -78.77144)]
(43, 40)[(42.98958, -78.79396), (42.99035, -78.79398), (42.99039, -78.79281), (42.99025, -78.79226), (42.99122, -78.79222), (42.99139, -78.77706), (42.99045, -78.77707), (42.99044, -78.77735), (42.98949, -78.77742)]
