(41, 0)[(42.97761, -78.80065), (42.97951, -78.79889), (42.98087, -78.82304), (42.98098, -78.88539), (42.96093, -78.88887), (42.96158, -78.894), (42.95996, -78.89425), (42.95379, -78.89998), (42.95341, -78.89921)]
(41, 1)[(42.97761, -78.80065), (42.97937, -78.79902), (42.97843, -78.78222), (42.97849, -78.7817), (42.97873, -78.78171), (42.97888, -78.78181), (42.97942, -78.78264), (42.98013, -78.78533), (42.98038, -78.78605), (42.98102, -78.78741), (42.98188, -78.78902)]
(41, 2)[(42.97761, -78.80065), (42.96304, -78.81387), (42.95945, -78.81391), (42.95766, -78.81852), (42.95805, -78.81935), (42.95816, -78.82382), (42.9587, -78.86904), (42.95867, -78.8736), (42.95761, -78.87355), (42.95761, -78.87456)]
(41, 3)[(42.97761, -78.80065), (42.98302, -78.79541), (42.98305, -78.79473), (42.98251, -78.79354), (42.98234, -78.79071), (42.98209, -78.78995), (42.97815, -78.7829), (42.96777, -78.76956), (42.96641, -78.76853), (42.96425, -78.76751), (42.95911, -78.76666), (42.95739, -78.76707), (42.95688, -78.76653), (42.95705, -78.76551), (42.95945, -78.76406), (42.96019, -78.76095), (42.96159, -78.76087), (42.96198, -78.76148), (42.96196, -78.76462), (42.96084, -78.76444)]
(41, 4)[(42.97761, -78.80065), (42.97937, -78.79902), (42.97852, -78.78381), (42.95018, -78.78399), (42.9497, -78.78426), (42.94537, -78.78408), (42.94493, -78.78436), (42.94149, -78.78409), (42.94147, -78.78858)]
(41, 5)[(42.97761, -78.80065), (42.98867, -78.79054), (42.98905, -78.792), (42.98972, -78.79246), (42.99308, -78.79219), (42.99444, -78.79079), (42.99587, -78.79071), (42.99608, -78.79285), (42.99677, -78.79474), (42.99795, -78.79609), (42.99928, -78.79661), (43.00312, -78.7964), (43.00397, -78.79606), (43.00488, -78.79465), (43.00537, -78.79083), (43.00553, -78.79176)]
(41, 6)[(42.97761, -78.80065), (42.97178, -78.80609), (42.97193, -78.80942), (42.97204, -78.81048), (42.9728, -78.81048)]
(41, 7)[(42.97761, -78.80065), (42.96304, -78.81387), (42.95945, -78.81391), (42.95737, -78.81898), (42.93908, -78.83926), (42.90649, -78.83906), (42.90648, -78.83702)]
(41, 8)[(42.97761, -78.80065), (42.98933, -78.79001), (42.99073, -78.78811), (42.99127, -78.78778), (42.99149, -78.77062), (42.99113, -78.76604), (42.99106, -78.75), (42.99212, -78.74996)]
(41, 9)[(42.97761, -78.80065), (42.98513, -78.79359), (42.98538, -78.79266), (42.98475, -78.79144), (42.98396, -78.79202), (42.98468, -78.79375), (42.99223, -78.80102), (43.00102, -78.81241), (43.0031, -78.81614), (43.00406, -78.81931), (43.00535, -78.82024), (43.00545, -78.82236), (43.03186, -78.82221), (43.03437, -78.82273), (43.0344, -78.81707)]
(41, 10)[(42.97761, -78.80065), (42.97178, -78.80609), (42.96304, -78.81387), (42.95945, -78.81391), (42.95766, -78.81852), (42.95791, -78.81883), (42.95805, -78.81935), (42.95816, -78.82382), (42.96, -78.82376)]
(41, 11)[(42.97761, -78.80065), (42.98949, -78.78987), (42.99602, -78.78576), (42.99686, -78.78372), (42.99706, -78.77723), (42.99823, -78.77491), (43.00344, -78.77215), (43.00742, -78.77365), (43.00914, -78.77313), (43.0168, -78.76737), (43.02425, -78.75919), (43.02426, -78.75324), (43.02369, -78.75137), (43.02222, -78.75136), (43.02224, -78.74956)]
(41, 12)[(42.97761, -78.80065), (42.98302, -78.79541), (42.98229, -78.79051), (42.97815, -78.7829), (42.9673, -78.76914), (42.96353, -78.76733), (42.94772, -78.76587), (42.94422, -78.7665), (42.93651, -78.76649), (42.93453, -78.76853)]
(41, 13)[(42.97761, -78.80065), (42.97951, -78.79889), (42.98087, -78.82304), (42.98076, -78.83753), (42.98097, -78.85286), (42.97256, -78.85311), (42.97109, -78.8512), (42.97101, -78.85169), (42.97084, -78.85159)]
(41, 14)[(42.97761, -78.80065), (42.97937, -78.79902), (42.97852, -78.78381), (42.95018, -78.78399), (42.94966, -78.78424), (42.94964, -78.77239), (42.94841, -78.77238)]
(41, 15)[(42.97761, -78.80065), (42.96304, -78.81387), (42.95945, -78.81391), (42.95737, -78.81898), (42.94598, -78.83169), (42.94674, -78.8328), (42.94746, -78.83532), (42.94757, -78.84142), (42.94972, -78.84155), (42.94981, -78.84123)]
(41, 16)[(42.97761, -78.80065), (42.99127, -78.78778), (42.99108, -78.72), (42.99655, -78.71757), (43.00005, -78.71738), (42.9999, -78.71078), (43.00489, -78.71079), (43.00489, -78.71216), (43.00436, -78.71216), (43.00447, -78.71444)]
(41, 17)[(42.97761, -78.80065), (42.97937, -78.79902), (42.97811, -78.76787), (42.97286, -78.76184), (42.96821, -78.7593), (42.96561, -78.75638), (42.96105, -78.75549), (42.96632, -78.72323), (42.96537, -78.6998), (42.96593, -78.69982), (42.96591, -78.70063)]
(41, 18)[(42.97761, -78.80065), (42.99112, -78.78856), (42.99579, -78.78604), (42.99686, -78.78372), (42.99697, -78.77788), (42.99751, -78.77592), (42.99885, -78.77442), (43.00248, -78.77248), (43.00414, -78.77219), (43.00694, -78.77354), (43.00836, -78.77354), (43.01594, -78.76808), (43.03478, -78.76781), (43.03474, -78.77375), (43.03251, -78.77359), (43.03249, -78.77621)]
(41, 19)[(42.97761, -78.80065), (42.97937, -78.79902), (42.97811, -78.76787), (42.97286, -78.76184), (42.96821, -78.7593), (42.96561, -78.75638), (42.96105, -78.75549), (42.96632, -78.72323), (42.96541, -78.70122), (42.96708, -78.70168)]
(41, 20)[(42.97761, -78.80065), (42.96304, -78.81387), (42.9331, -78.81365), (42.93016, -78.82049), (42.92917, -78.8338), (42.92402, -78.84231), (42.92183, -78.8435), (42.90898, -78.84349), (42.90226, -78.84682), (42.8979, -78.85304), (42.89402, -78.86254), (42.8942, -78.86502), (42.89246, -78.86557), (42.89332, -78.86341)]
(41, 21)[(42.97761, -78.80065), (42.97937, -78.79902), (42.97852, -78.78381), (42.93918, -78.7841), (42.93951, -78.77363), (42.9386, -78.7736)]
(41, 22)[(42.97761, -78.80065), (42.98513, -78.79359), (42.98538, -78.79266), (42.98467, -78.7914), (42.98426, -78.79142), (42.98396, -78.79202), (42.98468, -78.79375), (42.9868, -78.79621), (42.99074, -78.79948), (42.99259, -78.80143), (43.00202, -78.81395), (43.0036, -78.81792), (43.00419, -78.82101), (43.00432, -78.82343), (43.00383, -78.8275), (43.00203, -78.83294), (43.00136, -78.83642), (43.00115, -78.83902), (43.00105, -78.85117), (43.00064, -78.85326), (43.00274, -78.85494), (43.01032, -78.86255), (43.01186, -78.86296), (43.015, -78.86223), (43.01667, -78.86635), (43.01625, -78.86661)]
(41, 23)[(42.97761, -78.80065), (42.97937, -78.79902), (42.97852, -78.78381), (42.95018, -78.78399), (42.9497, -78.78426), (42.94537, -78.78408), (42.94492, -78.7847), (42.94492, -78.79009)]
(41, 24)[(42.97761, -78.80065), (42.96304, -78.81387), (42.9331, -78.81365), (42.93016, -78.82049), (42.92917, -78.8338), (42.92386, -78.84251), (42.90877, -78.84353), (42.90158, -78.84732), (42.89709, -78.85487), (42.89402, -78.86254), (42.8942, -78.86502), (42.89003, -78.86637), (42.89014, -78.86547), (42.88487, -78.86347), (42.88493, -78.85914), (42.88429, -78.8593)]
(41, 25)[(42.97761, -78.80065), (42.96304, -78.81387), (42.95945, -78.81391), (42.95737, -78.81898), (42.92531, -78.85398), (42.91936, -78.854), (42.91934, -78.85331)]
(41, 26)[(42.97761, -78.80065), (42.98302, -78.79541), (42.98229, -78.79051), (42.97711, -78.78146), (42.96641, -78.76853), (42.94772, -78.76587), (42.90858, -78.76682), (42.90754, -78.76807), (42.90812, -78.76937), (42.9091, -78.76884), (42.90895, -78.76316), (42.90705, -78.7544), (42.89074, -78.75449)]
(41, 27)[(42.97761, -78.80065), (42.98513, -78.79359), (42.98538, -78.79266), (42.98467, -78.7914), (42.98396, -78.79202), (42.98468, -78.79375), (42.99223, -78.80102), (43.00102, -78.81241), (43.0031, -78.81614), (43.00406, -78.81931), (43.00535, -78.82024), (43.00545, -78.82236), (43.03186, -78.82221), (43.03592, -78.8231), (43.036, -78.82855), (43.03945, -78.82886), (43.03948, -78.83068)]
(41, 28)[(42.97761, -78.80065), (42.98513, -78.79359), (42.98538, -78.79266), (42.98475, -78.79144), (42.98401, -78.79175), (42.98437, -78.79335), (42.99259, -78.80143), (43.00102, -78.81241), (43.00296, -78.81592), (43.00407, -78.82016), (43.00428, -78.82445), (43.00141, -78.83605), (43.00105, -78.85117), (43.00064, -78.85326), (43.00992, -78.8622), (43.01166, -78.86295), (43.02096, -78.86097), (43.03059, -78.86082), (43.03546, -78.86209), (43.03576, -78.85708), (43.03529, -78.85707)]
(41, 29)[(42.97761, -78.80065), (42.98513, -78.79359), (42.98538, -78.79266), (42.98483, -78.79153), (42.98426, -78.79142), (42.98396, -78.79202), (42.98468, -78.79375), (42.9868, -78.79621), (42.99223, -78.80102), (43.00102, -78.81241), (43.0031, -78.81614), (43.00406, -78.81931), (43.00535, -78.82024), (43.00545, -78.82236), (43.00749, -78.82233), (43.00749, -78.8264), (43.00887, -78.82735), (43.0081, -78.82943), (43.00857, -78.82983), (43.00861, -78.83139), (43.00805, -78.83374)]
(41, 30)[(42.97761, -78.80065), (42.97601, -78.80212), (42.9764, -78.8029), (42.97605, -78.80312), (42.97598, -78.80324), (42.97594, -78.80342), (42.97604, -78.80636), (42.97628, -78.80634)]
(41, 31)[(42.97761, -78.80065), (42.98728, -78.79167), (42.99112, -78.78856), (42.99579, -78.78604), (42.99668, -78.78448), (42.99715, -78.78137), (42.99809, -78.7813), (42.99823, -78.78008), (43.001, -78.78005), (43.00119, -78.78166), (43.00153, -78.78166)]
(41, 32)[(42.97761, -78.80065), (42.96304, -78.81387), (42.95945, -78.81391), (42.95737, -78.81898), (42.93908, -78.83926), (42.90722, -78.83906), (42.90722, -78.83763)]
(41, 33)[(42.97761, -78.80065), (42.98302, -78.79541), (42.98229, -78.79051), (42.96641, -78.76853), (42.94772, -78.76587), (42.91683, -78.7664), (42.88404, -78.76828), (42.87978, -78.77253), (42.8737, -78.78929), (42.8657, -78.79191), (42.85146, -78.79027), (42.84427, -78.79285), (42.82844, -78.79302), (42.82818, -78.80439), (42.82186, -78.80223), (42.82056, -78.80604)]
(41, 34)[(42.97761, -78.80065), (42.98302, -78.79541), (42.98209, -78.78995), (42.97815, -78.7829), (42.96872, -78.77053), (42.96353, -78.76733), (42.94772, -78.76587), (42.88558, -78.76785), (42.88225, -78.76937), (42.87978, -78.77253), (42.87627, -78.78589), (42.8737, -78.78929), (42.8657, -78.79191), (42.85362, -78.79102), (42.8512, -78.7928), (42.84994, -78.79169), (42.84859, -78.78298), (42.84625, -78.78232), (42.84122, -78.78565), (42.83685, -78.77536), (42.83131, -78.77459), (42.83126, -78.77138)]
(41, 35)[(42.97761, -78.80065), (42.98302, -78.79541), (42.98229, -78.79051), (42.97815, -78.7829), (42.96872, -78.77053), (42.96353, -78.76733), (42.94772, -78.76587), (42.89289, -78.76746), (42.88402, -78.7689), (42.88435, -78.7846), (42.87505, -78.78484), (42.87145, -78.78732), (42.87159, -78.79326), (42.86858, -78.79343), (42.8686, -78.79812), (42.86787, -78.79812)]
(41, 36)[(42.97761, -78.80065), (42.98302, -78.79541), (42.98209, -78.78995), (42.97815, -78.7829), (42.96928, -78.77125), (42.9648, -78.76768), (42.94772, -78.76587), (42.8843, -78.76818), (42.88034, -78.77161), (42.8783, -78.77722), (42.87647, -78.7859), (42.87614, -78.80865), (42.87201, -78.81711), (42.87206, -78.81998), (42.8645, -78.82541), (42.85984, -78.82552), (42.85898, -78.8284), (42.85722, -78.82949), (42.85946, -78.83642), (42.85641, -78.84082), (42.85889, -78.84359)]
(41, 37)[(42.97761, -78.80065), (42.98308, -78.79516), (42.98209, -78.78995), (42.97887, -78.78401), (42.9673, -78.76914), (42.9564, -78.76638), (42.91945, -78.76633), (42.88488, -78.76801), (42.87978, -78.77253), (42.87627, -78.78589), (42.8737, -78.78929), (42.8657, -78.79191), (42.85399, -78.79098), (42.85052, -78.79261), (42.84915, -78.78394), (42.84361, -78.77001), (42.84318, -78.75065), (42.83884, -78.70972), (42.83614, -78.7019), (42.83358, -78.69985), (42.83295, -78.69719), (42.82743, -78.69693), (42.82889, -78.70197), (42.82991, -78.7036), (42.83053, -78.70298)]
(41, 38)[(42.97761, -78.80065), (42.98308, -78.79516), (42.97887, -78.78401), (42.9673, -78.76914), (42.95816, -78.76651), (42.88488, -78.76801), (42.87978, -78.77253), (42.8737, -78.78929), (42.8657, -78.79191), (42.85146, -78.79027), (42.84427, -78.79285), (42.82844, -78.79302), (42.82818, -78.80439), (42.80438, -78.79726), (42.80414, -78.78301), (42.80072, -78.7838)]
(41, 39)[(42.97761, -78.80065), (42.98302, -78.79541), (42.98209, -78.78995), (42.97815, -78.7829), (42.96872, -78.77053), (42.96353, -78.76733), (42.94772, -78.76587), (42.88726, -78.76781), (42.88402, -78.7689), (42.88435, -78.7846), (42.87505, -78.78484), (42.87145, -78.78732), (42.87079, -78.7824), (42.86818, -78.77611), (42.86228, -78.76778), (42.86065, -78.76829), (42.85825, -78.77094), (42.85989, -78.77443), (42.86303, -78.77575)]
(41, 40)[(42.97761, -78.80065), (42.98302, -78.79541), (42.98229, -78.79051), (42.96872, -78.77053), (42.96353, -78.76733), (42.94772, -78.76587), (42.88488, -78.76801), (42.87978, -78.77253), (42.87627, -78.78589), (42.87325, -78.78953), (42.8657, -78.79191), (42.85146, -78.79027), (42.84427, -78.79285), (42.82844, -78.79302), (42.82818, -78.80439), (42.82185, -78.80146)]
(42, 0)[(42.91536, -78.86511), (42.91536, -78.8655), (42.92065, -78.86384), (42.92057, -78.86693), (42.92084, -78.8679), (42.92588, -78.87363), (42.93138, -78.87378), (42.93209, -78.8744), (42.933, -78.8746), (42.93339, -78.87703), (42.93588, -78.87822), (42.93591, -78.88014), (42.93684, -78.88173), (42.93733, -78.88359), (42.93736, -78.88662), (42.93769, -78.88875), (42.93746, -78.88938), (42.93824, -78.88989), (42.93605, -78.89616), (42.9361, -78.89867), (42.93864, -78.89812), (42.94969, -78.90381), (42.95379, -78.89998), (42.95341, -78.89921)]
(42, 1)[(42.91536, -78.86511), (42.91535, -78.86445), (42.92221, -78.85727), (42.92193, -78.84281), (42.92374, -78.84225), (42.92721, -78.83772), (42.92874, -78.83462), (42.92974, -78.83005), (42.92981, -78.82149), (42.93296, -78.81167), (42.93309, -78.79827), (42.93257, -78.7923), (42.93293, -78.77477), (42.93247, -78.76556), (42.93186, -78.76412), (42.93041, -78.76424), (42.9304, -78.76553), (42.93152, -78.76618), (42.94435, -78.76619), (42.94588, -78.7657), (42.94765, -78.76333), (42.9489, -78.76281), (42.95134, -78.76353), (42.95396, -78.76595), (42.96529, -78.76757), (42.96935, -78.77099), (42.97824, -78.7826), (42.98188, -78.78902)]
(42, 2)[(42.91536, -78.86511), (42.92065, -78.86384), (42.92081, -78.86758), (42.92768, -78.86773), (42.929, -78.86573), (42.93232, -78.86493), (42.93691, -78.86722), (42.95764, -78.86951), (42.95761, -78.87456)]
(42, 3)[(42.91536, -78.86511), (42.91535, -78.86445), (42.92221, -78.85727), (42.92193, -78.84281), (42.92374, -78.84225), (42.92721, -78.83772), (42.92874, -78.83462), (42.92974, -78.83005), (42.92981, -78.82149), (42.93296, -78.81167), (42.93309, -78.79827), (42.93257, -78.7923), (42.93293, -78.77477), (42.93247, -78.76556), (42.93186, -78.76412), (42.93029, -78.76441), (42.93047, -78.76564), (42.93152, -78.76618), (42.94435, -78.76619), (42.94588, -78.7657), (42.94765, -78.76333), (42.9489, -78.76281), (42.95134, -78.76353), (42.95343, -78.7657), (42.95542, -78.76611), (42.95935, -78.76419), (42.96019, -78.76095), (42.96159, -78.76087), (42.96198, -78.76148), (42.96196, -78.76462), (42.96084, -78.76444)]
(42, 4)[(42.91536, -78.86511), (42.91535, -78.86445), (42.92221, -78.85727), (42.92193, -78.84281), (42.92343, -78.84257), (42.92672, -78.83846), (42.92846, -78.83528), (42.92943, -78.83231), (42.92974, -78.83005), (42.92981, -78.82149), (42.93271, -78.81274), (42.93306, -78.81082), (42.93309, -78.79827), (42.93255, -78.79163), (42.93268, -78.78413), (42.94149, -78.78409), (42.94147, -78.78858)]
(42, 5)[(42.91536, -78.86511), (42.95737, -78.81898), (42.95976, -78.81316), (42.98603, -78.81428), (42.98964, -78.80488), (43.0, -78.79862), (42.99993, -78.79662), (43.00397, -78.79606), (43.00537, -78.79083), (43.00553, -78.79176)]
(42, 6)[(42.91536, -78.86511), (42.91535, -78.86445), (42.95737, -78.81898), (42.95976, -78.81316), (42.96008, -78.81391), (42.97231, -78.81377), (42.97204, -78.81048), (42.9728, -78.81048)]
(42, 7)[(42.91536, -78.86511), (42.91527, -78.85511), (42.91475, -78.85321), (42.91461, -78.83913), (42.90649, -78.83906), (42.90648, -78.83702)]
(42, 8)[(42.91536, -78.86511), (42.91535, -78.86445), (42.92221, -78.85727), (42.92193, -78.84281), (42.92374, -78.84225), (42.92721, -78.83772), (42.92874, -78.83462), (42.92974, -78.83005), (42.92981, -78.82149), (42.93296, -78.81167), (42.93309, -78.79827), (42.93257, -78.7923), (42.93293, -78.77477), (42.93247, -78.76556), (42.93186, -78.76412), (42.93034, -78.76432), (42.9304, -78.76553), (42.93152, -78.76618), (42.94435, -78.76619), (42.94588, -78.7657), (42.94765, -78.76333), (42.9489, -78.76281), (42.95134, -78.76353), (42.95343, -78.7657), (42.95542, -78.76611), (42.95945, -78.76406), (42.96045, -78.75935), (42.96821, -78.7593), (42.97275, -78.76174), (42.9778, -78.76758), (42.98031, -78.76911), (42.98204, -78.76529), (42.98539, -78.76365), (42.98958, -78.7602), (42.99111, -78.75978), (42.99106, -78.75), (42.99212, -78.74996)]
(42, 9)[(42.91536, -78.86511), (42.95398, -78.82275), (42.95816, -78.82382), (42.99956, -78.82231), (43.03437, -78.82273), (43.0344, -78.81707)]
(42, 10)[(42.91536, -78.86511), (42.91535, -78.86445), (42.95398, -78.82275), (42.96, -78.82376)]
(42, 11)[(42.91536, -78.86511), (42.95737, -78.81898), (42.95976, -78.81316), (42.96304, -78.81387), (42.98746, -78.79152), (42.99579, -78.78604), (42.99686, -78.78372), (42.99706, -78.77723), (42.99823, -78.77491), (43.00344, -78.77215), (43.00836, -78.77354), (43.01722, -78.76694), (43.02425, -78.75919), (43.02426, -78.75324), (43.02369, -78.75137), (43.02222, -78.75136), (43.02224, -78.74956)]
(42, 12)[(42.91536, -78.86511), (42.91535, -78.86445), (42.92221, -78.85727), (42.92193, -78.84281), (42.92374, -78.84225), (42.92721, -78.83772), (42.92874, -78.83462), (42.92974, -78.83005), (42.92981, -78.82149), (42.93296, -78.81167), (42.93309, -78.79827), (42.93257, -78.7923), (42.93293, -78.77477), (42.93247, -78.76556), (42.93186, -78.76412), (42.93025, -78.76453), (42.93047, -78.76564), (42.93152, -78.76618), (42.94089, -78.76624), (42.94522, -78.7652), (42.94519, -78.76679), (42.93679, -78.76644), (42.93551, -78.76711), (42.93453, -78.76853)]
(42, 13)[(42.91536, -78.86511), (42.91535, -78.86445), (42.93694, -78.84158), (42.94019, -78.84332), (42.94031, -78.84414), (42.96477, -78.84357), (42.97085, -78.85095), (42.97084, -78.85159)]
(42, 14)[(42.91536, -78.86511), (42.91535, -78.86445), (42.92221, -78.85727), (42.92193, -78.84281), (42.92343, -78.84257), (42.92672, -78.83846), (42.92943, -78.83231), (42.92981, -78.82149), (42.93306, -78.81082), (42.93268, -78.78413), (42.94959, -78.78396), (42.94964, -78.77239), (42.94841, -78.77238)]
(42, 15)[(42.91536, -78.86511), (42.91535, -78.86445), (42.93694, -78.84158), (42.93725, -78.8421), (42.93839, -78.8423), (42.94019, -78.84332), (42.94031, -78.84414), (42.9494, -78.84403), (42.94981, -78.84123)]
(42, 16)[(42.91536, -78.86511), (42.92221, -78.85727), (42.92193, -78.84281), (42.92374, -78.84225), (42.92874, -78.83462), (42.92981, -78.82149), (42.93304, -78.81111), (42.93247, -78.76556), (42.93012, -78.75996), (42.93002, -78.74696), (42.92828, -78.74127), (42.93012, -78.73848), (42.93502, -78.71406), (42.93697, -78.71039), (42.93794, -78.69693), (43.00002, -78.69691), (42.9999, -78.71078), (43.00489, -78.71079), (43.00447, -78.71444)]
(42, 17)[(42.91536, -78.86511), (42.91535, -78.86445), (42.92221, -78.85727), (42.92193, -78.84281), (42.92374, -78.84225), (42.92721, -78.83772), (42.92874, -78.83462), (42.92974, -78.83005), (42.92981, -78.82149), (42.93304, -78.81111), (42.93309, -78.79827), (42.93257, -78.7923), (42.93293, -78.77477), (42.93247, -78.76556), (42.93012, -78.75996), (42.93002, -78.74696), (42.92828, -78.74127), (42.92862, -78.74011), (42.93012, -78.73848), (42.93502, -78.71406), (42.93697, -78.71039), (42.9369, -78.7033), (42.93794, -78.69693), (42.96526, -78.69675), (42.96537, -78.6998), (42.96593, -78.69982), (42.96591, -78.70063)]
(42, 18)[(42.91536, -78.86511), (42.95737, -78.81898), (42.95976, -78.81316), (42.96304, -78.81387), (42.98746, -78.79152), (42.99579, -78.78604), (42.99686, -78.78372), (42.99715, -78.77685), (42.99865, -78.77457), (43.00344, -78.77215), (43.00836, -78.77354), (43.01594, -78.76808), (43.03478, -78.76781), (43.03474, -78.77375), (43.03251, -78.77359), (43.03249, -78.77621)]
(42, 19)[(42.91536, -78.86511), (42.91535, -78.86445), (42.92221, -78.85727), (42.92193, -78.84281), (42.92374, -78.84225), (42.92721, -78.83772), (42.92874, -78.83462), (42.92974, -78.83005), (42.92981, -78.82149), (42.93304, -78.81111), (42.93309, -78.79827), (42.93257, -78.7923), (42.93293, -78.77477), (42.93247, -78.76556), (42.93012, -78.75996), (42.93002, -78.74696), (42.92828, -78.74127), (42.92862, -78.74011), (42.93012, -78.73848), (42.93502, -78.71406), (42.93697, -78.71039), (42.9369, -78.7033), (42.93794, -78.69693), (42.96526, -78.69675), (42.96541, -78.70122), (42.96708, -78.70168)]
(42, 20)[(42.91536, -78.86511), (42.91533, -78.86232), (42.90156, -78.86261), (42.89246, -78.86557), (42.89332, -78.86341)]
(42, 21)[(42.91536, -78.86511), (42.91535, -78.86445), (42.92221, -78.85727), (42.92193, -78.84281), (42.92343, -78.84257), (42.92602, -78.8394), (42.92815, -78.83599), (42.92926, -78.83298), (42.92974, -78.83005), (42.92981, -78.82149), (42.93306, -78.81082), (42.93268, -78.78413), (42.93918, -78.7841), (42.93951, -78.77363), (42.9386, -78.7736)]
(42, 22)[(42.91536, -78.86511), (42.92065, -78.86384), (42.92081, -78.86758), (42.92768, -78.86773), (42.929, -78.86573), (42.93232, -78.86493), (42.93691, -78.86722), (43.00135, -78.87525), (43.01241, -78.87214), (43.01591, -78.87358), (43.01647, -78.87105), (43.01798, -78.87006), (43.01625, -78.86661)]
(42, 23)[(42.91536, -78.86511), (42.91535, -78.86445), (42.92221, -78.85727), (42.92193, -78.84281), (42.92343, -78.84257), (42.92602, -78.8394), (42.92815, -78.83599), (42.92926, -78.83298), (42.92974, -78.83005), (42.92981, -78.82149), (42.93271, -78.81274), (42.93304, -78.81111), (42.93306, -78.80211), (42.93279, -78.799), (42.93806, -78.79903), (42.94048, -78.8016), (42.94117, -78.80056), (42.94258, -78.79958), (42.94464, -78.79463), (42.94488, -78.79368), (42.94492, -78.79009)]
(42, 24)[(42.91536, -78.86511), (42.91533, -78.86232), (42.90156, -78.86261), (42.89003, -78.86637), (42.89014, -78.86547), (42.88487, -78.86347), (42.88493, -78.85914), (42.88429, -78.8593)]
(42, 25)[(42.91536, -78.86511), (42.91535, -78.86445), (42.91948, -78.86011), (42.91934, -78.85331)]
(42, 26)[(42.91536, -78.86511), (42.91535, -78.86445), (42.92221, -78.85727), (42.92193, -78.84281), (42.92374, -78.84225), (42.92721, -78.83772), (42.92874, -78.83462), (42.92974, -78.83005), (42.92981, -78.82149), (42.93296, -78.81167), (42.93309, -78.79827), (42.93257, -78.7923), (42.93293, -78.77477), (42.93237, -78.76478), (42.93022, -78.76045), (42.92993, -78.75412), (42.89074, -78.75449)]
(42, 27)[(42.91536, -78.86511), (42.95398, -78.82275), (42.95816, -78.82382), (43.03217, -78.82223), (43.03606, -78.82314), (43.036, -78.82855), (43.03945, -78.82886), (43.03948, -78.83068)]
(42, 28)[(42.91536, -78.86511), (42.92065, -78.86384), (42.92081, -78.86758), (42.92768, -78.86773), (42.929, -78.86573), (42.93232, -78.86493), (42.93691, -78.86722), (42.99453, -78.87434), (42.99583, -78.86236), (42.99837, -78.85202), (43.01166, -78.86295), (43.02096, -78.86097), (43.03059, -78.86082), (43.03546, -78.86209), (43.03529, -78.85707)]
(42, 29)[(42.91536, -78.86511), (42.95398, -78.82275), (42.95816, -78.82382), (43.00749, -78.82233), (43.00749, -78.8264), (43.00887, -78.82735), (43.00805, -78.83374)]
(42, 30)[(42.91536, -78.86511), (42.91535, -78.86445), (42.95737, -78.81898), (42.95976, -78.81316), (42.96008, -78.81391), (42.97725, -78.81373), (42.977, -78.81155), (42.97613, -78.81017), (42.97682, -78.80962), (42.97611, -78.80795), (42.97628, -78.80634)]
(42, 31)[(42.91536, -78.86511), (42.95737, -78.81898), (42.95976, -78.81316), (42.96304, -78.81387), (42.98746, -78.79152), (42.99554, -78.78628), (42.99823, -78.78008), (43.001, -78.78005), (43.00153, -78.78166)]
(42, 32)[(42.91536, -78.86511), (42.91527, -78.85511), (42.91475, -78.85321), (42.91461, -78.83913), (42.90722, -78.83906), (42.90722, -78.83763)]
(42, 33)[(42.91536, -78.86511), (42.91539, -78.86918), (42.88708, -78.87795), (42.88523, -78.88019), (42.87574, -78.87806), (42.86946, -78.87875), (42.85227, -78.86365), (42.82774, -78.85092), (42.82574, -78.82704), (42.8283, -78.80936), (42.8199, -78.81014), (42.82056, -78.80604)]
(42, 34)[(42.91536, -78.86511), (42.91533, -78.86232), (42.90156, -78.86261), (42.8913, -78.86596), (42.89003, -78.86915), (42.87722, -78.87298), (42.8676, -78.82878), (42.86641, -78.82717), (42.86513, -78.82744), (42.86404, -78.82139), (42.8587, -78.81363), (42.84638, -78.79923), (42.83685, -78.77536), (42.83131, -78.77459), (42.83126, -78.77138)]
(42, 35)[(42.91536, -78.86511), (42.91533, -78.86232), (42.90156, -78.86261), (42.8913, -78.86596), (42.89003, -78.86915), (42.88018, -78.87271), (42.87716, -78.87289), (42.87542, -78.86296), (42.87347, -78.8586), (42.86787, -78.82863), (42.86888, -78.82117), (42.87559, -78.81054), (42.87621, -78.80663), (42.87619, -78.80131), (42.87545, -78.7999), (42.87476, -78.8009), (42.86863, -78.80109), (42.8686, -78.79812), (42.86787, -78.79812)]
(42, 36)[(42.91536, -78.86511), (42.91495, -78.85399), (42.88029, -78.85391), (42.87819, -78.85462), (42.8764, -78.84959), (42.87632, -78.8504), (42.86936, -78.8526), (42.86022, -78.83866), (42.85946, -78.83642), (42.85642, -78.84059), (42.85788, -78.84307), (42.85889, -78.84359)]
(42, 37)[(42.91536, -78.86511), (42.91533, -78.86232), (42.90156, -78.86261), (42.8913, -78.86596), (42.89003, -78.86915), (42.87716, -78.87289), (42.8676, -78.82878), (42.86641, -78.82717), (42.86513, -78.82744), (42.86404, -78.82139), (42.8587, -78.81363), (42.84638, -78.79923), (42.83988, -78.78304), (42.83922, -78.72065), (42.83225, -78.70837), (42.82991, -78.7036), (42.83053, -78.70298)]
(42, 38)[(42.91536, -78.86511), (42.91539, -78.86918), (42.88708, -78.87795), (42.88523, -78.88019), (42.87574, -78.87806), (42.8705, -78.87911), (42.86392, -78.8746), (42.85227, -78.86365), (42.82774, -78.85092), (42.82574, -78.82704), (42.82601, -78.82142), (42.82833, -78.81322), (42.82818, -78.80439), (42.80438, -78.79726), (42.80414, -78.78301), (42.80071, -78.78282), (42.80072, -78.7838)]
(42, 39)[(42.91536, -78.86511), (42.91533, -78.86232), (42.90156, -78.86261), (42.8913, -78.86596), (42.89003, -78.86915), (42.88018, -78.87271), (42.87716, -78.87289), (42.87542, -78.86296), (42.87347, -78.8586), (42.86787, -78.82863), (42.86888, -78.82117), (42.87559, -78.81054), (42.87621, -78.80663), (42.87619, -78.80131), (42.87545, -78.7999), (42.87476, -78.8009), (42.87175, -78.80102), (42.87141, -78.7853), (42.87079, -78.7824), (42.86818, -78.77611), (42.86228, -78.76778), (42.8611, -78.76896), (42.86065, -78.76829), (42.85825, -78.77094), (42.85989, -78.77443), (42.86303, -78.77575)]
(42, 40)[(42.91536, -78.86511), (42.91539, -78.86918), (42.88708, -78.87795), (42.88523, -78.88019), (42.87574, -78.87806), (42.8705, -78.87911), (42.86392, -78.8746), (42.85227, -78.86365), (42.82774, -78.85092), (42.82574, -78.82704), (42.82601, -78.82142), (42.82833, -78.81322), (42.82818, -78.80439), (42.82185, -78.80146)]
(43, 0)[(42.92247, -78.75388), (42.93037, -78.75414), (42.93028, -78.75959), (42.93245, -78.76452), (42.93306, -78.77511), (42.93273, -78.79279), (42.9332, -78.79844), (42.93317, -78.81129), (42.93007, -78.82096), (42.92939, -78.83308), (42.92745, -78.8376), (42.92355, -78.84357), (42.92995, -78.85427), (42.93248, -78.85686), (42.93333, -78.85875), (42.93466, -78.87113), (42.93397, -78.87483), (42.93438, -78.87823), (42.93706, -78.88232), (42.93746, -78.88938), (42.93824, -78.88989), (42.93605, -78.89616), (42.9361, -78.89867), (42.93864, -78.89812), (42.94969, -78.90381), (42.95379, -78.89998), (42.95341, -78.89921)]
(43, 1)[(42.92247, -78.75388), (42.93037, -78.75414), (42.93027, -78.75939), (42.93073, -78.76127), (42.93212, -78.76323), (42.93355, -78.76367), (42.93587, -78.76601), (42.94488, -78.76612), (42.9461, -78.76549), (42.94765, -78.76333), (42.9489, -78.76281), (42.95134, -78.76353), (42.95396, -78.76595), (42.96363, -78.76709), (42.96664, -78.76835), (42.96935, -78.77099), (42.97824, -78.7826), (42.98188, -78.78902)]
(43, 2)[(42.92247, -78.75388), (42.93037, -78.75414), (42.93028, -78.75959), (42.93245, -78.76452), (42.93306, -78.77511), (42.93273, -78.79279), (42.9332, -78.79844), (42.93317, -78.81129), (42.93007, -78.82096), (42.92939, -78.83308), (42.92745, -78.8376), (42.92386, -78.84251), (42.92358, -78.84371), (42.92995, -78.85427), (42.93297, -78.85763), (42.93429, -78.86656), (42.93534, -78.86626), (42.93691, -78.86722), (42.95764, -78.86951), (42.95761, -78.87456)]
(43, 3)[(42.92247, -78.75388), (42.92246, -78.75415), (42.94186, -78.75425), (42.94849, -78.75438), (42.95021, -78.75479), (42.95914, -78.75484), (42.96105, -78.75549), (42.96019, -78.76095), (42.96081, -78.76075), (42.96186, -78.76111), (42.96196, -78.76462), (42.96084, -78.76444)]
(43, 4)[(42.92247, -78.75388), (42.92246, -78.75415), (42.93037, -78.75414), (42.93025, -78.75737), (42.93035, -78.76007), (42.93073, -78.76127), (42.93212, -78.76351), (42.93252, -78.76498), (42.93259, -78.76935), (42.93306, -78.77511), (42.93306, -78.77888), (42.93331, -78.78413), (42.94149, -78.78409), (42.94147, -78.78858)]
(43, 5)[(42.92247, -78.75388), (42.93037, -78.75414), (42.93073, -78.76127), (42.93587, -78.76601), (42.94488, -78.76612), (42.9489, -78.76281), (42.95396, -78.76595), (42.96664, -78.76835), (42.97824, -78.7826), (42.98251, -78.79003), (42.98559, -78.79267), (42.98867, -78.79054), (42.98972, -78.79246), (42.99587, -78.79071), (42.99696, -78.79505), (42.99993, -78.79662), (43.00417, -78.7959), (43.00537, -78.79083), (43.00553, -78.79176)]
(43, 6)[(42.92247, -78.75388), (42.93037, -78.75414), (42.93027, -78.75939), (42.93073, -78.76127), (42.93212, -78.76323), (42.93355, -78.76367), (42.93587, -78.76601), (42.94488, -78.76612), (42.9461, -78.76549), (42.94765, -78.76333), (42.9489, -78.76281), (42.95134, -78.76353), (42.95396, -78.76595), (42.96433, -78.76727), (42.96832, -78.76976), (42.97858, -78.78229), (42.97951, -78.79889), (42.97178, -78.80609), (42.97204, -78.81048), (42.9728, -78.81048)]
(43, 7)[(42.92247, -78.75388), (42.92246, -78.75415), (42.92707, -78.75414), (42.92495, -78.76541), (42.92456, -78.76937), (42.92452, -78.77483), (42.91848, -78.79915), (42.90819, -78.82482), (42.90824, -78.83014), (42.90719, -78.83014), (42.90721, -78.83571), (42.90647, -78.83572), (42.90648, -78.83702)]
(43, 8)[(42.92247, -78.75388), (42.95904, -78.75482), (42.96511, -78.75615), (42.96821, -78.7593), (42.97286, -78.76184), (42.9778, -78.76758), (42.98031, -78.76911), (42.98204, -78.76529), (42.98539, -78.76365), (42.98958, -78.7602), (42.99111, -78.75978), (42.99106, -78.75), (42.99212, -78.74996)]
(43, 9)[(42.92247, -78.75388), (42.93037, -78.75414), (42.93073, -78.76127), (42.93587, -78.76601), (42.94488, -78.76612), (42.9489, -78.76281), (42.95396, -78.76595), (42.96363, -78.76709), (42.96752, -78.76899), (42.97824, -78.7826), (42.98468, -78.79375), (42.99223, -78.80102), (43.00102, -78.81241), (43.00535, -78.82024), (43.00545, -78.82236), (43.03437, -78.82273), (43.0344, -78.81707)]
(43, 10)[(42.92247, -78.75388), (42.92246, -78.75415), (42.93037, -78.75414), (42.93035, -78.76007), (42.93073, -78.76127), (42.93212, -78.76351), (42.93256, -78.76532), (42.93259, -78.76935), (42.93306, -78.77511), (42.93308, -78.78719), (42.93274, -78.79331), (42.9335, -78.799), (42.93806, -78.79903), (42.94232, -78.80336), (42.94889, -78.80343), (42.94921, -78.82167), (42.95145, -78.82559), (42.95398, -78.82275), (42.95816, -78.82382), (42.96, -78.82376)]
(43, 11)[(42.92247, -78.75388), (42.93037, -78.75414), (42.93073, -78.76127), (42.93587, -78.76601), (42.94488, -78.76612), (42.9489, -78.76281), (42.95396, -78.76595), (42.96664, -78.76835), (42.97824, -78.7826), (42.98251, -78.79003), (42.98595, -78.79273), (42.99602, -78.78576), (42.99706, -78.77723), (42.99823, -78.77491), (43.00344, -78.77215), (43.00914, -78.77313), (43.0168, -78.76737), (43.02425, -78.75919), (43.02426, -78.75324), (43.02369, -78.75137), (43.02222, -78.75136), (43.02224, -78.74956)]
(43, 12)[(42.92247, -78.75388), (42.92246, -78.75415), (42.93037, -78.75414), (42.93027, -78.75939), (42.93063, -78.76104), (42.93212, -78.76323), (42.93355, -78.76367), (42.9355, -78.76586), (42.93655, -78.7662), (42.94089, -78.76624), (42.94522, -78.7652), (42.94519, -78.76679), (42.93679, -78.76644), (42.93551, -78.76711), (42.93453, -78.76853)]
(43, 13)[(42.92247, -78.75388), (42.93037, -78.75414), (42.93035, -78.76007), (42.93256, -78.76532), (42.93306, -78.77511), (42.93274, -78.79331), (42.9335, -78.799), (42.93806, -78.79903), (42.94232, -78.80336), (42.94889, -78.80343), (42.94921, -78.82167), (42.95145, -78.82559), (42.95281, -78.82947), (42.95486, -78.82779), (42.95568, -78.82963), (42.95818, -78.83188), (42.96291, -78.84104), (42.97085, -78.85095), (42.97084, -78.85159)]
(43, 14)[(42.92247, -78.75388), (42.92246, -78.75415), (42.93037, -78.75414), (42.93035, -78.76007), (42.93073, -78.76127), (42.93212, -78.76323), (42.93355, -78.76367), (42.93506, -78.76554), (42.93655, -78.7662), (42.94089, -78.76624), (42.94522, -78.7652), (42.94503, -78.77203), (42.94841, -78.77238)]
(43, 15)[(42.92247, -78.75388), (42.92246, -78.75415), (42.93037, -78.75414), (42.93035, -78.76007), (42.93073, -78.76127), (42.93212, -78.76351), (42.93252, -78.76498), (42.93259, -78.76935), (42.93306, -78.77511), (42.93308, -78.78719), (42.93273, -78.79279), (42.9332, -78.79844), (42.93321, -78.81081), (42.93264, -78.81343), (42.93016, -78.82049), (42.92986, -78.82297), (42.93019, -78.82674), (42.93266, -78.82674), (42.93272, -78.82827), (42.94032, -78.82813), (42.94385, -78.83404), (42.94407, -78.83379), (42.94493, -78.83522), (42.94497, -78.839), (42.95013, -78.83889), (42.94981, -78.84123)]
(43, 16)[(42.92247, -78.75388), (42.92707, -78.75414), (42.93502, -78.71406), (42.93697, -78.71039), (42.93794, -78.69693), (43.00002, -78.69691), (42.9999, -78.71078), (43.00489, -78.71079), (43.00447, -78.71444)]
(43, 17)[(42.92247, -78.75388), (42.92707, -78.75414), (42.93502, -78.71406), (42.93697, -78.71039), (42.9369, -78.7033), (42.93794, -78.69693), (42.96526, -78.69675), (42.96537, -78.6998), (42.96593, -78.69982), (42.96591, -78.70063)]
(43, 18)[(42.92247, -78.75388), (42.93037, -78.75414), (42.93073, -78.76127), (42.93587, -78.76601), (42.94488, -78.76612), (42.9489, -78.76281), (42.95396, -78.76595), (42.96664, -78.76835), (42.97824, -78.7826), (42.98573, -78.7951), (42.99692, -78.80533), (43.00157, -78.80289), (43.01263, -78.80212), (43.01987, -78.79667), (43.02328, -78.79086), (43.02496, -78.78524), (43.02635, -78.76424), (43.02887, -78.76139), (43.0348, -78.75907), (43.03474, -78.77375), (43.03251, -78.77359), (43.03249, -78.77621)]
(43, 19)[(42.92247, -78.75388), (42.92707, -78.75414), (42.93502, -78.71406), (42.93697, -78.71039), (42.9369, -78.7033), (42.93794, -78.69693), (42.96526, -78.69675), (42.96541, -78.70122), (42.96708, -78.70168)]
(43, 20)[(42.92247, -78.75388), (42.93037, -78.75414), (42.93035, -78.76007), (42.93256, -78.76532), (42.93306, -78.77511), (42.93273, -78.79279), (42.9332, -78.79844), (42.93321, -78.81081), (42.93007, -78.82096), (42.92939, -78.83308), (42.92709, -78.83817), (42.92278, -78.84327), (42.90898, -78.84349), (42.90158, -78.84732), (42.89973, -78.84938), (42.89709, -78.85487), (42.89402, -78.86254), (42.8942, -78.86502), (42.89246, -78.86557), (42.89332, -78.86341)]
(43, 21)[(42.92247, -78.75388), (42.92246, -78.75415), (42.93037, -78.75414), (42.93025, -78.75737), (42.93035, -78.76007), (42.93073, -78.76127), (42.93212, -78.76351), (42.93252, -78.76498), (42.93259, -78.76935), (42.93306, -78.77511), (42.93306, -78.77888), (42.93331, -78.78413), (42.93918, -78.7841), (42.93918, -78.78092), (42.93941, -78.78023), (42.93951, -78.77363), (42.93893, -78.7734), (42.9386, -78.7736)]
(43, 22)[(42.92247, -78.75388), (42.93037, -78.75414), (42.93073, -78.76127), (42.93568, -78.76595), (42.94488, -78.76612), (42.9489, -78.76281), (42.95396, -78.76595), (42.96529, -78.76757), (42.96935, -78.77099), (42.97898, -78.78369), (42.98437, -78.79335), (42.99259, -78.80143), (43.00264, -78.81519), (43.00428, -78.82445), (43.00141, -78.83605), (43.00064, -78.85326), (43.01032, -78.86255), (43.015, -78.86223), (43.01625, -78.86661)]
(43, 23)[(42.92247, -78.75388), (42.92246, -78.75415), (42.93037, -78.75414), (42.93035, -78.76007), (42.93073, -78.76127), (42.93212, -78.76351), (42.93252, -78.76498), (42.93331, -78.78413), (42.94447, -78.78413), (42.945, -78.78389), (42.94492, -78.79009)]
(43, 24)[(42.92247, -78.75388), (42.93037, -78.75414), (42.93035, -78.76007), (42.93256, -78.76532), (42.93306, -78.77511), (42.93273, -78.79279), (42.9332, -78.79844), (42.93321, -78.81081), (42.93007, -78.82096), (42.92979, -78.83077), (42.92884, -78.83476), (42.92681, -78.83859), (42.92278, -78.84327), (42.90898, -78.84349), (42.90158, -78.84732), (42.89973, -78.84938), (42.89709, -78.85487), (42.89402, -78.86254), (42.8942, -78.86502), (42.89003, -78.86637), (42.89014, -78.86547), (42.88487, -78.86347), (42.88493, -78.85914), (42.88429, -78.8593)]
(43, 25)[(42.92247, -78.75388), (42.93037, -78.75414), (42.93035, -78.76007), (42.93245, -78.76452), (42.93306, -78.77511), (42.93273, -78.79279), (42.9332, -78.79844), (42.93321, -78.81081), (42.93016, -78.82049), (42.92979, -78.83077), (42.92811, -78.83637), (42.92304, -78.84314), (42.91615, -78.84369), (42.9162, -78.84805), (42.91924, -78.84803), (42.91934, -78.85331)]
(43, 26)[(42.92247, -78.75388), (42.92246, -78.75415), (42.89074, -78.75449)]
(43, 27)[(42.92247, -78.75388), (42.93037, -78.75414), (42.93073, -78.76127), (42.93587, -78.76601), (42.94488, -78.76612), (42.9489, -78.76281), (42.95396, -78.76595), (42.96664, -78.76835), (42.97824, -78.7826), (42.98573, -78.7951), (42.99223, -78.80102), (43.00102, -78.81241), (43.00535, -78.82024), (43.00545, -78.82236), (43.03592, -78.8231), (43.036, -78.82855), (43.03945, -78.82886), (43.03948, -78.83068)]
(43, 28)[(42.92247, -78.75388), (42.93037, -78.75414), (42.93073, -78.76127), (42.93568, -78.76595), (42.94488, -78.76612), (42.9489, -78.76281), (42.95396, -78.76595), (42.96529, -78.76757), (42.96935, -78.77099), (42.97898, -78.78369), (42.98437, -78.79335), (42.99259, -78.80143), (43.00264, -78.81519), (43.00428, -78.82445), (43.00141, -78.83605), (43.00064, -78.85326), (43.00992, -78.8622), (43.01186, -78.86296), (43.02718, -78.86077), (43.03546, -78.86209), (43.03529, -78.85707)]
(43, 29)[(42.92247, -78.75388), (42.93037, -78.75414), (42.93073, -78.76127), (42.93587, -78.76601), (42.94488, -78.76612), (42.9489, -78.76281), (42.95396, -78.76595), (42.96363, -78.76709), (42.96752, -78.76899), (42.97824, -78.7826), (42.98468, -78.79375), (42.99223, -78.80102), (43.00102, -78.81241), (43.00535, -78.82024), (43.00545, -78.82236), (43.00749, -78.82233), (43.00749, -78.8264), (43.00887, -78.82735), (43.00805, -78.83374)]
(43, 30)[(42.92247, -78.75388), (42.93037, -78.75414), (42.93027, -78.75939), (42.93073, -78.76127), (42.93212, -78.76323), (42.93355, -78.76367), (42.93587, -78.76601), (42.94488, -78.76612), (42.9461, -78.76549), (42.94765, -78.76333), (42.9489, -78.76281), (42.95134, -78.76353), (42.95396, -78.76595), (42.96433, -78.76727), (42.96832, -78.76976), (42.97592, -78.77955), (42.97849, -78.7817), (42.97951, -78.79889), (42.97601, -78.80212), (42.9764, -78.8029), (42.97594, -78.80342), (42.97628, -78.80634)]
(43, 31)[(42.92247, -78.75388), (42.93037, -78.75414), (42.93027, -78.75939), (42.93073, -78.76127), (42.93212, -78.76323), (42.93355, -78.76367), (42.93587, -78.76601), (42.94488, -78.76612), (42.9461, -78.76549), (42.94765, -78.76333), (42.9489, -78.76281), (42.95134, -78.76353), (42.95396, -78.76595), (42.96363, -78.76709), (42.96664, -78.76835), (42.96935, -78.77099), (42.97824, -78.7826), (42.98251, -78.79003), (42.98464, -78.79113), (42.98574, -78.79273), (42.9919, -78.78794), (42.99579, -78.78604), (42.99668, -78.78448), (42.99715, -78.78137), (42.99809, -78.7813), (42.99823, -78.78008), (43.001, -78.78005), (43.00153, -78.78166)]
(43, 32)[(42.92247, -78.75388), (42.92246, -78.75415), (42.92707, -78.75414), (42.92495, -78.76541), (42.92456, -78.76937), (42.92452, -78.77483), (42.91848, -78.79915), (42.90819, -78.82482), (42.90824, -78.83014), (42.90719, -78.83014), (42.90722, -78.83763)]
(43, 33)[(42.92247, -78.75388), (42.90721, -78.75439), (42.90903, -78.76231), (42.90928, -78.76903), (42.91089, -78.76933), (42.91145, -78.76772), (42.91007, -78.76676), (42.88641, -78.76777), (42.8827, -78.76902), (42.87941, -78.7733), (42.87612, -78.78625), (42.87325, -78.78953), (42.8657, -78.79191), (42.85798, -78.79212), (42.85146, -78.79027), (42.84427, -78.79285), (42.82844, -78.79302), (42.82818, -78.80439), (42.82186, -78.80223), (42.82056, -78.80604)]
(43, 34)[(42.92247, -78.75388), (42.90721, -78.75439), (42.90903, -78.76231), (42.90928, -78.76903), (42.91089, -78.76933), (42.91145, -78.76772), (42.91007, -78.76676), (42.88641, -78.76777), (42.8827, -78.76902), (42.87941, -78.7733), (42.87548, -78.78743), (42.87325, -78.78953), (42.86639, -78.79179), (42.85798, -78.79212), (42.85383, -78.79099), (42.85067, -78.7927), (42.84859, -78.78298), (42.84625, -78.78232), (42.84122, -78.78565), (42.83685, -78.77536), (42.83131, -78.77459), (42.83126, -78.77138)]
(43, 35)[(42.92247, -78.75388), (42.90273, -78.75437), (42.90278, -78.75506), (42.90378, -78.75515), (42.90381, -78.75584), (42.90049, -78.78464), (42.8987, -78.78474), (42.89836, -78.78416), (42.87505, -78.78484), (42.87145, -78.78732), (42.87159, -78.79326), (42.86858, -78.79343), (42.8686, -78.79812), (42.86787, -78.79812)]
(43, 36)[(42.92247, -78.75388), (42.90721, -78.75439), (42.90746, -78.7571), (42.90903, -78.76231), (42.90928, -78.76903), (42.91089, -78.76933), (42.91145, -78.76772), (42.91007, -78.76676), (42.88641, -78.76777), (42.88316, -78.76872), (42.88034, -78.77161), (42.87878, -78.77523), (42.87647, -78.7859), (42.8764, -78.80529), (42.87571, -78.81063), (42.87201, -78.81711), (42.87206, -78.81998), (42.8645, -78.82541), (42.85984, -78.82552), (42.85898, -78.8284), (42.85722, -78.82949), (42.85946, -78.83642), (42.85641, -78.84082), (42.85788, -78.84307), (42.85889, -78.84359)]
(43, 37)[(42.92247, -78.75388), (42.83949, -78.75407), (42.83906, -78.71971), (42.83225, -78.70837), (42.82991, -78.7036), (42.83053, -78.70298)]
(43, 38)[(42.92247, -78.75388), (42.8852, -78.7546), (42.87805, -78.75319), (42.85454, -78.75466), (42.81129, -78.75185), (42.81119, -78.76239), (42.81058, -78.76182), (42.80456, -78.76892), (42.80173, -78.77065), (42.80414, -78.78301), (42.80071, -78.78282), (42.80072, -78.7838)]
(43, 39)[(42.92247, -78.75388), (42.8852, -78.7546), (42.87805, -78.75319), (42.87031, -78.75414), (42.85517, -78.75465), (42.85661, -78.75975), (42.86228, -78.76778), (42.8611, -78.76896), (42.86065, -78.76829), (42.85825, -78.77094), (42.85859, -78.77192), (42.85989, -78.77443), (42.86303, -78.77575)]
(43, 40)[(42.92247, -78.75388), (42.90721, -78.75439), (42.90903, -78.76231), (42.90928, -78.76903), (42.91089, -78.76933), (42.91145, -78.76772), (42.91007, -78.76676), (42.88641, -78.76777), (42.8827, -78.76902), (42.87941, -78.7733), (42.87612, -78.78625), (42.87325, -78.78953), (42.8657, -78.79191), (42.85798, -78.79212), (42.85146, -78.79027), (42.84427, -78.79285), (42.82844, -78.79302), (42.82818, -78.80439), (42.82185, -78.80146)]
(44, 0)[(42.97483, -78.85841), (42.98099, -78.8586), (42.98098, -78.88539), (42.96093, -78.88887), (42.96158, -78.894), (42.95996, -78.89425), (42.95379, -78.89998), (42.95341, -78.89921)]
(44, 1)[(42.97483, -78.85841), (42.98079, -78.8586), (42.9807, -78.82283), (42.97849, -78.7817), (42.97888, -78.78181), (42.97942, -78.78264), (42.98038, -78.78605), (42.98188, -78.78902)]
(44, 2)[(42.97483, -78.85841), (42.97439, -78.85839), (42.97443, -78.8659), (42.97206, -78.86606), (42.9696, -78.86722), (42.96525, -78.86866), (42.96299, -78.86976), (42.96282, -78.87004), (42.95764, -78.86951), (42.95761, -78.87456)]
(44, 3)[(42.97483, -78.85841), (42.98079, -78.8586), (42.98071, -78.82304), (42.97937, -78.79902), (42.98244, -78.79622), (42.98305, -78.79473), (42.98209, -78.78995), (42.97887, -78.78401), (42.96872, -78.77053), (42.9648, -78.76768), (42.95911, -78.76666), (42.95739, -78.76707), (42.95688, -78.76653), (42.95705, -78.76551), (42.95945, -78.76406), (42.96019, -78.76095), (42.96159, -78.76087), (42.96198, -78.76148), (42.96196, -78.76462), (42.96084, -78.76444)]
(44, 4)[(42.97483, -78.85841), (42.97439, -78.85839), (42.97438, -78.85602), (42.97256, -78.85311), (42.96872, -78.84868), (42.96291, -78.84104), (42.9614, -78.83862), (42.95831, -78.83214), (42.95805, -78.81935), (42.95766, -78.81852), (42.96451, -78.80069), (42.96342, -78.78399), (42.94537, -78.78408), (42.94493, -78.78436), (42.94149, -78.78409), (42.94147, -78.78858)]
(44, 5)[(42.97483, -78.85841), (42.98079, -78.8586), (42.9807, -78.82283), (42.9909, -78.82245), (42.99073, -78.8042), (42.99514, -78.80162), (42.99784, -78.79903), (43.0, -78.79862), (42.99993, -78.79662), (43.0033, -78.79637), (43.00417, -78.7959), (43.00494, -78.79442), (43.00537, -78.79083), (43.00553, -78.79176)]
(44, 6)[(42.97483, -78.85841), (42.98079, -78.8586), (42.98072, -78.82526), (42.97962, -78.82275), (42.97725, -78.81373), (42.97231, -78.81377), (42.97204, -78.81048), (42.9728, -78.81048)]
(44, 7)[(42.97483, -78.85841), (42.97439, -78.85839), (42.97438, -78.85602), (42.97256, -78.85311), (42.96477, -78.84357), (42.95249, -78.84395), (42.95241, -78.83884), (42.90649, -78.83906), (42.90648, -78.83702)]
(44, 8)[(42.97483, -78.85841), (42.98079, -78.8586), (42.98071, -78.82304), (42.97937, -78.79902), (42.99127, -78.78778), (42.99149, -78.77062), (42.99106, -78.75), (42.99212, -78.74996)]
(44, 9)[(42.97483, -78.85841), (42.98555, -78.85858), (42.9866, -78.85722), (42.98663, -78.85381), (42.98713, -78.8528), (42.99977, -78.85194), (43.00089, -78.84866), (43.00096, -78.83887), (43.00145, -78.83449), (43.00402, -78.82529), (43.004, -78.82142), (43.00304, -78.82057), (43.00269, -78.82171), (43.00346, -78.8223), (43.03169, -78.82221), (43.03437, -78.82273), (43.0344, -78.81707)]
(44, 10)[(42.97483, -78.85841), (42.97439, -78.85839), (42.97438, -78.85602), (42.97256, -78.85311), (42.97116, -78.85128), (42.96872, -78.84868), (42.96291, -78.84104), (42.9614, -78.83862), (42.96018, -78.8358), (42.95831, -78.83214), (42.95816, -78.82382), (42.96, -78.82376)]
(44, 11)[(42.97483, -78.85841), (42.98079, -78.8586), (42.98071, -78.82304), (42.97937, -78.79902), (42.99112, -78.78856), (42.99602, -78.78576), (42.99686, -78.78372), (42.99706, -78.77723), (42.99823, -78.77491), (43.00344, -78.77215), (43.00742, -78.77365), (43.00914, -78.77313), (43.0168, -78.76737), (43.02425, -78.75919), (43.02426, -78.75324), (43.02369, -78.75137), (43.02222, -78.75136), (43.02224, -78.74956)]
(44, 12)[(42.97483, -78.85841), (42.98079, -78.8586), (42.98071, -78.82304), (42.97937, -78.79902), (42.98302, -78.79541), (42.98209, -78.78995), (42.97815, -78.7829), (42.96928, -78.77125), (42.9673, -78.76914), (42.9648, -78.76768), (42.95816, -78.76651), (42.94772, -78.76587), (42.94422, -78.7665), (42.93651, -78.76649), (42.93453, -78.76853)]
(44, 13)[(42.97483, -78.85841), (42.97439, -78.85839), (42.97438, -78.85602), (42.97425, -78.8558), (42.97256, -78.85311), (42.97205, -78.85238), (42.97116, -78.85128), (42.97109, -78.8512), (42.97102, -78.85133), (42.97101, -78.85169), (42.97093, -78.85169), (42.97084, -78.85159)]
(44, 14)[(42.97483, -78.85841), (42.97439, -78.85839), (42.97438, -78.85602), (42.97256, -78.85311), (42.96872, -78.84868), (42.96291, -78.84104), (42.9614, -78.83862), (42.95831, -78.83214), (42.95805, -78.81935), (42.95766, -78.81852), (42.96451, -78.80069), (42.96342, -78.78399), (42.95018, -78.78399), (42.94966, -78.78424), (42.94964, -78.77239), (42.94841, -78.77238)]
(44, 15)[(42.97483, -78.85841), (42.97439, -78.85839), (42.97438, -78.85602), (42.97256, -78.85311), (42.96477, -78.84357), (42.96438, -78.84384), (42.96119, -78.84394), (42.95029, -78.84401), (42.95023, -78.84233), (42.94972, -78.84155), (42.94981, -78.84123)]
(44, 16)[(42.97483, -78.85841), (42.98079, -78.8586), (42.98071, -78.82304), (42.97937, -78.79902), (42.99127, -78.78778), (42.99108, -78.72), (42.99655, -78.71757), (43.00005, -78.71738), (42.9999, -78.71078), (43.00489, -78.71079), (43.00489, -78.71216), (43.00436, -78.71216), (43.00447, -78.71444)]
(44, 17)[(42.97483, -78.85841), (42.98079, -78.8586), (42.9807, -78.82283), (42.97843, -78.78222), (42.97811, -78.76787), (42.97286, -78.76184), (42.96821, -78.7593), (42.96561, -78.75638), (42.96105, -78.75549), (42.96632, -78.72323), (42.96537, -78.6998), (42.96593, -78.69982), (42.96591, -78.70063)]
(44, 18)[(42.97483, -78.85841), (42.98555, -78.85858), (42.9866, -78.85722), (42.98663, -78.85381), (42.98713, -78.8528), (42.99977, -78.85194), (43.00089, -78.84866), (43.00121, -78.83606), (43.00384, -78.82651), (43.00411, -78.82347), (43.00294, -78.81666), (43.00146, -78.81358), (42.9978, -78.80935), (42.99745, -78.80779), (42.99774, -78.80623), (42.99946, -78.80405), (43.00157, -78.80289), (43.00894, -78.8029), (43.01341, -78.80182), (43.01685, -78.79975), (43.01987, -78.79667), (43.02328, -78.79086), (43.02496, -78.78524), (43.02557, -78.78005), (43.02552, -78.76759), (43.02635, -78.76424), (43.02887, -78.76139), (43.0348, -78.75907), (43.03474, -78.77375), (43.03251, -78.77359), (43.03249, -78.77621)]
(44, 19)[(42.97483, -78.85841), (42.98079, -78.8586), (42.9807, -78.82283), (42.97843, -78.78222), (42.97811, -78.76787), (42.97286, -78.76184), (42.96821, -78.7593), (42.96561, -78.75638), (42.96105, -78.75549), (42.96632, -78.72323), (42.96541, -78.70122), (42.96708, -78.70168)]
(44, 20)[(42.97483, -78.85841), (42.94774, -78.859), (42.94123, -78.85564), (42.9404, -78.85075), (42.93296, -78.8519), (42.93015, -78.85484), (42.92285, -78.84419), (42.90935, -78.84346), (42.90004, -78.84893), (42.8941, -78.8623), (42.8942, -78.86502), (42.89246, -78.86557), (42.89332, -78.86341)]
(44, 21)[(42.97483, -78.85841), (42.97439, -78.85839), (42.97438, -78.85602), (42.97256, -78.85311), (42.96872, -78.84868), (42.96291, -78.84104), (42.9614, -78.83862), (42.95831, -78.83214), (42.95805, -78.81935), (42.95766, -78.81852), (42.96451, -78.80069), (42.96342, -78.78399), (42.94537, -78.78408), (42.94493, -78.78436), (42.93918, -78.7841), (42.93951, -78.77363), (42.9386, -78.7736)]
(44, 22)[(42.97483, -78.85841), (42.98555, -78.85858), (42.9866, -78.85722), (42.98663, -78.85381), (42.98713, -78.8528), (42.99542, -78.85266), (42.99837, -78.85202), (43.0017, -78.85399), (43.01032, -78.86255), (43.01186, -78.86296), (43.015, -78.86223), (43.01667, -78.86635), (43.01625, -78.86661)]
(44, 23)[(42.97483, -78.85841), (42.97439, -78.85839), (42.97425, -78.8558), (42.97205, -78.85238), (42.96879, -78.84877), (42.96291, -78.84104), (42.9614, -78.83862), (42.95818, -78.83188), (42.95568, -78.82963), (42.95486, -78.82779), (42.95281, -78.82947), (42.95158, -78.82679), (42.95145, -78.82559), (42.94921, -78.82167), (42.9489, -78.79819), (42.94752, -78.79797), (42.94425, -78.79557), (42.94488, -78.79368), (42.94492, -78.79009)]
(44, 24)[(42.97483, -78.85841), (42.94774, -78.859), (42.94123, -78.85564), (42.9404, -78.85075), (42.93296, -78.8519), (42.93015, -78.85484), (42.92285, -78.84419), (42.90935, -78.84346), (42.90004, -78.84893), (42.8941, -78.8623), (42.8942, -78.86502), (42.89003, -78.86637), (42.89014, -78.86547), (42.88487, -78.86347), (42.88493, -78.85914), (42.88429, -78.8593)]
(44, 25)[(42.97483, -78.85841), (42.94774, -78.859), (42.94123, -78.85564), (42.94105, -78.85223), (42.9404, -78.85075), (42.93937, -78.85066), (42.93296, -78.8519), (42.93015, -78.85484), (42.92787, -78.85128), (42.92531, -78.85398), (42.91936, -78.854), (42.91934, -78.85331)]
(44, 26)[(42.97483, -78.85841), (42.98079, -78.8586), (42.98071, -78.82304), (42.97937, -78.79902), (42.98308, -78.79497), (42.98209, -78.78995), (42.97887, -78.78401), (42.96872, -78.77053), (42.96353, -78.76733), (42.94772, -78.76587), (42.90858, -78.76682), (42.90757, -78.7679), (42.90803, -78.76935), (42.9091, -78.76884), (42.90895, -78.76316), (42.90705, -78.7544), (42.89074, -78.75449)]
(44, 27)[(42.97483, -78.85841), (42.98555, -78.85858), (42.9866, -78.85722), (42.98663, -78.85381), (42.98713, -78.8528), (42.99977, -78.85194), (43.00089, -78.84866), (43.00096, -78.83887), (43.00145, -78.83449), (43.00402, -78.82529), (43.004, -78.82142), (43.00311, -78.82053), (43.00269, -78.82171), (43.00346, -78.8223), (43.03186, -78.82221), (43.03606, -78.82314), (43.036, -78.82855), (43.03945, -78.82886), (43.03948, -78.83068)]
(44, 28)[(42.97483, -78.85841), (42.98555, -78.85858), (42.9866, -78.85722), (42.98663, -78.85381), (42.98713, -78.8528), (42.99542, -78.85266), (42.99837, -78.85202), (43.0017, -78.85399), (43.00992, -78.8622), (43.01166, -78.86295), (43.02096, -78.86097), (43.03059, -78.86082), (43.03546, -78.86209), (43.03576, -78.85708), (43.03529, -78.85707)]
(44, 29)[(42.97483, -78.85841), (42.98079, -78.8586), (42.98076, -78.83753), (42.9892, -78.83728), (42.98988, -78.83666), (43.00491, -78.83614), (43.00489, -78.83483), (43.00797, -78.83471), (43.00805, -78.83374)]
(44, 30)[(42.97483, -78.85841), (42.98079, -78.8586), (42.98072, -78.82526), (42.97962, -78.82275), (42.97746, -78.81499), (42.977, -78.81155), (42.97613, -78.81017), (42.97682, -78.80962), (42.97611, -78.80795), (42.97604, -78.80636), (42.97628, -78.80634)]
(44, 31)[(42.97483, -78.85841), (42.98079, -78.8586), (42.98071, -78.82304), (42.97937, -78.79902), (42.98728, -78.79167), (42.9919, -78.78794), (42.99499, -78.78666), (42.99579, -78.78604), (42.99668, -78.78448), (42.99715, -78.78137), (42.99809, -78.7813), (42.99823, -78.78008), (43.001, -78.78005), (43.00119, -78.78166), (43.00153, -78.78166)]
(44, 32)[(42.97483, -78.85841), (42.97439, -78.85839), (42.97438, -78.85602), (42.97256, -78.85311), (42.96477, -78.84357), (42.95249, -78.84395), (42.95241, -78.83884), (42.90722, -78.83906), (42.90722, -78.83763)]
(44, 33)[(42.97483, -78.85841), (42.98079, -78.8586), (42.97937, -78.79902), (42.98308, -78.79497), (42.97815, -78.7829), (42.9648, -78.76768), (42.94772, -78.76587), (42.88488, -78.76801), (42.87978, -78.77253), (42.8737, -78.78929), (42.8657, -78.79191), (42.85146, -78.79027), (42.84427, -78.79285), (42.82844, -78.79302), (42.82818, -78.80439), (42.82186, -78.80223), (42.82056, -78.80604)]
(44, 34)[(42.97483, -78.85841), (42.98079, -78.8586), (42.98071, -78.82304), (42.97937, -78.79902), (42.98308, -78.79497), (42.98209, -78.78995), (42.97887, -78.78401), (42.96641, -78.76853), (42.94772, -78.76587), (42.88558, -78.76785), (42.88225, -78.76937), (42.87978, -78.77253), (42.87627, -78.78589), (42.8737, -78.78929), (42.8657, -78.79191), (42.85362, -78.79102), (42.8512, -78.7928), (42.84994, -78.79169), (42.84859, -78.78298), (42.84625, -78.78232), (42.84122, -78.78565), (42.83685, -78.77536), (42.83131, -78.77459), (42.83126, -78.77138)]
(44, 35)[(42.97483, -78.85841), (42.98079, -78.8586), (42.98071, -78.82304), (42.97937, -78.79902), (42.98308, -78.79497), (42.98209, -78.78995), (42.97887, -78.78401), (42.96641, -78.76853), (42.94772, -78.76587), (42.8868, -78.76792), (42.88402, -78.7689), (42.88435, -78.7846), (42.87505, -78.78484), (42.87145, -78.78732), (42.87159, -78.79326), (42.86858, -78.79343), (42.8686, -78.79812), (42.86787, -78.79812)]
(44, 36)[(42.97483, -78.85841), (42.94774, -78.859), (42.94123, -78.85564), (42.94105, -78.85223), (42.93937, -78.85066), (42.93296, -78.8519), (42.93015, -78.85484), (42.92447, -78.84559), (42.92069, -78.84355), (42.90898, -78.84349), (42.90369, -78.84637), (42.90373, -78.84463), (42.87482, -78.8439), (42.86603, -78.84764), (42.85946, -78.83642), (42.85642, -78.84059), (42.85889, -78.84359)]
(44, 37)[(42.97483, -78.85841), (42.98079, -78.8586), (42.98071, -78.82304), (42.97937, -78.79902), (42.98308, -78.79497), (42.98209, -78.78995), (42.97887, -78.78401), (42.96872, -78.77053), (42.96353, -78.76733), (42.94772, -78.76587), (42.88558, -78.76785), (42.88225, -78.76937), (42.87978, -78.77253), (42.87627, -78.78589), (42.8737, -78.78929), (42.8657, -78.79191), (42.85383, -78.79099), (42.85067, -78.7927), (42.84906, -78.78363), (42.84361, -78.77001), (42.84318, -78.75065), (42.83884, -78.70972), (42.83614, -78.7019), (42.83358, -78.69985), (42.83295, -78.69719), (42.82743, -78.69693), (42.82889, -78.70197), (42.82991, -78.7036), (42.83053, -78.70298)]
(44, 38)[(42.97483, -78.85841), (42.98079, -78.8586), (42.97937, -78.79902), (42.98308, -78.79497), (42.97815, -78.7829), (42.9648, -78.76768), (42.94772, -78.76587), (42.88488, -78.76801), (42.87978, -78.77253), (42.8737, -78.78929), (42.8657, -78.79191), (42.85146, -78.79027), (42.84427, -78.79285), (42.82844, -78.79302), (42.82818, -78.80439), (42.80438, -78.79726), (42.80414, -78.78301), (42.80072, -78.7838)]
(44, 39)[(42.97483, -78.85841), (42.98079, -78.8586), (42.98071, -78.82304), (42.97937, -78.79902), (42.98308, -78.79497), (42.98209, -78.78995), (42.97887, -78.78401), (42.9673, -78.76914), (42.96353, -78.76733), (42.94772, -78.76587), (42.88767, -78.76773), (42.88402, -78.7689), (42.88435, -78.7846), (42.87505, -78.78484), (42.87145, -78.78732), (42.87079, -78.7824), (42.86818, -78.77611), (42.86228, -78.76778), (42.86065, -78.76829), (42.85825, -78.77094), (42.85989, -78.77443), (42.86303, -78.77575)]
(44, 40)[(42.97483, -78.85841), (42.98079, -78.8586), (42.97937, -78.79902), (42.98308, -78.79497), (42.97815, -78.7829), (42.9648, -78.76768), (42.94772, -78.76587), (42.88558, -78.76785), (42.87978, -78.77253), (42.87627, -78.78589), (42.87325, -78.78953), (42.8657, -78.79191), (42.85146, -78.79027), (42.84427, -78.79285), (42.82844, -78.79302), (42.82818, -78.80439), (42.82185, -78.80146)]
(45, 0)[(43.01874, -78.82288), (43.01874, -78.82223), (43.00472, -78.82273), (43.00426, -78.82601), (43.00141, -78.83605), (43.00094, -78.84986), (42.99993, -78.85333), (42.99686, -78.85942), (42.99602, -78.86271), (42.99558, -78.87578), (42.99596, -78.87711), (42.99669, -78.87706), (42.99702, -78.87516), (42.99632, -78.87463), (42.98097, -78.87238), (42.98098, -78.88539), (42.96093, -78.88887), (42.96158, -78.894), (42.95996, -78.89425), (42.95379, -78.89998), (42.95341, -78.89921)]
(45, 1)[(43.01874, -78.82288), (43.01874, -78.82223), (43.00331, -78.82247), (43.00288, -78.82291), (43.00308, -78.82426), (43.00402, -78.82361), (43.0039, -78.82056), (43.00304, -78.81694), (43.00137, -78.81337), (42.99179, -78.8009), (42.98483, -78.79439), (42.97815, -78.7829), (42.97738, -78.78206), (42.97668, -78.78221), (42.97645, -78.78387), (42.97852, -78.78381), (42.97849, -78.7817), (42.97888, -78.78181), (42.98188, -78.78902)]
(45, 2)[(43.01874, -78.82288), (43.01874, -78.82223), (43.00472, -78.82273), (43.00426, -78.82601), (43.00141, -78.83605), (43.00094, -78.84986), (42.99993, -78.85333), (42.99686, -78.85942), (42.99602, -78.86271), (42.99558, -78.87578), (42.99596, -78.87711), (42.99669, -78.87706), (42.99702, -78.87516), (42.99632, -78.87463), (42.95764, -78.86951), (42.95761, -78.87456)]
(45, 3)[(43.01874, -78.82288), (43.01874, -78.82223), (43.00331, -78.82247), (43.00288, -78.82291), (43.00308, -78.82426), (43.00402, -78.82361), (43.00371, -78.81938), (43.00268, -78.81598), (43.00097, -78.81277), (42.99179, -78.8009), (42.98448, -78.79394), (42.97815, -78.7829), (42.96815, -78.76992), (42.96425, -78.76751), (42.95911, -78.76666), (42.95739, -78.76707), (42.95688, -78.76653), (42.95705, -78.76551), (42.95945, -78.76406), (42.96019, -78.76095), (42.96159, -78.76087), (42.96198, -78.76148), (42.96196, -78.76462), (42.96084, -78.76444)]
(45, 4)[(43.01874, -78.82288), (43.01874, -78.82223), (43.00331, -78.82247), (43.00288, -78.82291), (43.00308, -78.82426), (43.00402, -78.82361), (43.0039, -78.82056), (43.00304, -78.81694), (43.00137, -78.81337), (42.99179, -78.8009), (42.98448, -78.79394), (42.97738, -78.78206), (42.97656, -78.78239), (42.97645, -78.78387), (42.94149, -78.78409), (42.94147, -78.78858)]
(45, 5)[(43.01874, -78.82288), (43.01874, -78.82223), (43.01243, -78.82228), (43.01242, -78.81706), (43.00996, -78.81681), (43.00696, -78.81543), (43.00641, -78.81494), (43.00484, -78.81271), (43.00458, -78.81148), (43.00461, -78.80476), (43.00429, -78.80265), (43.00429, -78.7988), (43.0, -78.7988), (42.99993, -78.79662), (43.00169, -78.79635), (43.0033, -78.79637), (43.00417, -78.7959), (43.00469, -78.79514), (43.00494, -78.79442), (43.00519, -78.79308), (43.00527, -78.79096), (43.00537, -78.79083), (43.00552, -78.79094), (43.00553, -78.79176)]
(45, 6)[(43.01874, -78.82288), (43.01874, -78.82223), (42.97974, -78.82308), (42.97725, -78.81373), (42.97231, -78.81377), (42.97204, -78.81048), (42.9728, -78.81048)]
(45, 7)[(43.01874, -78.82288), (42.95816, -78.82382), (42.95398, -78.82275), (42.93908, -78.83926), (42.90649, -78.83906), (42.90648, -78.83702)]
(45, 8)[(43.01874, -78.82288), (43.01874, -78.82223), (42.99091, -78.82268), (42.99072, -78.80196), (42.99117, -78.79528), (42.99149, -78.77062), (42.99113, -78.76604), (42.99106, -78.75), (42.99212, -78.74996)]
(45, 9)[(43.01874, -78.82288), (43.01874, -78.82223), (43.02362, -78.82216), (43.03204, -78.82222), (43.03437, -78.82273), (43.0344, -78.81707)]
(45, 10)[(43.01874, -78.82288), (43.01874, -78.82223), (43.00545, -78.82236), (42.96, -78.82376)]
(45, 11)[(43.01874, -78.82288), (43.01874, -78.82223), (43.02512, -78.82215), (43.02504, -78.82061), (43.0233, -78.81375), (43.02323, -78.81212), (43.02229, -78.80903), (43.02245, -78.80681), (43.02107, -78.8012), (43.02132, -78.80034), (43.02211, -78.79948), (43.02221, -78.79899), (43.02671, -78.79913), (43.02645, -78.79694), (43.02447, -78.7948), (43.02403, -78.79349), (43.02372, -78.78798), (43.02401, -78.78312), (43.02426, -78.75324), (43.02369, -78.75137), (43.02222, -78.75136), (43.02224, -78.74956)]
(45, 12)[(43.01874, -78.82288), (43.00331, -78.82247), (43.00308, -78.82426), (43.00402, -78.82361), (43.00371, -78.81938), (43.00127, -78.81321), (42.99179, -78.8009), (42.98483, -78.79439), (42.97815, -78.7829), (42.96641, -78.76853), (42.94772, -78.76587), (42.93651, -78.76649), (42.93453, -78.76853)]
(45, 13)[(43.01874, -78.82288), (43.01874, -78.82223), (43.00476, -78.82265), (43.00426, -78.82601), (43.00141, -78.83605), (43.00105, -78.85117), (43.00057, -78.85344), (42.99837, -78.85202), (42.98681, -78.85316), (42.97256, -78.85311), (42.97109, -78.8512), (42.97084, -78.85159)]
(45, 14)[(43.01874, -78.82288), (43.01874, -78.82223), (43.00331, -78.82247), (43.00288, -78.82291), (43.00308, -78.82426), (43.00402, -78.82361), (43.00371, -78.81938), (43.00127, -78.81321), (42.99179, -78.8009), (42.98483, -78.79439), (42.97815, -78.7829), (42.9673, -78.76914), (42.96425, -78.76751), (42.96165, -78.76896), (42.95906, -78.76806), (42.95691, -78.76986), (42.95565, -78.7722), (42.95482, -78.77147), (42.95323, -78.77384), (42.94964, -78.77353), (42.94964, -78.77239), (42.94841, -78.77238)]
(45, 15)[(43.01874, -78.82288), (43.01874, -78.82223), (43.00545, -78.82236), (42.95816, -78.82382), (42.95852, -78.84384), (42.95029, -78.84401), (42.94981, -78.84123)]
(45, 16)[(43.01874, -78.82288), (43.01874, -78.82223), (42.99091, -78.82268), (42.99072, -78.80196), (42.99149, -78.77062), (42.99103, -78.75794), (42.99108, -78.72), (42.99655, -78.71757), (43.00005, -78.71738), (42.9999, -78.71078), (43.00489, -78.71079), (43.00489, -78.71216), (43.00436, -78.71216), (43.00447, -78.71444)]
(45, 17)[(43.01874, -78.82288), (43.01874, -78.82223), (43.00331, -78.82247), (43.00288, -78.82291), (43.00308, -78.82426), (43.00402, -78.82361), (43.0039, -78.82056), (43.00304, -78.81694), (43.00137, -78.81337), (42.99179, -78.8009), (42.98448, -78.79394), (42.97815, -78.7829), (42.96872, -78.77053), (42.9648, -78.76768), (42.95694, -78.76668), (42.95705, -78.76551), (42.95935, -78.76419), (42.95983, -78.76307), (42.96632, -78.72323), (42.96537, -78.6998), (42.96593, -78.69982), (42.96591, -78.70063)]
(45, 18)[(43.01874, -78.82288), (43.01874, -78.82223), (43.03186, -78.82221), (43.03606, -78.82314), (43.0361, -78.81483), (43.03481, -78.80878), (43.03474, -78.77375), (43.03251, -78.77359), (43.03249, -78.77621)]
(45, 19)[(43.01874, -78.82288), (43.01874, -78.82223), (43.00331, -78.82247), (43.00288, -78.82291), (43.00308, -78.82426), (43.00402, -78.82361), (43.0039, -78.82056), (43.00304, -78.81694), (43.00137, -78.81337), (42.99179, -78.8009), (42.98448, -78.79394), (42.97815, -78.7829), (42.96872, -78.77053), (42.9648, -78.76768), (42.95694, -78.76668), (42.95705, -78.76551), (42.95935, -78.76419), (42.95983, -78.76307), (42.96611, -78.72469), (42.96619, -78.71619), (42.96541, -78.70122), (42.96708, -78.70168)]
(45, 20)[(43.01874, -78.82288), (42.97974, -78.82308), (42.97725, -78.81373), (42.9331, -78.81365), (42.93016, -78.82049), (42.92917, -78.8338), (42.92402, -78.84231), (42.92183, -78.8435), (42.90898, -78.84349), (42.90226, -78.84682), (42.8979, -78.85304), (42.89402, -78.86254), (42.8942, -78.86502), (42.89246, -78.86557), (42.89332, -78.86341)]
(45, 21)[(43.01874, -78.82288), (43.01874, -78.82223), (43.00331, -78.82247), (43.00288, -78.82291), (43.00308, -78.82426), (43.00402, -78.82361), (43.0039, -78.82056), (43.00304, -78.81694), (43.00137, -78.81337), (42.99179, -78.8009), (42.98448, -78.79394), (42.97738, -78.78206), (42.97656, -78.78239), (42.97645, -78.78387), (42.93918, -78.7841), (42.93951, -78.77363), (42.9386, -78.7736)]
(45, 22)[(43.01874, -78.82288), (43.01878, -78.82656), (43.01965, -78.82816), (43.01818, -78.82988), (43.0149, -78.83596), (43.01266, -78.84287), (43.01241, -78.84604), (43.0117, -78.84921), (43.01146, -78.85616), (43.0115, -78.85893), (43.01172, -78.86126), (43.01074, -78.86174), (43.01054, -78.86211), (43.01059, -78.86249), (43.01086, -78.86279), (43.01166, -78.86295), (43.01362, -78.86275), (43.015, -78.86223), (43.01512, -78.86288), (43.01667, -78.86635), (43.01625, -78.86661)]
(45, 23)[(43.01874, -78.82288), (43.01874, -78.82223), (43.00331, -78.82247), (43.00288, -78.82291), (43.00308, -78.82426), (43.00402, -78.82361), (43.0039, -78.82056), (43.00304, -78.81694), (43.00137, -78.81337), (42.99179, -78.8009), (42.98448, -78.79394), (42.97738, -78.78206), (42.97656, -78.78239), (42.97645, -78.78387), (42.94537, -78.78408), (42.94492, -78.7847), (42.94492, -78.79009)]
(45, 24)[(43.01874, -78.82288), (42.97974, -78.82308), (42.97725, -78.81373), (42.9331, -78.81365), (42.93016, -78.82049), (42.92917, -78.8338), (42.92386, -78.84251), (42.90877, -78.84353), (42.90158, -78.84732), (42.89709, -78.85487), (42.89402, -78.86254), (42.8942, -78.86502), (42.89003, -78.86637), (42.89014, -78.86547), (42.88487, -78.86347), (42.88493, -78.85914), (42.88429, -78.8593)]
(45, 25)[(43.01874, -78.82288), (42.95816, -78.82382), (42.95398, -78.82275), (42.92531, -78.85398), (42.91934, -78.85331)]
(45, 26)[(43.01874, -78.82288), (43.00331, -78.82247), (43.00308, -78.82426), (43.00402, -78.82361), (43.00371, -78.81938), (43.00127, -78.81321), (42.99179, -78.8009), (42.98483, -78.79439), (42.97815, -78.7829), (42.96641, -78.76853), (42.94772, -78.76587), (42.90858, -78.76682), (42.90754, -78.76807), (42.90812, -78.76937), (42.9091, -78.76884), (42.90895, -78.76316), (42.90705, -78.7544), (42.89074, -78.75449)]
(45, 27)[(43.01874, -78.82288), (43.01874, -78.82223), (43.03186, -78.82221), (43.03606, -78.82314), (43.036, -78.82855), (43.0382, -78.82836), (43.03945, -78.82886), (43.03948, -78.83068)]
(45, 28)[(43.01874, -78.82288), (43.01874, -78.82223), (43.03186, -78.82221), (43.03606, -78.82314), (43.03576, -78.85708), (43.03529, -78.85707)]
(45, 29)[(43.01874, -78.82288), (43.01874, -78.82223), (43.00749, -78.82233), (43.00749, -78.8264), (43.00887, -78.82735), (43.0081, -78.82943), (43.00857, -78.82983), (43.00861, -78.83139), (43.00805, -78.83374)]
(45, 30)[(43.01874, -78.82288), (43.01874, -78.82223), (42.97974, -78.82308), (42.97738, -78.81469), (42.977, -78.81155), (42.97613, -78.81017), (42.97682, -78.80962), (42.97611, -78.80795), (42.97628, -78.80634)]
(45, 31)[(43.01874, -78.82288), (43.01874, -78.82223), (43.01243, -78.82228), (43.01242, -78.81706), (43.00996, -78.81681), (43.00696, -78.81543), (43.00484, -78.81271), (43.00458, -78.81148), (43.00461, -78.80476), (43.00429, -78.80265), (43.00429, -78.7988), (43.0, -78.7988), (42.99994, -78.79416), (42.99804, -78.79415), (42.99811, -78.78027), (42.99834, -78.78003), (43.001, -78.78005), (43.00119, -78.78166), (43.00153, -78.78166)]
(45, 32)[(43.01874, -78.82288), (42.95816, -78.82382), (42.95398, -78.82275), (42.93908, -78.83926), (42.90722, -78.83906), (42.90722, -78.83763)]
(45, 33)[(43.01874, -78.82288), (43.00331, -78.82247), (43.00308, -78.82426), (43.0039, -78.82056), (43.00137, -78.81337), (42.98448, -78.79394), (42.96928, -78.77125), (42.95816, -78.76651), (42.88488, -78.76801), (42.87978, -78.77253), (42.8737, -78.78929), (42.8657, -78.79191), (42.85146, -78.79027), (42.84427, -78.79285), (42.82844, -78.79302), (42.82818, -78.80439), (42.82186, -78.80223), (42.82056, -78.80604)]
(45, 34)[(43.01874, -78.82288), (43.00331, -78.82247), (43.00308, -78.82426), (43.00371, -78.81938), (43.00112, -78.81299), (42.98448, -78.79394), (42.96872, -78.77053), (42.96425, -78.76751), (42.88558, -78.76785), (42.87978, -78.77253), (42.8737, -78.78929), (42.8512, -78.7928), (42.84859, -78.78298), (42.84122, -78.78565), (42.83685, -78.77536), (42.83131, -78.77459), (42.83126, -78.77138)]
(45, 35)[(43.01874, -78.82288), (43.00331, -78.82247), (43.00308, -78.82426), (43.00402, -78.82361), (43.00371, -78.81938), (43.00112, -78.81299), (42.99179, -78.8009), (42.98448, -78.79394), (42.97815, -78.7829), (42.96872, -78.77053), (42.96353, -78.76733), (42.94772, -78.76587), (42.8868, -78.76792), (42.88402, -78.7689), (42.88435, -78.7846), (42.87505, -78.78484), (42.87145, -78.78732), (42.87159, -78.79326), (42.86858, -78.79343), (42.8686, -78.79812), (42.86787, -78.79812)]
(45, 36)[(43.01874, -78.82288), (43.00331, -78.82247), (43.00308, -78.82426), (43.00371, -78.81938), (43.00112, -78.81299), (42.9648, -78.76768), (42.94772, -78.76587), (42.88558, -78.76785), (42.87878, -78.77523), (42.87647, -78.7859), (42.87614, -78.80865), (42.87206, -78.81998), (42.8645, -78.82541), (42.85984, -78.82552), (42.85722, -78.82949), (42.85946, -78.83642), (42.85641, -78.84082), (42.85889, -78.84359)]
(45, 37)[(43.01874, -78.82288), (43.00331, -78.82247), (43.00308, -78.82426), (43.00371, -78.81938), (43.00112, -78.81299), (42.98448, -78.79394), (42.96872, -78.77053), (42.96353, -78.76733), (42.88558, -78.76785), (42.87978, -78.77253), (42.8737, -78.78929), (42.85052, -78.79261), (42.84361, -78.77001), (42.83884, -78.70972), (42.83295, -78.69719), (42.82743, -78.69693), (42.83053, -78.70298)]
(45, 38)[(43.01874, -78.82288), (43.00331, -78.82247), (43.00308, -78.82426), (43.00371, -78.81938), (43.00112, -78.81299), (42.98448, -78.79394), (42.96872, -78.77053), (42.96353, -78.76733), (42.88488, -78.76801), (42.87978, -78.77253), (42.8737, -78.78929), (42.8657, -78.79191), (42.85146, -78.79027), (42.84427, -78.79285), (42.82844, -78.79302), (42.82818, -78.80439), (42.80438, -78.79726), (42.80414, -78.78301), (42.80072, -78.7838)]
(45, 39)[(43.01874, -78.82288), (43.00331, -78.82247), (43.00308, -78.82426), (43.00402, -78.82361), (43.00371, -78.81938), (43.00112, -78.81299), (42.99179, -78.8009), (42.98448, -78.79394), (42.97815, -78.7829), (42.96872, -78.77053), (42.96425, -78.76751), (42.94772, -78.76587), (42.88726, -78.76781), (42.88402, -78.7689), (42.88435, -78.7846), (42.87505, -78.78484), (42.87145, -78.78732), (42.87079, -78.7824), (42.86818, -78.77611), (42.86228, -78.76778), (42.86065, -78.76829), (42.85825, -78.77094), (42.85989, -78.77443), (42.86303, -78.77575)]
(45, 40)[(43.01874, -78.82288), (43.00331, -78.82247), (43.00308, -78.82426), (43.0039, -78.82056), (43.00137, -78.81337), (42.98448, -78.79394), (42.96928, -78.77125), (42.95816, -78.76651), (42.88488, -78.76801), (42.87978, -78.77253), (42.87627, -78.78589), (42.87325, -78.78953), (42.8657, -78.79191), (42.85146, -78.79027), (42.84427, -78.79285), (42.82844, -78.79302), (42.82818, -78.80439), (42.82185, -78.80146)]
