(63, 0)[(42.94419, -78.85019), (42.94448, -78.85275), (42.94462, -78.86815), (42.95679, -78.86942), (42.95652, -78.88957), (42.95918, -78.89497), (42.95379, -78.89998), (42.95341, -78.89921)]
(63, 1)[(42.94419, -78.85019), (42.9509, -78.84884), (42.95249, -78.84395), (42.96477, -78.84357), (42.97256, -78.85311), (42.99837, -78.85202), (43.01086, -78.86279), (43.02096, -78.86097), (43.03432, -78.86174), (43.03869, -78.86427), (43.03778, -78.86866), (43.043, -78.8706), (43.04277, -78.87178)]
(63, 2)[(42.94419, -78.85019), (42.9509, -78.84884), (42.95249, -78.84395), (42.96477, -78.84357), (42.97256, -78.85311), (42.99837, -78.85202), (43.01086, -78.86279), (43.02069, -78.86098), (43.03084, -78.86086), (43.03869, -78.86427), (43.03778, -78.86866), (43.04168, -78.86896)]
(63, 3)[(42.94419, -78.85019), (42.94462, -78.86815), (43.00135, -78.87525), (43.005, -78.8744), (43.00484, -78.86994)]
(63, 4)[(42.94419, -78.85019), (42.94448, -78.85275), (42.94462, -78.86815), (42.95764, -78.86951), (42.95758, -78.87837), (42.95897, -78.87874), (42.97178, -78.87872), (42.97194, -78.87806)]
(63, 5)[(42.94419, -78.85019), (42.94448, -78.85256), (42.94454, -78.85728), (42.94774, -78.859), (42.95788, -78.85887), (42.95936, -78.85845), (42.96375, -78.8583), (42.97439, -78.8584), (42.97444, -78.8659), (42.97405, -78.86593), (42.97412, -78.86754)]
(63, 6)[(42.94419, -78.85019), (42.94448, -78.85275), (42.94462, -78.86815), (42.96282, -78.87004), (42.96595, -78.86842)]
(63, 7)[(42.94419, -78.85019), (42.94448, -78.85256), (42.94454, -78.85728), (42.94774, -78.859), (42.95788, -78.85887), (42.95936, -78.85845), (42.96375, -78.8583), (42.98079, -78.85857), (42.98079, -78.85575), (42.98098, -78.85575), (42.98099, -78.85827)]
(63, 8)[(42.94419, -78.85019), (42.94448, -78.85256), (42.94454, -78.85728), (42.94774, -78.859), (42.95788, -78.85887), (42.95936, -78.85845), (42.96375, -78.8583), (42.97883, -78.85854), (42.97883, -78.85449)]
(63, 9)[(42.94419, -78.85019), (42.94448, -78.85256), (42.94454, -78.85728), (42.94812, -78.85904), (42.95788, -78.85887), (42.95936, -78.85845), (42.96375, -78.8583), (42.98079, -78.85857), (42.98081, -78.85048), (42.98133, -78.85058)]
(63, 10)[(42.94419, -78.85019), (42.94448, -78.85275), (42.94462, -78.86815), (42.96282, -78.87004), (42.96475, -78.8689), (42.96475, -78.86788)]
(63, 11)[(42.94419, -78.85019), (42.94448, -78.85256), (42.94454, -78.85728), (42.94812, -78.85904), (42.95788, -78.85887), (42.95936, -78.85845), (42.96375, -78.8583), (42.96377, -78.86156), (42.9644, -78.86156)]
(63, 12)[(42.94419, -78.85019), (42.94448, -78.85256), (42.94454, -78.85728), (42.94774, -78.859), (42.95788, -78.85887), (42.95936, -78.85845), (42.96471, -78.85829), (42.96563, -78.85833), (42.96563, -78.85964)]
(63, 13)[(42.94419, -78.85019), (42.94411, -78.84984), (42.94362, -78.84987), (42.94086, -78.85095), (42.94134, -78.85462), (42.94048, -78.85863), (42.94047, -78.86027), (42.9395, -78.8604), (42.93681, -78.86374), (42.93534, -78.86626), (42.9338, -78.86601), (42.93219, -78.86527), (42.92888, -78.86629), (42.92804, -78.86756), (42.92801, -78.87374), (42.92572, -78.87401), (42.92046, -78.88213), (42.91958, -78.88179), (42.91551, -78.88234), (42.90685, -78.88193), (42.90686, -78.88161)]
(63, 14)[(42.94419, -78.85019), (42.94411, -78.84984), (42.94362, -78.84987), (42.94149, -78.85075), (42.93758, -78.85065), (42.93296, -78.8519), (42.93015, -78.85484), (42.92787, -78.85128), (42.91535, -78.86445), (42.91125, -78.86591), (42.91127, -78.87033), (42.90985, -78.87077), (42.90988, -78.87439), (42.90946, -78.87445)]
(63, 15)[(42.94419, -78.85019), (42.93758, -78.85065), (42.93296, -78.8519), (42.93015, -78.85484), (42.92463, -78.84577), (42.92259, -78.84406), (42.92069, -78.84355), (42.90847, -78.8436), (42.90226, -78.84682), (42.90004, -78.84893), (42.8941, -78.8623), (42.8942, -78.86502), (42.8913, -78.86596), (42.89167, -78.86503), (42.89076, -78.86466)]
(63, 16)[(42.94419, -78.85019), (42.93758, -78.85065), (42.93296, -78.8519), (42.93015, -78.85484), (42.92463, -78.84577), (42.92259, -78.84406), (42.92069, -78.84355), (42.90847, -78.8436), (42.90226, -78.84682), (42.89973, -78.84938), (42.8941, -78.8623), (42.8942, -78.86502), (42.8913, -78.86596), (42.89167, -78.86503), (42.88774, -78.86333), (42.88765, -78.86375)]
(63, 17)[(42.94419, -78.85019), (42.93296, -78.8519), (42.93015, -78.85484), (42.92447, -78.84559), (42.92069, -78.84355), (42.90898, -78.84349), (42.90369, -78.84637), (42.90373, -78.84463), (42.87482, -78.8439), (42.86603, -78.84764), (42.86022, -78.83866), (42.85809, -78.83218), (42.85347, -78.8315)]
(63, 18)[(42.94419, -78.85019), (42.93296, -78.8519), (42.93015, -78.85484), (42.92259, -78.84406), (42.90756, -78.84388), (42.89973, -78.84938), (42.89231, -78.86803), (42.87742, -78.87311), (42.87542, -78.86296), (42.87347, -78.8586), (42.86747, -78.82852), (42.86513, -78.82744), (42.86473, -78.82529), (42.86026, -78.82563), (42.85621, -78.8236), (42.85213, -78.82333)]
(63, 19)[(42.94419, -78.85019), (42.94382, -78.83618), (42.94679, -78.83291), (42.94598, -78.83169), (42.95398, -78.82275), (42.95816, -78.82382), (42.9909, -78.82245), (43.01243, -78.82228), (43.01242, -78.81706), (43.00996, -78.81681), (43.00696, -78.81543), (43.00497, -78.81302), (43.00636, -78.81374), (43.00687, -78.8127)]
(63, 20)[(42.94419, -78.85019), (42.94382, -78.83618), (42.94679, -78.83291), (42.94598, -78.83169), (42.95398, -78.82275), (42.95816, -78.82382), (42.9909, -78.82245), (43.01243, -78.82228), (43.01196, -78.812), (43.01108, -78.81176), (43.00958, -78.80942)]
(63, 21)[(42.94419, -78.85019), (42.94382, -78.83618), (42.94679, -78.83291), (42.94598, -78.83169), (42.95753, -78.81875), (42.95976, -78.81316), (42.96008, -78.81391), (42.98504, -78.81382), (42.98603, -78.81428), (42.98799, -78.80762), (42.98964, -78.80488), (42.99514, -78.80162), (42.99862, -78.79869), (43.00429, -78.79862), (43.00461, -78.80476), (43.00268, -78.80484), (43.00279, -78.80591)]
(63, 22)[(42.94419, -78.85019), (42.94392, -78.84907), (42.94382, -78.83618), (42.94679, -78.83291), (42.94598, -78.83169), (42.95737, -78.81898), (42.95976, -78.81316), (42.96008, -78.81391), (42.96304, -78.81387), (42.96613, -78.8111), (42.96544, -78.81004), (42.96576, -78.80977)]
(63, 23)[(42.94419, -78.85019), (42.94392, -78.84907), (42.94382, -78.83618), (42.94679, -78.83291), (42.94598, -78.83169), (42.95753, -78.81875), (42.96337, -78.80394), (42.96957, -78.80414)]
(63, 24)[(42.94419, -78.85019), (42.94392, -78.84907), (42.94382, -78.83618), (42.94679, -78.83291), (42.94598, -78.83169), (42.94759, -78.82992), (42.9472, -78.82936), (42.94606, -78.82591), (42.94531, -78.81764), (42.94363, -78.81758), (42.94353, -78.81611)]
(63, 25)[(42.94419, -78.85019), (42.94392, -78.84907), (42.94382, -78.83618), (42.94679, -78.83291), (42.94598, -78.83169), (42.94958, -78.82767), (42.94843, -78.82167), (42.94792, -78.81369), (42.94898, -78.81371), (42.94938, -78.81286), (42.94945, -78.81154), (42.94977, -78.81093), (42.95105, -78.81082), (42.95142, -78.81049), (42.95159, -78.81001), (42.95173, -78.8084)]
(63, 26)[(42.94419, -78.85019), (42.94392, -78.84907), (42.94382, -78.83618), (42.94679, -78.83291), (42.94598, -78.83169), (42.95076, -78.82635), (42.95, -78.82478), (42.94976, -78.82351), (42.95007, -78.82316), (42.94913, -78.82133), (42.94889, -78.80343), (42.95044, -78.80389), (42.95273, -78.80388), (42.95279, -78.79727), (42.9521, -78.79726)]
(63, 27)[(42.94419, -78.85019), (42.94392, -78.84907), (42.94382, -78.83618), (42.94679, -78.83291), (42.94598, -78.83169), (42.95076, -78.82635), (42.95, -78.82478), (42.94976, -78.82351), (42.95007, -78.82316), (42.94913, -78.82133), (42.94882, -78.79488)]
(63, 28)[(42.94419, -78.85019), (42.9436, -78.84811), (42.94263, -78.84611), (42.94258, -78.83739), (42.94101, -78.83483), (42.94094, -78.82915), (42.94012, -78.82812), (42.94015, -78.81838), (42.93655, -78.81842), (42.93614, -78.81814), (42.93591, -78.8187), (42.93516, -78.81842), (42.92639, -78.81841), (42.92263, -78.81662), (42.92271, -78.8072)]
(63, 29)[(42.94419, -78.85019), (42.9436, -78.84811), (42.94263, -78.84611), (42.94258, -78.83739), (42.94101, -78.83483), (42.94094, -78.82915), (42.94012, -78.82812), (42.94015, -78.81838), (42.93655, -78.81842), (42.93614, -78.81814), (42.93591, -78.8187), (42.93516, -78.81842), (42.92639, -78.81841), (42.92263, -78.81662), (42.92274, -78.80493), (42.92065, -78.80495)]
(63, 30)[(42.94419, -78.85019), (42.94263, -78.84611), (42.94258, -78.83739), (42.94101, -78.83483), (42.94094, -78.82915), (42.94012, -78.82812), (42.94015, -78.81838), (42.92639, -78.81841), (42.92361, -78.81691), (42.92363, -78.81368), (42.88639, -78.8142), (42.88638, -78.81326)]
(63, 31)[(42.94419, -78.85019), (42.94263, -78.84611), (42.94258, -78.83739), (42.94101, -78.83483), (42.94094, -78.82915), (42.94012, -78.82812), (42.94015, -78.81838), (42.92639, -78.81841), (42.92361, -78.81691), (42.92363, -78.81368), (42.89138, -78.81413), (42.89133, -78.80956), (42.88736, -78.80964), (42.88732, -78.80438)]
(63, 32)[(42.94419, -78.85019), (42.94263, -78.84611), (42.94258, -78.83739), (42.94101, -78.83483), (42.94094, -78.82915), (42.94012, -78.82812), (42.94015, -78.81838), (42.92639, -78.81841), (42.92361, -78.81691), (42.92363, -78.81368), (42.8922, -78.81412), (42.8924, -78.80116), (42.89114, -78.79998), (42.88821, -78.80002)]
(63, 33)[(42.94419, -78.85019), (42.93296, -78.8519), (42.93015, -78.85484), (42.92259, -78.84406), (42.90756, -78.84388), (42.89973, -78.84938), (42.89265, -78.86763), (42.89003, -78.86915), (42.88878, -78.87228), (42.88314, -78.87412), (42.88395, -78.87982), (42.87574, -78.87806), (42.87006, -78.87902), (42.85227, -78.86365), (42.82774, -78.85092), (42.82574, -78.82704), (42.8283, -78.80936), (42.81924, -78.81016), (42.81899, -78.80919)]
(63, 34)[(42.94419, -78.85019), (42.93296, -78.8519), (42.93015, -78.85484), (42.92259, -78.84406), (42.90756, -78.84388), (42.89973, -78.84938), (42.89265, -78.86763), (42.89003, -78.86915), (42.88878, -78.87228), (42.88314, -78.87412), (42.88395, -78.87982), (42.87574, -78.87806), (42.87006, -78.87902), (42.85227, -78.86365), (42.82774, -78.85092), (42.82574, -78.82704), (42.8283, -78.80936), (42.81924, -78.81016), (42.81668, -78.80745), (42.81654, -78.80444), (42.81561, -78.80441)]
(63, 35)[(42.94419, -78.85019), (42.94382, -78.83618), (42.94679, -78.83291), (42.94598, -78.83169), (42.95737, -78.81898), (42.95976, -78.81316), (42.96343, -78.81352), (42.98486, -78.79391), (42.98538, -78.79266), (42.98426, -78.79142), (42.98573, -78.7951), (42.99672, -78.80527), (43.00195, -78.80282), (43.01175, -78.80239), (43.01746, -78.79922), (43.02262, -78.79232), (43.02509, -78.78222), (43.02157, -78.783), (43.02244, -78.78143)]
(63, 36)[(42.94419, -78.85019), (42.94382, -78.83618), (42.94679, -78.83291), (42.94598, -78.83169), (42.95737, -78.81898), (42.95976, -78.81316), (42.96008, -78.81391), (42.96304, -78.81387), (42.98746, -78.79152), (42.9919, -78.78794), (42.99579, -78.78604), (42.99686, -78.78372), (42.99706, -78.77723), (42.99823, -78.77491), (43.00248, -78.77248), (43.00414, -78.77219), (43.008, -78.77363), (43.0107, -78.77881), (43.01254, -78.77891), (43.01637, -78.78225), (43.01982, -78.78277), (43.01939, -78.77964)]
(63, 37)[(42.94419, -78.85019), (42.94382, -78.83618), (42.94679, -78.83291), (42.94598, -78.83169), (42.95753, -78.81875), (42.95976, -78.81316), (42.96008, -78.81391), (42.96304, -78.81387), (42.98746, -78.79152), (42.9919, -78.78794), (42.99579, -78.78604), (42.99686, -78.78372), (42.99715, -78.77685), (42.99885, -78.77442), (43.00344, -78.77215), (43.00836, -78.77354), (43.01594, -78.76808), (43.02319, -78.76784), (43.02283, -78.76937), (43.02318, -78.77085)]
(63, 38)[(42.94419, -78.85019), (42.94382, -78.83618), (42.94679, -78.83291), (42.94598, -78.83169), (42.95753, -78.81875), (42.95976, -78.81316), (42.96008, -78.81391), (42.96304, -78.81387), (42.98746, -78.79152), (42.9919, -78.78794), (42.99579, -78.78604), (42.99686, -78.78372), (42.99715, -78.77685), (42.99885, -78.77442), (43.00344, -78.77215), (43.00836, -78.77354), (43.01594, -78.76808), (43.02218, -78.76787)]
(63, 39)[(42.94419, -78.85019), (42.94382, -78.83618), (42.94679, -78.83291), (42.94598, -78.83169), (42.95753, -78.81875), (42.95976, -78.81316), (42.96008, -78.81391), (42.96304, -78.81387), (42.98746, -78.79152), (42.9919, -78.78794), (42.99579, -78.78604), (42.99686, -78.78372), (42.99715, -78.77685), (42.99865, -78.77457), (43.00344, -78.77215), (43.00836, -78.77354), (43.01518, -78.76851), (43.0178, -78.76802), (43.01777, -78.7699), (43.01557, -78.7706), (43.01556, -78.77144)]
(63, 40)[(42.94419, -78.85019), (42.94382, -78.83618), (42.94679, -78.83291), (42.94598, -78.83169), (42.95737, -78.81898), (42.95976, -78.81316), (42.96008, -78.81391), (42.96304, -78.81387), (42.99127, -78.78778), (42.99139, -78.77706), (42.98949, -78.77742)]
(63, 41)[(42.94419, -78.85019), (42.94382, -78.83618), (42.94679, -78.83291), (42.94598, -78.83169), (42.95753, -78.81875), (42.95976, -78.81316), (42.96008, -78.81391), (42.96304, -78.81387), (42.99127, -78.78778), (42.99149, -78.77068)]
(63, 42)[(42.94419, -78.85019), (42.9436, -78.84811), (42.94263, -78.84611), (42.94258, -78.83739), (42.94101, -78.83483), (42.94094, -78.82915), (42.94012, -78.82812), (42.9402, -78.81365), (42.93796, -78.81364), (42.94967, -78.78477), (42.94964, -78.77353), (42.95032, -78.77319), (42.95055, -78.77239), (42.95143, -78.77239), (42.95167, -78.7713), (42.95286, -78.77119)]
(63, 43)[(42.94419, -78.85019), (42.9436, -78.84811), (42.94263, -78.84611), (42.94258, -78.83739), (42.94105, -78.83483), (42.9365, -78.83496), (42.93643, -78.83048), (42.93276, -78.83052), (42.93273, -78.82918), (42.92946, -78.82919), (42.92941, -78.8264), (42.92993, -78.82085), (42.93271, -78.81274), (42.93306, -78.81082), (42.93309, -78.79827), (42.93255, -78.79163), (42.93268, -78.78413), (42.92218, -78.78423), (42.92452, -78.77487), (42.92455, -78.77274), (42.92155, -78.77277)]
(63, 44)[(42.94419, -78.85019), (42.9436, -78.84811), (42.94263, -78.84611), (42.94258, -78.83739), (42.94105, -78.83483), (42.9365, -78.83496), (42.93643, -78.83048), (42.93276, -78.83052), (42.93273, -78.82918), (42.92946, -78.82919), (42.92941, -78.8264), (42.92993, -78.82085), (42.93271, -78.81274), (42.93306, -78.81082), (42.93309, -78.79827), (42.93255, -78.79163), (42.93268, -78.78413), (42.92218, -78.78423), (42.92452, -78.77483), (42.92464, -78.76847)]
(63, 45)[(42.94419, -78.85019), (42.94263, -78.84611), (42.94258, -78.83739), (42.94105, -78.83483), (42.9365, -78.83496), (42.93643, -78.83048), (42.93276, -78.83052), (42.93273, -78.82918), (42.92946, -78.82919), (42.92993, -78.82085), (42.93306, -78.81082), (42.93309, -78.79827), (42.93257, -78.7923), (42.93293, -78.77477), (42.93244, -78.76519), (42.93022, -78.76045), (42.92993, -78.75412), (42.92707, -78.75414), (42.92569, -78.76114), (42.92307, -78.76109)]
(63, 46)[(42.94419, -78.85019), (42.94263, -78.84611), (42.94258, -78.83739), (42.94105, -78.83483), (42.9365, -78.83496), (42.93643, -78.83048), (42.93276, -78.83052), (42.93273, -78.82918), (42.92946, -78.82919), (42.92993, -78.82085), (42.93271, -78.81274), (42.93308, -78.81006), (42.93309, -78.79827), (42.93257, -78.7923), (42.93293, -78.77477), (42.93247, -78.76556), (42.93022, -78.76045), (42.92993, -78.75412), (42.9115, -78.75425), (42.91148, -78.74996)]
(63, 47)[(42.94419, -78.85019), (42.94263, -78.84611), (42.94258, -78.83739), (42.94105, -78.83483), (42.9365, -78.83496), (42.93643, -78.83048), (42.93276, -78.83052), (42.93273, -78.82918), (42.92946, -78.82919), (42.92993, -78.82085), (42.93306, -78.81082), (42.93309, -78.79827), (42.93257, -78.7923), (42.93293, -78.77477), (42.93244, -78.76519), (42.93022, -78.76045), (42.92993, -78.75412), (42.92246, -78.75415), (42.92245, -78.75006)]
(63, 48)[(42.94419, -78.85019), (42.94263, -78.84611), (42.94258, -78.83739), (42.94105, -78.83483), (42.9365, -78.83496), (42.93643, -78.83048), (42.93276, -78.83052), (42.93273, -78.82918), (42.92946, -78.82919), (42.92993, -78.82085), (42.93306, -78.81082), (42.93309, -78.79827), (42.93257, -78.7923), (42.93293, -78.77477), (42.93247, -78.76556), (42.93022, -78.76045), (42.92993, -78.75412), (42.92419, -78.75415), (42.92418, -78.75009)]
(63, 49)[(42.94419, -78.85019), (42.94263, -78.84611), (42.94258, -78.83739), (42.94105, -78.83483), (42.9365, -78.83496), (42.93643, -78.83048), (42.93276, -78.83052), (42.93273, -78.82918), (42.92946, -78.82919), (42.92993, -78.82085), (42.93306, -78.81082), (42.93309, -78.79827), (42.93257, -78.7923), (42.93293, -78.77477), (42.93244, -78.76519), (42.93022, -78.76045), (42.92993, -78.75412), (42.92707, -78.75414), (42.92825, -78.74819), (42.92613, -78.74742)]
(63, 50)[(42.94419, -78.85019), (42.94263, -78.84611), (42.94258, -78.83739), (42.94105, -78.83483), (42.9365, -78.83496), (42.93643, -78.83048), (42.93276, -78.83052), (42.93273, -78.82918), (42.92946, -78.82919), (42.92993, -78.82085), (42.93306, -78.81082), (42.93309, -78.79827), (42.93257, -78.7923), (42.93293, -78.77477), (42.93237, -78.76478), (42.93009, -78.75966), (42.9299, -78.74614), (42.92821, -78.74192), (42.92752, -78.74197), (42.92718, -78.74294), (42.92536, -78.74258)]
(63, 51)[(42.94419, -78.85019), (42.94263, -78.84611), (42.94258, -78.83739), (42.94105, -78.83483), (42.9365, -78.83496), (42.93643, -78.83048), (42.93276, -78.83052), (42.93273, -78.82918), (42.92946, -78.82919), (42.92993, -78.82085), (42.93306, -78.81082), (42.93309, -78.79827), (42.93257, -78.7923), (42.93293, -78.77477), (42.93237, -78.76478), (42.93009, -78.75966), (42.92994, -78.74636), (42.92832, -78.74203), (42.92763, -78.74189), (42.92718, -78.74294), (42.92673, -78.74277), (42.92671, -78.74091)]
(63, 52)[(42.94419, -78.85019), (42.94263, -78.84611), (42.94258, -78.83739), (42.94105, -78.83483), (42.9365, -78.83496), (42.93643, -78.83048), (42.93276, -78.83052), (42.93273, -78.82918), (42.92946, -78.82919), (42.92993, -78.82085), (42.93306, -78.81082), (42.93309, -78.79827), (42.93257, -78.7923), (42.93293, -78.77477), (42.93247, -78.76556), (42.93012, -78.75996), (42.93008, -78.74792), (42.92963, -78.74518), (42.92821, -78.74192), (42.92752, -78.74197), (42.92718, -78.74294), (42.92507, -78.74212), (42.92374, -78.74132), (42.9243, -78.7401)]
(63, 53)[(42.94419, -78.85019), (42.94263, -78.84611), (42.94258, -78.83739), (42.94105, -78.83483), (42.9365, -78.83496), (42.93643, -78.83048), (42.92946, -78.82919), (42.92993, -78.82085), (42.93306, -78.81082), (42.93293, -78.77477), (42.93206, -78.76868), (42.9292, -78.76658), (42.9239, -78.76633), (42.8843, -78.76818), (42.87978, -78.77253), (42.87627, -78.78589), (42.8737, -78.78929), (42.8657, -78.79191), (42.85362, -78.79102), (42.85103, -78.7928), (42.84994, -78.79169), (42.84906, -78.78363), (42.84399, -78.77182), (42.84334, -78.75891), (42.84186, -78.75419), (42.83349, -78.75375), (42.83233, -78.76082), (42.83163, -78.76085)]
(63, 54)[(42.94419, -78.85019), (42.94263, -78.84611), (42.94258, -78.83739), (42.94105, -78.83483), (42.9365, -78.83496), (42.93643, -78.83048), (42.93276, -78.83052), (42.93273, -78.82918), (42.92946, -78.82919), (42.92993, -78.82085), (42.93271, -78.81274), (42.93308, -78.81006), (42.93309, -78.79827), (42.93257, -78.7923), (42.93293, -78.77477), (42.93237, -78.76478), (42.93009, -78.75966), (42.92998, -78.7466), (42.92821, -78.74192), (42.92752, -78.74197), (42.92718, -78.74294), (42.92408, -78.74157), (42.90965, -78.73003), (42.9087, -78.7191), (42.90938, -78.71293), (42.91354, -78.71284), (42.91354, -78.71334)]
(63, 55)[(42.94419, -78.85019), (42.94263, -78.84611), (42.94258, -78.83739), (42.94105, -78.83483), (42.9365, -78.83496), (42.93643, -78.83048), (42.93276, -78.83052), (42.93273, -78.82918), (42.92946, -78.82919), (42.92993, -78.82085), (42.93271, -78.81274), (42.93308, -78.81006), (42.93309, -78.79827), (42.93257, -78.7923), (42.93293, -78.77477), (42.93247, -78.76556), (42.93012, -78.75996), (42.92984, -78.74588), (42.92821, -78.74192), (42.92752, -78.74197), (42.92718, -78.74294), (42.92408, -78.74157), (42.90965, -78.73003), (42.90881, -78.72279), (42.90876, -78.71709), (42.90956, -78.7118), (42.9108, -78.71177)]
(63, 56)[(42.94419, -78.85019), (42.94263, -78.84611), (42.94258, -78.83739), (42.94105, -78.83483), (42.9365, -78.83496), (42.93643, -78.83048), (42.93276, -78.83052), (42.93273, -78.82918), (42.92946, -78.82919), (42.92993, -78.82085), (42.93306, -78.81082), (42.93309, -78.79827), (42.93257, -78.7923), (42.93293, -78.77477), (42.93244, -78.76519), (42.93012, -78.75996), (42.93002, -78.74696), (42.92857, -78.74242), (42.92776, -78.74184), (42.92718, -78.74294), (42.92408, -78.74157), (42.90965, -78.73003), (42.90881, -78.72279), (42.90893, -78.7158), (42.9107, -78.70461), (42.91374, -78.69967)]
(63, 57)[(42.94419, -78.85019), (42.94263, -78.84611), (42.94258, -78.83739), (42.94105, -78.83483), (42.9365, -78.83496), (42.93643, -78.83048), (42.93276, -78.83052), (42.93273, -78.82918), (42.92946, -78.82919), (42.92993, -78.82085), (42.93271, -78.81274), (42.93308, -78.81006), (42.93309, -78.79827), (42.93257, -78.7923), (42.93293, -78.77477), (42.93247, -78.76556), (42.93012, -78.75996), (42.92977, -78.74564), (42.92821, -78.74192), (42.92752, -78.74197), (42.92718, -78.74294), (42.92408, -78.74157), (42.90965, -78.73003), (42.90881, -78.72279), (42.90893, -78.7158), (42.91208, -78.69584), (42.91446, -78.69585)]
(63, 58)[(42.94419, -78.85019), (42.94263, -78.84611), (42.94258, -78.83739), (42.94105, -78.83483), (42.9365, -78.83496), (42.93643, -78.83048), (42.93276, -78.83052), (42.93273, -78.82918), (42.92946, -78.82919), (42.92993, -78.82085), (42.93306, -78.81082), (42.93309, -78.79827), (42.93257, -78.7923), (42.93293, -78.77477), (42.93226, -78.76888), (42.92852, -78.7664), (42.92104, -78.76631), (42.88767, -78.76773), (42.88402, -78.7689), (42.88376, -78.75859), (42.88505, -78.75514), (42.88474, -78.75453), (42.87805, -78.75319), (42.86617, -78.75431), (42.86829, -78.74836), (42.86781, -78.72388), (42.86594, -78.72389)]
(63, 59)[(42.94419, -78.85019), (42.94263, -78.84611), (42.94258, -78.83739), (42.94105, -78.83483), (42.9365, -78.83496), (42.93643, -78.83048), (42.93276, -78.83052), (42.93273, -78.82918), (42.92946, -78.82919), (42.92993, -78.82085), (42.93306, -78.81082), (42.93309, -78.79827), (42.93257, -78.7923), (42.93293, -78.77477), (42.93226, -78.76888), (42.92852, -78.7664), (42.92104, -78.76631), (42.88767, -78.76773), (42.88402, -78.7689), (42.88376, -78.75859), (42.88505, -78.75514), (42.88474, -78.75453), (42.87805, -78.75319), (42.86617, -78.75431), (42.86829, -78.74836), (42.86783, -78.71446), (42.86685, -78.71471)]
(63, 60)[(42.94419, -78.85019), (42.94263, -78.84611), (42.94258, -78.83739), (42.94105, -78.83483), (42.9365, -78.83496), (42.93643, -78.83048), (42.93276, -78.83052), (42.93273, -78.82918), (42.92946, -78.82919), (42.92993, -78.82085), (42.93271, -78.81274), (42.93308, -78.81006), (42.93309, -78.79827), (42.93257, -78.7923), (42.93293, -78.77477), (42.93247, -78.76556), (42.93012, -78.75996), (42.92971, -78.74541), (42.92821, -78.74192), (42.92752, -78.74197), (42.92718, -78.74294), (42.92426, -78.74168), (42.91272, -78.73296), (42.90873, -78.72915), (42.90513, -78.72808), (42.90517, -78.72616), (42.90414, -78.72229), (42.90441, -78.71476), (42.90159, -78.70731), (42.9019, -78.69691), (42.89238, -78.69694), (42.8926, -78.68796)]
(63, 61)[(42.94419, -78.85019), (42.94263, -78.84611), (42.94258, -78.83739), (42.94105, -78.83483), (42.9365, -78.83496), (42.93643, -78.83048), (42.92946, -78.82919), (42.92993, -78.82085), (42.93308, -78.81006), (42.93247, -78.76556), (42.93012, -78.75996), (42.92977, -78.74564), (42.92821, -78.74192), (42.92718, -78.74294), (42.92426, -78.74168), (42.90873, -78.72915), (42.90513, -78.72808), (42.90414, -78.72229), (42.90441, -78.71476), (42.90159, -78.70731), (42.90146, -78.68424), (42.89968, -78.67397), (42.89518, -78.6756), (42.89443, -78.66995), (42.89351, -78.66945)]
(63, 62)[(42.94419, -78.85019), (42.94263, -78.84611), (42.94258, -78.83739), (42.94105, -78.83483), (42.9365, -78.83496), (42.93643, -78.83048), (42.92946, -78.82919), (42.92993, -78.82085), (42.93308, -78.81006), (42.93247, -78.76556), (42.93012, -78.75996), (42.92971, -78.74541), (42.92821, -78.74192), (42.92718, -78.74294), (42.92426, -78.74168), (42.90873, -78.72915), (42.90513, -78.72808), (42.90414, -78.72229), (42.90441, -78.71476), (42.90159, -78.70731), (42.90104, -78.68177), (42.89291, -78.68186), (42.89255, -78.66823), (42.89009, -78.66824)]
(64, 0)[(42.9798, -78.85723), (42.97982, -78.85856), (42.98099, -78.85858), (42.98098, -78.88539), (42.96092, -78.88884), (42.96158, -78.894), (42.95996, -78.89425), (42.95379, -78.89998), (42.95341, -78.89921)]
(64, 1)[(42.9798, -78.85723), (42.97982, -78.85856), (42.98079, -78.85857), (42.98081, -78.85283), (42.98681, -78.85316), (42.99837, -78.85202), (43.0017, -78.85399), (43.01086, -78.86279), (43.01326, -78.86281), (43.02096, -78.86097), (43.03059, -78.86082), (43.0348, -78.86192), (43.03869, -78.86427), (43.03778, -78.86866), (43.043, -78.8706), (43.04277, -78.87178)]
(64, 2)[(42.9798, -78.85723), (42.97982, -78.85856), (42.98079, -78.85857), (42.98081, -78.85283), (42.98681, -78.85316), (42.99837, -78.85202), (43.0017, -78.85399), (43.01086, -78.86279), (43.01326, -78.86281), (43.02069, -78.86098), (43.03084, -78.86086), (43.0348, -78.86192), (43.03869, -78.86427), (43.03778, -78.86866), (43.04017, -78.86959), (43.04046, -78.8685), (43.04168, -78.86896)]
(64, 3)[(42.9798, -78.85723), (42.97982, -78.85856), (42.98099, -78.85858), (42.98097, -78.87238), (43.00147, -78.87525), (43.005, -78.8744), (43.00484, -78.86994)]
(64, 4)[(42.9798, -78.85723), (42.97982, -78.85856), (42.98099, -78.85858), (42.98101, -78.87865), (42.97204, -78.87872), (42.97204, -78.87807), (42.97194, -78.87806)]
(64, 5)[(42.9798, -78.85723), (42.97982, -78.85856), (42.97439, -78.8584), (42.97444, -78.8659), (42.97405, -78.86593), (42.97412, -78.86754)]
(64, 6)[(42.9798, -78.85723), (42.97982, -78.85856), (42.97439, -78.8584), (42.97444, -78.8659), (42.97206, -78.86606), (42.9696, -78.86722), (42.96595, -78.86842)]
(64, 7)[(42.9798, -78.85723), (42.97982, -78.85856), (42.98079, -78.85857), (42.98079, -78.85575), (42.98098, -78.85575), (42.98099, -78.85827)]
(64, 8)[(42.9798, -78.85723), (42.97979, -78.85489), (42.97975, -78.85467), (42.97961, -78.85441), (42.9794, -78.85427), (42.97883, -78.85427), (42.97883, -78.85449)]
(64, 9)[(42.9798, -78.85723), (42.97982, -78.85856), (42.98079, -78.85857), (42.98081, -78.85048), (42.98087, -78.85033), (42.98133, -78.85058)]
(64, 10)[(42.9798, -78.85723), (42.97982, -78.85856), (42.97439, -78.8584), (42.97444, -78.8659), (42.97206, -78.86606), (42.9696, -78.86722), (42.96475, -78.8689), (42.96475, -78.86788)]
(64, 11)[(42.9798, -78.85723), (42.97982, -78.85856), (42.96471, -78.85829), (42.96473, -78.86156), (42.9644, -78.86156)]
(64, 12)[(42.9798, -78.85723), (42.97982, -78.85856), (42.96563, -78.85833), (42.96563, -78.85964)]
(64, 13)[(42.9798, -78.85723), (42.97982, -78.85856), (42.96375, -78.8583), (42.94812, -78.85904), (42.94123, -78.85564), (42.94047, -78.86027), (42.9395, -78.8604), (42.93534, -78.86626), (42.93219, -78.86527), (42.92888, -78.86629), (42.92804, -78.86756), (42.92801, -78.87374), (42.92572, -78.87401), (42.92046, -78.88213), (42.90686, -78.88161)]
(64, 14)[(42.9798, -78.85723), (42.97982, -78.85856), (42.96375, -78.8583), (42.94812, -78.85904), (42.94123, -78.85564), (42.94047, -78.86027), (42.9395, -78.8604), (42.93534, -78.86626), (42.93199, -78.86529), (42.92922, -78.86601), (42.92781, -78.8677), (42.9222, -78.86737), (42.91062, -78.87052), (42.90985, -78.87077), (42.90988, -78.87439), (42.90946, -78.87445)]
(64, 15)[(42.9798, -78.85723), (42.97982, -78.85856), (42.94774, -78.859), (42.94123, -78.85564), (42.9404, -78.85075), (42.93296, -78.8519), (42.93015, -78.85484), (42.92285, -78.84419), (42.90898, -78.84349), (42.90077, -78.84807), (42.8941, -78.8623), (42.8942, -78.86502), (42.8913, -78.86596), (42.89167, -78.86503), (42.89076, -78.86466)]
(64, 16)[(42.9798, -78.85723), (42.97982, -78.85856), (42.94774, -78.859), (42.94123, -78.85564), (42.9404, -78.85075), (42.93296, -78.8519), (42.93015, -78.85484), (42.92285, -78.84419), (42.90935, -78.84346), (42.90004, -78.84893), (42.8941, -78.8623), (42.8942, -78.86502), (42.8913, -78.86596), (42.89167, -78.86503), (42.88765, -78.86375)]
(64, 17)[(42.9798, -78.85723), (42.97982, -78.85856), (42.98099, -78.85858), (42.98062, -78.90222), (42.96586, -78.92247), (42.96162, -78.91984), (42.95444, -78.91056), (42.9436, -78.90807), (42.93357, -78.90289), (42.92888, -78.89887), (42.91394, -78.90161), (42.90386, -78.90129), (42.89927, -78.89872), (42.87963, -78.87838), (42.8736, -78.85909), (42.87043, -78.84445), (42.86603, -78.84764), (42.86022, -78.83866), (42.85809, -78.83218), (42.85347, -78.8315)]
(64, 18)[(42.9798, -78.85723), (42.97982, -78.85856), (42.98099, -78.85858), (42.98062, -78.90222), (42.96586, -78.92247), (42.96162, -78.91984), (42.95444, -78.91056), (42.9436, -78.90807), (42.93357, -78.90289), (42.92888, -78.89887), (42.91394, -78.90161), (42.90386, -78.90129), (42.89907, -78.89855), (42.87963, -78.87838), (42.87347, -78.8586), (42.86731, -78.82825), (42.86513, -78.82744), (42.86473, -78.82529), (42.86026, -78.82563), (42.85621, -78.8236), (42.85213, -78.82333)]
(64, 19)[(42.9798, -78.85723), (42.97982, -78.85856), (42.98079, -78.85857), (42.98081, -78.85283), (42.98623, -78.85289), (42.98681, -78.85316), (42.98727, -78.85276), (42.99542, -78.85266), (42.99837, -78.85202), (42.9992, -78.85226), (42.9999, -78.85172), (43.00062, -78.85007), (43.00089, -78.84866), (43.00096, -78.83887), (43.00121, -78.83606), (43.00186, -78.83281), (43.00358, -78.8276), (43.00406, -78.82484), (43.00384, -78.82095), (43.00327, -78.82051), (43.00273, -78.82096), (43.00272, -78.82181), (43.00346, -78.8223), (43.01243, -78.82228), (43.01242, -78.81706), (43.00996, -78.81681), (43.00696, -78.81543), (43.00497, -78.81302), (43.00561, -78.81297), (43.00595, -78.81366), (43.00636, -78.81374), (43.00687, -78.8127)]
(64, 20)[(42.9798, -78.85723), (42.97982, -78.85856), (42.98079, -78.85857), (42.98081, -78.85283), (42.98623, -78.85289), (42.98681, -78.85316), (42.98727, -78.85276), (42.99542, -78.85266), (42.99837, -78.85202), (42.9992, -78.85226), (42.99977, -78.85194), (43.00062, -78.85007), (43.00089, -78.84866), (43.00096, -78.83887), (43.00145, -78.83449), (43.00345, -78.82809), (43.00402, -78.82529), (43.004, -78.82142), (43.00348, -78.82055), (43.00273, -78.82096), (43.00272, -78.82181), (43.00346, -78.8223), (43.01243, -78.82228), (43.01241, -78.81641), (43.01198, -78.81505), (43.01196, -78.812), (43.01108, -78.81176), (43.00958, -78.80942)]
(64, 21)[(42.9798, -78.85723), (42.97982, -78.85856), (42.98079, -78.85857), (42.9807, -78.82283), (42.9909, -78.82245), (42.99073, -78.8042), (42.99514, -78.80162), (42.99734, -78.7994), (42.99853, -78.79872), (43.00429, -78.79862), (43.00429, -78.80265), (43.00461, -78.80476), (43.00268, -78.80484), (43.00279, -78.80591)]
(64, 22)[(42.9798, -78.85723), (42.97982, -78.85856), (42.98079, -78.85857), (42.98072, -78.82526), (42.97962, -78.82275), (42.97725, -78.81373), (42.96304, -78.81387), (42.96613, -78.8111), (42.96544, -78.81004), (42.96576, -78.80977)]
(64, 23)[(42.9798, -78.85723), (42.97982, -78.85856), (42.98079, -78.85857), (42.98072, -78.82526), (42.97968, -78.82292), (42.97751, -78.81519), (42.97684, -78.81116), (42.97552, -78.80931), (42.96957, -78.80414)]
(64, 24)[(42.9798, -78.85723), (42.97982, -78.85856), (42.98079, -78.85857), (42.98072, -78.82526), (42.97962, -78.82275), (42.97725, -78.81373), (42.95989, -78.81392), (42.94344, -78.81366), (42.94353, -78.81611)]
(64, 25)[(42.9798, -78.85723), (42.97982, -78.85856), (42.98079, -78.85857), (42.98072, -78.82526), (42.97968, -78.82292), (42.97751, -78.81519), (42.97684, -78.81116), (42.97552, -78.80931), (42.96915, -78.80392), (42.95273, -78.80388), (42.95173, -78.8084)]
(64, 26)[(42.9798, -78.85723), (42.97982, -78.85856), (42.98079, -78.85857), (42.98072, -78.82526), (42.97968, -78.82292), (42.97751, -78.81519), (42.97684, -78.81116), (42.97552, -78.80931), (42.96938, -78.80398), (42.95273, -78.80388), (42.95279, -78.79727), (42.9521, -78.79726)]
(64, 27)[(42.9798, -78.85723), (42.97982, -78.85856), (42.98079, -78.85857), (42.98072, -78.82526), (42.97968, -78.82292), (42.97751, -78.81519), (42.97684, -78.81116), (42.97552, -78.80931), (42.96938, -78.80398), (42.95044, -78.80389), (42.94889, -78.80343), (42.94882, -78.79488)]
(64, 28)[(42.9798, -78.85723), (42.97982, -78.85856), (42.98079, -78.85857), (42.98072, -78.82526), (42.97962, -78.82275), (42.97725, -78.81373), (42.93733, -78.81364), (42.93733, -78.81043), (42.92269, -78.81049), (42.92271, -78.8072)]
(64, 29)[(42.9798, -78.85723), (42.97982, -78.85856), (42.98079, -78.85857), (42.98072, -78.82526), (42.97962, -78.82275), (42.97725, -78.81373), (42.93733, -78.81364), (42.93733, -78.81043), (42.92269, -78.81049), (42.92274, -78.80493), (42.92065, -78.80495)]
(64, 30)[(42.9798, -78.85723), (42.97982, -78.85856), (42.98079, -78.85857), (42.98072, -78.82526), (42.97725, -78.81373), (42.88639, -78.8142), (42.88638, -78.81326)]
(64, 31)[(42.9798, -78.85723), (42.97982, -78.85856), (42.98079, -78.85857), (42.98071, -78.82304), (42.97937, -78.79902), (42.98305, -78.79473), (42.98209, -78.78995), (42.97887, -78.78401), (42.96641, -78.76853), (42.94772, -78.76587), (42.89289, -78.76746), (42.88402, -78.7689), (42.88425, -78.79843), (42.88527, -78.80172), (42.88468, -78.80384), (42.88732, -78.80438)]
(64, 32)[(42.9798, -78.85723), (42.97982, -78.85856), (42.98079, -78.85857), (42.98071, -78.82304), (42.97937, -78.79902), (42.98305, -78.79473), (42.98209, -78.78995), (42.97887, -78.78401), (42.96641, -78.76853), (42.94772, -78.76587), (42.89289, -78.76746), (42.88402, -78.7689), (42.88427, -78.79856), (42.88515, -78.80251), (42.8873, -78.80246), (42.88728, -78.80004), (42.88821, -78.80002)]
(64, 33)[(42.9798, -78.85723), (42.98079, -78.85857), (42.97937, -78.79902), (42.98305, -78.79473), (42.97815, -78.7829), (42.96425, -78.76751), (42.94772, -78.76587), (42.88488, -78.76801), (42.87978, -78.77253), (42.8737, -78.78929), (42.8657, -78.79191), (42.85146, -78.79027), (42.84427, -78.79285), (42.82844, -78.79302), (42.8283, -78.80936), (42.81899, -78.80919)]
(64, 34)[(42.9798, -78.85723), (42.98079, -78.85857), (42.97937, -78.79902), (42.98305, -78.79473), (42.97815, -78.7829), (42.96467, -78.76764), (42.94772, -78.76587), (42.88488, -78.76801), (42.87978, -78.77253), (42.87627, -78.78589), (42.87325, -78.78953), (42.8657, -78.79191), (42.85146, -78.79027), (42.84427, -78.79285), (42.82844, -78.79302), (42.82818, -78.80439), (42.8166, -78.80093), (42.81561, -78.80441)]
(64, 35)[(42.9798, -78.85723), (42.97982, -78.85856), (42.98079, -78.85857), (42.98081, -78.85283), (42.98681, -78.85316), (42.9992, -78.85226), (42.9999, -78.85172), (43.00089, -78.84866), (43.00121, -78.83606), (43.00384, -78.82651), (43.00405, -78.82204), (43.00268, -78.81598), (43.00146, -78.81358), (42.99786, -78.80947), (42.99764, -78.80651), (42.99925, -78.80425), (43.00094, -78.80312), (43.01175, -78.80239), (43.01521, -78.80089), (43.01835, -78.79836), (43.02186, -78.79369), (43.02441, -78.78759), (43.02509, -78.78222), (43.02157, -78.783), (43.02151, -78.78184), (43.02244, -78.78143)]
(64, 36)[(42.9798, -78.85723), (42.97982, -78.85856), (42.98079, -78.85857), (42.98081, -78.85283), (42.98681, -78.85316), (42.9992, -78.85226), (42.9999, -78.85172), (43.00089, -78.84866), (43.00121, -78.83606), (43.00384, -78.82651), (43.00405, -78.82204), (43.00251, -78.81558), (43.00146, -78.81358), (42.99793, -78.80959), (42.99756, -78.80679), (42.99933, -78.80417), (43.00157, -78.80289), (43.00894, -78.8029), (43.01417, -78.80148), (43.01685, -78.79975), (43.01987, -78.79667), (43.0239, -78.78927), (43.02509, -78.78222), (43.01982, -78.78301), (43.01939, -78.77964)]
(64, 37)[(42.9798, -78.85723), (42.97982, -78.85856), (42.98079, -78.85857), (42.98081, -78.85283), (42.98681, -78.85316), (42.9992, -78.85226), (42.9999, -78.85172), (43.00089, -78.84866), (43.00121, -78.83606), (43.00384, -78.82651), (43.00405, -78.82204), (43.00268, -78.81598), (43.00146, -78.81358), (42.99786, -78.80947), (42.9976, -78.80664), (42.99933, -78.80417), (43.00157, -78.80289), (43.00894, -78.8029), (43.01417, -78.80148), (43.01746, -78.79922), (43.02051, -78.79585), (43.02328, -78.79086), (43.02474, -78.7856), (43.02509, -78.78222), (43.02403, -78.78217), (43.02422, -78.76935), (43.02283, -78.76937), (43.02318, -78.77085)]
(64, 38)[(42.9798, -78.85723), (42.97982, -78.85856), (42.98079, -78.85857), (42.98071, -78.82304), (42.97937, -78.79902), (42.99112, -78.78856), (42.99602, -78.78576), (42.99686, -78.78372), (42.99715, -78.77685), (42.99885, -78.77442), (43.00344, -78.77215), (43.00836, -78.77354), (43.01594, -78.76808), (43.02218, -78.76787)]
(64, 39)[(42.9798, -78.85723), (42.97982, -78.85856), (42.98079, -78.85857), (42.98071, -78.82304), (42.97937, -78.79902), (42.99112, -78.78856), (42.99602, -78.78576), (42.99686, -78.78372), (42.99706, -78.77723), (42.99865, -78.77457), (43.00344, -78.77215), (43.00836, -78.77354), (43.01518, -78.76851), (43.0178, -78.76802), (43.01777, -78.7699), (43.01557, -78.7706), (43.01556, -78.77144)]
(64, 40)[(42.9798, -78.85723), (42.97982, -78.85856), (42.98079, -78.85857), (42.98071, -78.82304), (42.97937, -78.79902), (42.98933, -78.79001), (42.99073, -78.78811), (42.99127, -78.78778), (42.99139, -78.77706), (42.98949, -78.77742)]
(64, 41)[(42.9798, -78.85723), (42.97982, -78.85856), (42.98079, -78.85857), (42.98071, -78.82304), (42.97937, -78.79902), (42.99127, -78.78778), (42.99149, -78.77068)]
(64, 42)[(42.9798, -78.85723), (42.97982, -78.85856), (42.98079, -78.85857), (42.98071, -78.82304), (42.97937, -78.79902), (42.98302, -78.79541), (42.98229, -78.79051), (42.97711, -78.78146), (42.96872, -78.77053), (42.96641, -78.76853), (42.96425, -78.76751), (42.96165, -78.76896), (42.95906, -78.76806), (42.95691, -78.76986), (42.95565, -78.7722), (42.95482, -78.77147), (42.9553, -78.77044), (42.95474, -78.77006), (42.95286, -78.77119)]
(64, 43)[(42.9798, -78.85723), (42.97982, -78.85856), (42.98079, -78.85857), (42.98071, -78.82304), (42.97852, -78.78381), (42.92218, -78.78423), (42.92452, -78.77487), (42.92455, -78.77274), (42.92155, -78.77277)]
(64, 44)[(42.9798, -78.85723), (42.97982, -78.85856), (42.98079, -78.85857), (42.98071, -78.82304), (42.97937, -78.79902), (42.98308, -78.79497), (42.98209, -78.78995), (42.97887, -78.78401), (42.96872, -78.77053), (42.9648, -78.76768), (42.95816, -78.76651), (42.94772, -78.76587), (42.9436, -78.76652), (42.93204, -78.76643), (42.93098, -78.76729), (42.93126, -78.76845), (42.93234, -78.76811), (42.93244, -78.76519), (42.93022, -78.76045), (42.92993, -78.75412), (42.92707, -78.75414), (42.92464, -78.76847)]
(64, 45)[(42.9798, -78.85723), (42.97982, -78.85856), (42.98079, -78.85857), (42.98071, -78.82304), (42.97937, -78.79902), (42.98308, -78.79497), (42.98209, -78.78995), (42.97887, -78.78401), (42.96872, -78.77053), (42.9648, -78.76768), (42.95816, -78.76651), (42.94772, -78.76587), (42.9436, -78.76652), (42.93204, -78.76643), (42.93098, -78.76729), (42.93136, -78.7685), (42.93238, -78.76798), (42.93244, -78.76519), (42.93022, -78.76045), (42.92993, -78.75412), (42.92707, -78.75414), (42.92569, -78.76114), (42.92307, -78.76109)]
(64, 46)[(42.9798, -78.85723), (42.97982, -78.85856), (42.98079, -78.85857), (42.98071, -78.82304), (42.97937, -78.79902), (42.98308, -78.79497), (42.98209, -78.78995), (42.97887, -78.78401), (42.96872, -78.77053), (42.9648, -78.76768), (42.95816, -78.76651), (42.94772, -78.76587), (42.9436, -78.76652), (42.93204, -78.76643), (42.93098, -78.76729), (42.93136, -78.7685), (42.93238, -78.76798), (42.93244, -78.76519), (42.93022, -78.76045), (42.92993, -78.75412), (42.9115, -78.75425), (42.91148, -78.74996)]
(64, 47)[(42.9798, -78.85723), (42.97982, -78.85856), (42.98079, -78.85857), (42.98071, -78.82304), (42.97937, -78.79902), (42.98308, -78.79497), (42.98229, -78.79051), (42.9802, -78.78635), (42.97711, -78.78146), (42.96872, -78.77053), (42.9648, -78.76768), (42.95816, -78.76651), (42.94772, -78.76587), (42.9436, -78.76652), (42.93204, -78.76643), (42.93098, -78.76729), (42.93126, -78.76845), (42.93234, -78.76811), (42.93244, -78.76519), (42.93022, -78.76045), (42.92993, -78.75412), (42.92246, -78.75415), (42.92245, -78.75006)]
(64, 48)[(42.9798, -78.85723), (42.97982, -78.85856), (42.98079, -78.85857), (42.98071, -78.82304), (42.97937, -78.79902), (42.98302, -78.79541), (42.98209, -78.78995), (42.97815, -78.7829), (42.96928, -78.77125), (42.9673, -78.76914), (42.9648, -78.76768), (42.95816, -78.76651), (42.94772, -78.76587), (42.9436, -78.76652), (42.93204, -78.76643), (42.93098, -78.76729), (42.93126, -78.76845), (42.93234, -78.76811), (42.93244, -78.76519), (42.93022, -78.76045), (42.92993, -78.75412), (42.92419, -78.75415), (42.92418, -78.75009)]
(64, 49)[(42.9798, -78.85723), (42.97982, -78.85856), (42.98079, -78.85857), (42.98071, -78.82304), (42.97937, -78.79902), (42.98302, -78.79541), (42.98209, -78.78995), (42.97815, -78.7829), (42.96928, -78.77125), (42.9673, -78.76914), (42.9648, -78.76768), (42.95816, -78.76651), (42.94772, -78.76587), (42.9436, -78.76652), (42.93204, -78.76643), (42.93098, -78.76729), (42.93116, -78.76838), (42.93234, -78.76811), (42.93244, -78.76519), (42.93022, -78.76045), (42.92993, -78.75412), (42.92707, -78.75414), (42.92825, -78.74819), (42.92613, -78.74742)]
(64, 50)[(42.9798, -78.85723), (42.97982, -78.85856), (42.98079, -78.85857), (42.98071, -78.82304), (42.97937, -78.79902), (42.98302, -78.79541), (42.98209, -78.78995), (42.97815, -78.7829), (42.96928, -78.77125), (42.9673, -78.76914), (42.9648, -78.76768), (42.95816, -78.76651), (42.94772, -78.76587), (42.9436, -78.76652), (42.93204, -78.76643), (42.93098, -78.76729), (42.93116, -78.76838), (42.93234, -78.76811), (42.93247, -78.76556), (42.93012, -78.75996), (42.9299, -78.74614), (42.92821, -78.74192), (42.92752, -78.74197), (42.92718, -78.74294), (42.92536, -78.74258)]
(64, 51)[(42.9798, -78.85723), (42.97982, -78.85856), (42.98079, -78.85857), (42.98071, -78.82304), (42.97937, -78.79902), (42.98302, -78.79541), (42.98209, -78.78995), (42.97815, -78.7829), (42.96928, -78.77125), (42.9673, -78.76914), (42.9648, -78.76768), (42.95816, -78.76651), (42.94772, -78.76587), (42.9436, -78.76652), (42.93204, -78.76643), (42.93098, -78.76729), (42.93116, -78.76838), (42.93234, -78.76811), (42.93247, -78.76556), (42.93012, -78.75996), (42.92998, -78.7466), (42.92832, -78.74203), (42.92763, -78.74189), (42.92718, -78.74294), (42.92673, -78.74277), (42.92671, -78.74091)]
(64, 52)[(42.9798, -78.85723), (42.97982, -78.85856), (42.98079, -78.85857), (42.98071, -78.82304), (42.97937, -78.79902), (42.98302, -78.79541), (42.98209, -78.78995), (42.97815, -78.7829), (42.96928, -78.77125), (42.9673, -78.76914), (42.9648, -78.76768), (42.95816, -78.76651), (42.94772, -78.76587), (42.9436, -78.76652), (42.93204, -78.76643), (42.93098, -78.76729), (42.93116, -78.76838), (42.93234, -78.76811), (42.93247, -78.76556), (42.93012, -78.75996), (42.92984, -78.74588), (42.92832, -78.74203), (42.92752, -78.74197), (42.92718, -78.74294), (42.92507, -78.74212), (42.92374, -78.74132), (42.9243, -78.7401)]
(64, 53)[(42.9798, -78.85723), (42.97982, -78.85856), (42.98079, -78.85857), (42.98071, -78.82304), (42.97937, -78.79902), (42.98305, -78.79473), (42.98209, -78.78995), (42.97887, -78.78401), (42.96641, -78.76853), (42.94772, -78.76587), (42.88558, -78.76785), (42.88225, -78.76937), (42.87978, -78.77253), (42.87627, -78.78589), (42.8737, -78.78929), (42.8657, -78.79191), (42.85362, -78.79102), (42.85103, -78.7928), (42.84994, -78.79169), (42.84906, -78.78363), (42.84399, -78.77182), (42.84334, -78.75891), (42.84186, -78.75419), (42.83349, -78.75375), (42.83233, -78.76082), (42.83163, -78.76085)]
(64, 54)[(42.9798, -78.85723), (42.97982, -78.85856), (42.98079, -78.85857), (42.98071, -78.82304), (42.97937, -78.79902), (42.98302, -78.79541), (42.98209, -78.78995), (42.97815, -78.7829), (42.96928, -78.77125), (42.9673, -78.76914), (42.9648, -78.76768), (42.95816, -78.76651), (42.94772, -78.76587), (42.9436, -78.76652), (42.93204, -78.76643), (42.93105, -78.76715), (42.93109, -78.7683), (42.93234, -78.76811), (42.93244, -78.76519), (42.93012, -78.75996), (42.93002, -78.74696), (42.92857, -78.74242), (42.92776, -78.74184), (42.92718, -78.74294), (42.92408, -78.74157), (42.90965, -78.73003), (42.9087, -78.7191), (42.90938, -78.71293), (42.91354, -78.71284), (42.91354, -78.71334)]
(64, 55)[(42.9798, -78.85723), (42.97982, -78.85856), (42.98079, -78.85857), (42.98071, -78.82304), (42.97937, -78.79902), (42.98302, -78.79541), (42.98209, -78.78995), (42.97815, -78.7829), (42.96928, -78.77125), (42.9673, -78.76914), (42.9648, -78.76768), (42.95816, -78.76651), (42.94772, -78.76587), (42.9436, -78.76652), (42.93204, -78.76643), (42.93105, -78.76715), (42.93109, -78.7683), (42.93234, -78.76811), (42.93244, -78.76519), (42.93012, -78.75996), (42.93002, -78.74696), (42.92857, -78.74242), (42.92776, -78.74184), (42.92718, -78.74294), (42.92408, -78.74157), (42.90965, -78.73003), (42.90881, -78.72279), (42.90876, -78.71709), (42.90956, -78.7118), (42.9108, -78.71177)]
(64, 56)[(42.9798, -78.85723), (42.97982, -78.85856), (42.98079, -78.85857), (42.98071, -78.82304), (42.97937, -78.79902), (42.98302, -78.79541), (42.98234, -78.79071), (42.97815, -78.7829), (42.9673, -78.76914), (42.96353, -78.76733), (42.95187, -78.76609), (42.95019, -78.76464), (42.94987, -78.76175), (42.95146, -78.75889), (42.95198, -78.7546), (42.95191, -78.74358), (42.95062, -78.73236), (42.95067, -78.70763), (42.95016, -78.70496), (42.94836, -78.70334), (42.9478, -78.70201), (42.94705, -78.69956), (42.94701, -78.69694), (42.91373, -78.69692), (42.91374, -78.69967)]
(64, 57)[(42.9798, -78.85723), (42.97982, -78.85856), (42.98079, -78.85857), (42.98071, -78.82304), (42.97937, -78.79902), (42.98302, -78.79541), (42.98234, -78.79071), (42.97815, -78.7829), (42.9673, -78.76914), (42.96353, -78.76733), (42.95187, -78.76609), (42.95019, -78.76464), (42.94987, -78.76175), (42.95146, -78.75889), (42.95198, -78.7546), (42.95191, -78.74358), (42.95062, -78.73236), (42.95067, -78.70763), (42.95016, -78.70496), (42.94836, -78.70334), (42.9478, -78.70201), (42.94705, -78.69956), (42.94701, -78.69694), (42.91387, -78.69692), (42.91387, -78.69585), (42.91446, -78.69585)]
(64, 58)[(42.9798, -78.85723), (42.97982, -78.85856), (42.98079, -78.85857), (42.98071, -78.82304), (42.97937, -78.79902), (42.98305, -78.79473), (42.98209, -78.78995), (42.97887, -78.78401), (42.96872, -78.77053), (42.96353, -78.76733), (42.94772, -78.76587), (42.89289, -78.76746), (42.88402, -78.7689), (42.88376, -78.75859), (42.88474, -78.75453), (42.87805, -78.75319), (42.86617, -78.75431), (42.86829, -78.74836), (42.86781, -78.72388), (42.86594, -78.72389)]
(64, 59)[(42.9798, -78.85723), (42.97982, -78.85856), (42.98079, -78.85857), (42.98071, -78.82304), (42.97937, -78.79902), (42.98305, -78.79473), (42.98209, -78.78995), (42.97887, -78.78401), (42.96872, -78.77053), (42.96353, -78.76733), (42.94772, -78.76587), (42.89289, -78.76746), (42.88402, -78.7689), (42.88376, -78.75859), (42.88474, -78.75453), (42.87805, -78.75319), (42.86617, -78.75431), (42.86829, -78.74836), (42.86783, -78.71446), (42.86685, -78.71471)]
(64, 60)[(42.9798, -78.85723), (42.97982, -78.85856), (42.98079, -78.85857), (42.98071, -78.82304), (42.97937, -78.79902), (42.98302, -78.79541), (42.98234, -78.79071), (42.97815, -78.7829), (42.9673, -78.76914), (42.96353, -78.76733), (42.95187, -78.76609), (42.95019, -78.76464), (42.94987, -78.76175), (42.95146, -78.75889), (42.95198, -78.7546), (42.95062, -78.73236), (42.95067, -78.70763), (42.95016, -78.70496), (42.9478, -78.70201), (42.94701, -78.69694), (42.90383, -78.69691), (42.90383, -78.69143), (42.90153, -78.68747), (42.8926, -78.68796)]
(64, 61)[(42.9798, -78.85723), (42.97982, -78.85856), (42.98079, -78.85857), (42.98071, -78.82304), (42.97937, -78.79902), (42.98302, -78.79541), (42.98234, -78.79071), (42.97815, -78.7829), (42.9673, -78.76914), (42.96353, -78.76733), (42.95187, -78.76609), (42.95019, -78.76464), (42.94987, -78.76175), (42.95146, -78.75889), (42.95198, -78.7546), (42.95062, -78.73236), (42.95067, -78.70763), (42.95016, -78.70496), (42.9478, -78.70201), (42.94701, -78.69694), (42.93426, -78.69693), (42.93262, -78.68354), (42.93326, -78.67722), (42.93058, -78.67627), (42.92742, -78.67248), (42.91162, -78.67213), (42.90035, -78.6704), (42.89967, -78.6675), (42.89347, -78.66825), (42.89351, -78.66945)]
(64, 62)[(42.9798, -78.85723), (42.97982, -78.85856), (42.98079, -78.85857), (42.98071, -78.82304), (42.97937, -78.79902), (42.98302, -78.79541), (42.98234, -78.79071), (42.97815, -78.7829), (42.9673, -78.76914), (42.96353, -78.76733), (42.95187, -78.76609), (42.95019, -78.76464), (42.94987, -78.76175), (42.95146, -78.75889), (42.95198, -78.7546), (42.95062, -78.73236), (42.95067, -78.70763), (42.95016, -78.70496), (42.9478, -78.70201), (42.94701, -78.69694), (42.93426, -78.69693), (42.93262, -78.68354), (42.93326, -78.67722), (42.93058, -78.67627), (42.92742, -78.67248), (42.91162, -78.67213), (42.90035, -78.6704), (42.89967, -78.6675), (42.89009, -78.66824)]
(65, 0)[(42.91419, -78.86822), (42.91404, -78.86725), (42.92061, -78.86518), (42.92057, -78.86693), (42.92084, -78.8679), (42.92594, -78.87368), (42.93138, -78.87378), (42.93209, -78.8744), (42.933, -78.8746), (42.93339, -78.87703), (42.93588, -78.87822), (42.93591, -78.88014), (42.93684, -78.88173), (42.93733, -78.88359), (42.93736, -78.88662), (42.93769, -78.88875), (42.93746, -78.88938), (42.93824, -78.88989), (42.93605, -78.89616), (42.9361, -78.89867), (42.93864, -78.89812), (42.94969, -78.90381), (42.95379, -78.89998), (42.95341, -78.89921)]
(65, 1)[(42.91419, -78.86822), (42.91404, -78.86725), (42.92061, -78.86518), (42.92087, -78.86761), (42.92768, -78.86773), (42.929, -78.86573), (42.93232, -78.86493), (42.93691, -78.86722), (42.99453, -78.87434), (42.99583, -78.86236), (42.99837, -78.85202), (43.01086, -78.86279), (43.02096, -78.86097), (43.0348, -78.86192), (43.03869, -78.86427), (43.03778, -78.86866), (43.043, -78.8706), (43.04277, -78.87178)]
(65, 2)[(42.91419, -78.86822), (42.91404, -78.86725), (42.92061, -78.86518), (42.92087, -78.86761), (42.92768, -78.86773), (42.929, -78.86573), (42.93232, -78.86493), (42.93691, -78.86722), (42.99453, -78.87434), (42.99583, -78.86236), (42.99837, -78.85202), (43.01086, -78.86279), (43.02069, -78.86098), (43.03084, -78.86086), (43.03869, -78.86427), (43.03778, -78.86866), (43.04168, -78.86896)]
(65, 3)[(42.91419, -78.86822), (42.91404, -78.86725), (42.92061, -78.86518), (42.92087, -78.86761), (42.92768, -78.86773), (42.929, -78.86573), (42.93232, -78.86493), (42.93691, -78.86722), (43.00135, -78.87525), (43.005, -78.8744), (43.00484, -78.86994)]
(65, 4)[(42.91419, -78.86822), (42.91404, -78.86725), (42.92061, -78.86518), (42.92084, -78.8679), (42.92594, -78.87368), (42.93138, -78.87378), (42.933, -78.8746), (42.93339, -78.87703), (42.93779, -78.87857), (42.97151, -78.87873), (42.97194, -78.87806)]
(65, 5)[(42.91419, -78.86822), (42.91404, -78.86725), (42.92061, -78.86518), (42.92087, -78.86761), (42.92768, -78.86773), (42.929, -78.86573), (42.93215, -78.86492), (42.93691, -78.86722), (42.96282, -78.87004), (42.97206, -78.86606), (42.97405, -78.86593), (42.97412, -78.86754)]
(65, 6)[(42.91419, -78.86822), (42.91404, -78.86725), (42.92061, -78.86518), (42.92087, -78.86761), (42.92768, -78.86773), (42.929, -78.86573), (42.93215, -78.86492), (42.93691, -78.86722), (42.94779, -78.8685), (42.96282, -78.87004), (42.96595, -78.86842)]
(65, 7)[(42.91419, -78.86822), (42.91404, -78.86725), (42.92061, -78.86518), (42.92059, -78.86706), (42.92111, -78.86764), (42.92781, -78.8677), (42.929, -78.86573), (42.93215, -78.86492), (42.93534, -78.86626), (42.9395, -78.8604), (42.94047, -78.86027), (42.94123, -78.85564), (42.94812, -78.85904), (42.96375, -78.8583), (42.98079, -78.85857), (42.98079, -78.85575), (42.98099, -78.85827)]
(65, 8)[(42.91419, -78.86822), (42.91404, -78.86725), (42.92061, -78.86518), (42.92059, -78.86706), (42.92111, -78.86764), (42.92781, -78.8677), (42.929, -78.86573), (42.93215, -78.86492), (42.93534, -78.86626), (42.9395, -78.8604), (42.94047, -78.86027), (42.94123, -78.85564), (42.94812, -78.85904), (42.96375, -78.8583), (42.97883, -78.85854), (42.97883, -78.85449)]
(65, 9)[(42.91419, -78.86822), (42.91404, -78.86725), (42.92061, -78.86518), (42.92059, -78.86706), (42.92111, -78.86764), (42.92781, -78.8677), (42.929, -78.86573), (42.93215, -78.86492), (42.93534, -78.86626), (42.9395, -78.8604), (42.94047, -78.86027), (42.94123, -78.85564), (42.94812, -78.85904), (42.96375, -78.8583), (42.98079, -78.85857), (42.98081, -78.85048), (42.98133, -78.85058)]
(65, 10)[(42.91419, -78.86822), (42.91404, -78.86725), (42.92061, -78.86518), (42.92087, -78.86761), (42.92768, -78.86773), (42.929, -78.86573), (42.93215, -78.86492), (42.93691, -78.86722), (42.96282, -78.87004), (42.96475, -78.8689), (42.96475, -78.86788)]
(65, 11)[(42.91419, -78.86822), (42.91404, -78.86725), (42.92061, -78.86518), (42.92087, -78.86761), (42.92768, -78.86773), (42.929, -78.86573), (42.93215, -78.86492), (42.93691, -78.86722), (42.9587, -78.86962), (42.95868, -78.86158), (42.9644, -78.86156)]
(65, 12)[(42.91419, -78.86822), (42.91404, -78.86725), (42.92061, -78.86518), (42.92059, -78.86706), (42.92111, -78.86764), (42.92781, -78.8677), (42.929, -78.86573), (42.93215, -78.86492), (42.93534, -78.86626), (42.9395, -78.8604), (42.94047, -78.86027), (42.94123, -78.85564), (42.94774, -78.859), (42.96471, -78.85829), (42.96563, -78.85833), (42.96563, -78.85964)]
(65, 13)[(42.91419, -78.86822), (42.91404, -78.86725), (42.91537, -78.86682), (42.91539, -78.86918), (42.91127, -78.87033), (42.90891, -78.87108), (42.90897, -78.88198), (42.90685, -78.88193), (42.90686, -78.88161)]
(65, 14)[(42.91419, -78.86822), (42.91404, -78.86725), (42.91537, -78.86682), (42.91539, -78.86918), (42.90985, -78.87077), (42.90988, -78.87439), (42.90946, -78.87445)]
(65, 15)[(42.91419, -78.86822), (42.91404, -78.86725), (42.91537, -78.86682), (42.91533, -78.86232), (42.90156, -78.86261), (42.8913, -78.86596), (42.89167, -78.86503), (42.89076, -78.86466)]
(65, 16)[(42.91419, -78.86822), (42.91404, -78.86725), (42.91537, -78.86682), (42.91533, -78.86232), (42.90156, -78.86261), (42.8913, -78.86596), (42.89167, -78.86503), (42.88774, -78.86333), (42.88765, -78.86375)]
(65, 17)[(42.91419, -78.86822), (42.91404, -78.86725), (42.91537, -78.86682), (42.91539, -78.86918), (42.89581, -78.87513), (42.89646, -78.87879), (42.892, -78.88735), (42.88911, -78.88889), (42.88188, -78.88149), (42.87963, -78.87838), (42.87724, -78.87243), (42.87542, -78.86296), (42.8736, -78.85909), (42.87209, -78.85021), (42.87048, -78.84454), (42.86942, -78.84454), (42.86931, -78.84572), (42.86713, -78.84645), (42.86603, -78.84764), (42.86022, -78.83866), (42.85809, -78.83218), (42.85347, -78.83224), (42.85347, -78.8315)]
(65, 18)[(42.91419, -78.86822), (42.91404, -78.86725), (42.91537, -78.86682), (42.91539, -78.86918), (42.89581, -78.87513), (42.89646, -78.87879), (42.892, -78.88735), (42.88911, -78.88889), (42.88025, -78.8794), (42.87724, -78.87243), (42.87542, -78.86296), (42.87347, -78.8586), (42.86747, -78.82852), (42.86633, -78.82713), (42.86513, -78.82744), (42.86473, -78.82529), (42.86026, -78.82563), (42.85621, -78.8236), (42.85213, -78.82333)]
(65, 19)[(42.91419, -78.86822), (42.91404, -78.86725), (42.91537, -78.86682), (42.91535, -78.86445), (42.95398, -78.82275), (42.95816, -78.82382), (43.01243, -78.82228), (43.01242, -78.81706), (43.00696, -78.81543), (43.00497, -78.81302), (43.00636, -78.81374), (43.00687, -78.8127)]
(65, 20)[(42.91419, -78.86822), (42.91404, -78.86725), (42.91537, -78.86682), (42.91535, -78.86445), (42.95398, -78.82275), (42.95816, -78.82382), (43.01243, -78.82228), (43.01196, -78.812), (43.00958, -78.80942)]
(65, 21)[(42.91419, -78.86822), (42.91404, -78.86725), (42.91537, -78.86682), (42.91535, -78.86445), (42.95737, -78.81898), (42.95976, -78.81316), (42.98603, -78.81428), (42.98964, -78.80488), (42.99862, -78.79869), (43.00429, -78.79862), (43.00461, -78.80476), (43.00268, -78.80484), (43.00279, -78.80591)]
(65, 22)[(42.91419, -78.86822), (42.91404, -78.86725), (42.91537, -78.86682), (42.91535, -78.86445), (42.95737, -78.81898), (42.95976, -78.81316), (42.96008, -78.81391), (42.96304, -78.81387), (42.96613, -78.8111), (42.96544, -78.81004), (42.96576, -78.80977)]
(65, 23)[(42.91419, -78.86822), (42.91404, -78.86725), (42.91537, -78.86682), (42.91535, -78.86445), (42.95737, -78.81898), (42.96337, -78.80394), (42.96957, -78.80414)]
(65, 24)[(42.91419, -78.86822), (42.91404, -78.86725), (42.91537, -78.86682), (42.91535, -78.86445), (42.92221, -78.85727), (42.92193, -78.84281), (42.92343, -78.84257), (42.92552, -78.84007), (42.92721, -78.83772), (42.92887, -78.83423), (42.92974, -78.83005), (42.92981, -78.82149), (42.93135, -78.81587), (42.93138, -78.81365), (42.94344, -78.81366), (42.94353, -78.81611)]
(65, 25)[(42.91419, -78.86822), (42.91404, -78.86725), (42.91537, -78.86682), (42.91535, -78.86445), (42.92221, -78.85727), (42.92193, -78.84281), (42.92343, -78.84257), (42.92552, -78.84007), (42.92721, -78.83772), (42.92887, -78.83423), (42.92974, -78.83005), (42.92981, -78.82149), (42.93135, -78.81587), (42.93138, -78.81365), (42.94898, -78.81371), (42.94938, -78.81286), (42.94967, -78.81106), (42.95142, -78.81049), (42.95173, -78.8084)]
(65, 26)[(42.91419, -78.86822), (42.91404, -78.86725), (42.91537, -78.86682), (42.91535, -78.86445), (42.92221, -78.85727), (42.92193, -78.84281), (42.923, -78.84282), (42.92374, -78.84225), (42.92721, -78.83772), (42.92874, -78.83462), (42.92943, -78.83231), (42.92974, -78.83005), (42.92981, -78.82149), (42.9326, -78.81308), (42.93285, -78.81044), (42.93839, -78.81043), (42.93909, -78.81089), (42.94217, -78.80331), (42.94952, -78.80342), (42.95044, -78.80389), (42.95273, -78.80388), (42.95279, -78.79727), (42.9521, -78.79726)]
(65, 27)[(42.91419, -78.86822), (42.91404, -78.86725), (42.91537, -78.86682), (42.91535, -78.86445), (42.92221, -78.85727), (42.92193, -78.84281), (42.923, -78.84282), (42.92374, -78.84225), (42.92721, -78.83772), (42.92874, -78.83462), (42.92943, -78.83231), (42.92974, -78.83005), (42.92981, -78.82149), (42.9326, -78.81308), (42.93285, -78.81044), (42.93839, -78.81043), (42.93909, -78.81089), (42.94508, -78.79621), (42.94596, -78.79683), (42.94674, -78.79491), (42.94746, -78.79543), (42.94794, -78.79458), (42.94881, -78.79453), (42.94882, -78.79488)]
(65, 28)[(42.91419, -78.86822), (42.91404, -78.86725), (42.91537, -78.86682), (42.91535, -78.86445), (42.92221, -78.85727), (42.92176, -78.83411), (42.92258, -78.82429), (42.92271, -78.8072)]
(65, 29)[(42.91419, -78.86822), (42.91404, -78.86725), (42.91537, -78.86682), (42.91535, -78.86445), (42.92221, -78.85727), (42.92176, -78.83411), (42.92258, -78.82429), (42.92274, -78.80493), (42.92065, -78.80495)]
(65, 30)[(42.91419, -78.86822), (42.91404, -78.86725), (42.91537, -78.86682), (42.91527, -78.85511), (42.91474, -78.85285), (42.91446, -78.82536), (42.91468, -78.81374), (42.88639, -78.8142), (42.88638, -78.81326)]
(65, 31)[(42.91419, -78.86822), (42.91404, -78.86725), (42.91537, -78.86682), (42.91527, -78.85511), (42.91474, -78.85285), (42.91446, -78.82536), (42.91468, -78.81374), (42.89138, -78.81413), (42.89133, -78.80956), (42.88736, -78.80964), (42.88732, -78.80438)]
(65, 32)[(42.91419, -78.86822), (42.91404, -78.86725), (42.91537, -78.86682), (42.91527, -78.85511), (42.91474, -78.85285), (42.91446, -78.82536), (42.91468, -78.81374), (42.8922, -78.81412), (42.89216, -78.80954), (42.89245, -78.80954), (42.8924, -78.80116), (42.89114, -78.79998), (42.88821, -78.80002)]
(65, 33)[(42.91419, -78.86822), (42.91404, -78.86725), (42.91537, -78.86682), (42.91539, -78.86918), (42.88708, -78.87795), (42.88523, -78.88019), (42.87574, -78.87806), (42.86946, -78.87875), (42.85227, -78.86365), (42.82774, -78.85092), (42.82574, -78.82704), (42.8283, -78.80936), (42.81924, -78.81016), (42.81899, -78.80919)]
(65, 34)[(42.91419, -78.86822), (42.91404, -78.86725), (42.91537, -78.86682), (42.91539, -78.86918), (42.88708, -78.87795), (42.88523, -78.88019), (42.87574, -78.87806), (42.86946, -78.87875), (42.85227, -78.86365), (42.82774, -78.85092), (42.82574, -78.82704), (42.8283, -78.80936), (42.81924, -78.81016), (42.81668, -78.80745), (42.81654, -78.80444), (42.81561, -78.80441)]
(65, 35)[(42.91419, -78.86822), (42.91404, -78.86725), (42.91537, -78.86682), (42.91535, -78.86445), (42.95737, -78.81898), (42.95976, -78.81316), (42.96343, -78.81352), (42.98486, -78.79391), (42.98538, -78.79266), (42.98426, -78.79142), (42.98573, -78.7951), (42.99672, -78.80527), (43.00195, -78.80282), (43.01175, -78.80239), (43.01746, -78.79922), (43.02262, -78.79232), (43.02509, -78.78222), (43.02157, -78.783), (43.02244, -78.78143)]
(65, 36)[(42.91419, -78.86822), (42.91404, -78.86725), (42.91537, -78.86682), (42.91535, -78.86445), (42.95737, -78.81898), (42.95976, -78.81316), (42.96304, -78.81387), (42.98746, -78.79152), (42.99579, -78.78604), (42.99686, -78.78372), (42.99706, -78.77723), (42.99845, -78.77472), (43.00434, -78.77224), (43.008, -78.77363), (43.0107, -78.77881), (43.01254, -78.77891), (43.01637, -78.78225), (43.01982, -78.78277), (43.01939, -78.77964)]
(65, 37)[(42.91419, -78.86822), (42.91404, -78.86725), (42.91537, -78.86682), (42.91535, -78.86445), (42.95737, -78.81898), (42.95976, -78.81316), (42.96304, -78.81387), (42.98746, -78.79152), (42.99579, -78.78604), (42.99686, -78.78372), (42.99706, -78.77723), (42.99823, -78.77491), (43.00344, -78.77215), (43.00836, -78.77354), (43.01594, -78.76808), (43.02319, -78.76784), (43.02318, -78.77085)]
(65, 38)[(42.91419, -78.86822), (42.91404, -78.86725), (42.91537, -78.86682), (42.91535, -78.86445), (42.95737, -78.81898), (42.95976, -78.81316), (42.96304, -78.81387), (42.98746, -78.79152), (42.99579, -78.78604), (42.99686, -78.78372), (42.99706, -78.77723), (42.99823, -78.77491), (43.00344, -78.77215), (43.00836, -78.77354), (43.01594, -78.76808), (43.02218, -78.76787)]
(65, 39)[(42.91419, -78.86822), (42.91404, -78.86725), (42.91537, -78.86682), (42.91535, -78.86445), (42.95737, -78.81898), (42.95976, -78.81316), (42.96304, -78.81387), (42.98746, -78.79152), (42.99579, -78.78604), (42.99686, -78.78372), (42.99706, -78.77723), (42.99823, -78.77491), (43.00344, -78.77215), (43.00836, -78.77354), (43.01518, -78.76851), (43.0178, -78.76802), (43.01777, -78.7699), (43.01556, -78.77144)]
(65, 40)[(42.91419, -78.86822), (42.91404, -78.86725), (42.91537, -78.86682), (42.91535, -78.86445), (42.95737, -78.81898), (42.95976, -78.81316), (42.96008, -78.81391), (42.96304, -78.81387), (42.99127, -78.78778), (42.99139, -78.77706), (42.98949, -78.77742)]
(65, 41)[(42.91419, -78.86822), (42.91404, -78.86725), (42.91537, -78.86682), (42.91535, -78.86445), (42.95737, -78.81898), (42.95976, -78.81316), (42.96008, -78.81391), (42.96304, -78.81387), (42.99127, -78.78778), (42.99149, -78.77068)]
(65, 42)[(42.91419, -78.86822), (42.91404, -78.86725), (42.91537, -78.86682), (42.91535, -78.86445), (42.92221, -78.85727), (42.92193, -78.84281), (42.92343, -78.84257), (42.92672, -78.83846), (42.92943, -78.83231), (42.92981, -78.82149), (42.93306, -78.81082), (42.93268, -78.78413), (42.94959, -78.78396), (42.94964, -78.77353), (42.95055, -78.77239), (42.95143, -78.77239), (42.95167, -78.7713), (42.95286, -78.77119)]
(65, 43)[(42.91419, -78.86822), (42.91404, -78.86725), (42.91537, -78.86682), (42.91535, -78.86445), (42.92221, -78.85727), (42.92193, -78.84281), (42.92374, -78.84225), (42.92721, -78.83772), (42.92874, -78.83462), (42.92974, -78.83005), (42.92981, -78.82149), (42.93306, -78.81082), (42.93268, -78.78413), (42.92218, -78.78423), (42.92452, -78.77487), (42.92455, -78.77274), (42.92155, -78.77277)]
(65, 44)[(42.91419, -78.86822), (42.91404, -78.86725), (42.91537, -78.86682), (42.91535, -78.86445), (42.92221, -78.85727), (42.92193, -78.84281), (42.92374, -78.84225), (42.92721, -78.83772), (42.92874, -78.83462), (42.92974, -78.83005), (42.92981, -78.82149), (42.93304, -78.81111), (42.93268, -78.78413), (42.92218, -78.78423), (42.92452, -78.77483), (42.92464, -78.76847)]
(65, 45)[(42.91419, -78.86822), (42.91404, -78.86725), (42.91537, -78.86682), (42.91535, -78.86445), (42.92221, -78.85727), (42.92193, -78.84281), (42.92374, -78.84225), (42.92721, -78.83772), (42.92874, -78.83462), (42.92974, -78.83005), (42.92981, -78.82149), (42.93304, -78.81111), (42.93309, -78.79827), (42.93257, -78.7923), (42.93293, -78.77477), (42.93247, -78.76556), (42.93022, -78.76045), (42.92993, -78.75412), (42.92707, -78.75414), (42.92569, -78.76114), (42.92307, -78.76109)]
(65, 46)[(42.91419, -78.86822), (42.91404, -78.86725), (42.91537, -78.86682), (42.91535, -78.86445), (42.92221, -78.85727), (42.92193, -78.84281), (42.92343, -78.84257), (42.92672, -78.83846), (42.92943, -78.83231), (42.92981, -78.82149), (42.93306, -78.81082), (42.93309, -78.79827), (42.93257, -78.7923), (42.93293, -78.77477), (42.93244, -78.76519), (42.93022, -78.76045), (42.92993, -78.75412), (42.9115, -78.75425), (42.91148, -78.74996)]
(65, 47)[(42.91419, -78.86822), (42.91404, -78.86725), (42.91537, -78.86682), (42.91535, -78.86445), (42.92221, -78.85727), (42.92193, -78.84281), (42.92374, -78.84225), (42.92721, -78.83772), (42.92874, -78.83462), (42.92974, -78.83005), (42.92981, -78.82149), (42.93306, -78.81082), (42.93309, -78.79827), (42.93257, -78.7923), (42.93293, -78.77477), (42.93244, -78.76519), (42.93022, -78.76045), (42.92993, -78.75412), (42.92246, -78.75415), (42.92245, -78.75006)]
(65, 48)[(42.91419, -78.86822), (42.91404, -78.86725), (42.91537, -78.86682), (42.91535, -78.86445), (42.92221, -78.85727), (42.92193, -78.84281), (42.92374, -78.84225), (42.92721, -78.83772), (42.92874, -78.83462), (42.92974, -78.83005), (42.92981, -78.82149), (42.93304, -78.81111), (42.93309, -78.79827), (42.93257, -78.7923), (42.93293, -78.77477), (42.93244, -78.76519), (42.93022, -78.76045), (42.92993, -78.75412), (42.92419, -78.75415), (42.92418, -78.75009)]
(65, 49)[(42.91419, -78.86822), (42.91404, -78.86725), (42.91537, -78.86682), (42.91535, -78.86445), (42.92221, -78.85727), (42.92193, -78.84281), (42.92374, -78.84225), (42.92721, -78.83772), (42.92874, -78.83462), (42.92974, -78.83005), (42.92981, -78.82149), (42.93304, -78.81111), (42.93309, -78.79827), (42.93257, -78.7923), (42.93293, -78.77477), (42.93244, -78.76519), (42.93022, -78.76045), (42.92993, -78.75412), (42.92707, -78.75414), (42.92825, -78.74819), (42.92613, -78.74742)]
(65, 50)[(42.91419, -78.86822), (42.91404, -78.86725), (42.91537, -78.86682), (42.91535, -78.86445), (42.92221, -78.85727), (42.92193, -78.84281), (42.92374, -78.84225), (42.92721, -78.83772), (42.92874, -78.83462), (42.92974, -78.83005), (42.92981, -78.82149), (42.93304, -78.81111), (42.93309, -78.79827), (42.93257, -78.7923), (42.93293, -78.77477), (42.93244, -78.76519), (42.93012, -78.75996), (42.92971, -78.74541), (42.92821, -78.74192), (42.92752, -78.74197), (42.92718, -78.74294), (42.92536, -78.74258)]
(65, 51)[(42.91419, -78.86822), (42.91404, -78.86725), (42.91537, -78.86682), (42.91535, -78.86445), (42.92221, -78.85727), (42.92193, -78.84281), (42.92374, -78.84225), (42.92721, -78.83772), (42.92874, -78.83462), (42.92974, -78.83005), (42.92981, -78.82149), (42.93304, -78.81111), (42.93309, -78.79827), (42.93257, -78.7923), (42.93293, -78.77477), (42.93244, -78.76519), (42.93012, -78.75996), (42.9299, -78.74614), (42.92832, -78.74203), (42.92763, -78.74189), (42.92718, -78.74294), (42.92673, -78.74277), (42.92671, -78.74091)]
(65, 52)[(42.91419, -78.86822), (42.91404, -78.86725), (42.91537, -78.86682), (42.91535, -78.86445), (42.92221, -78.85727), (42.92193, -78.84281), (42.92374, -78.84225), (42.92721, -78.83772), (42.92874, -78.83462), (42.92974, -78.83005), (42.92981, -78.82149), (42.93304, -78.81111), (42.93309, -78.79827), (42.93257, -78.7923), (42.93293, -78.77477), (42.93244, -78.76519), (42.93012, -78.75996), (42.93008, -78.74792), (42.92963, -78.74518), (42.92821, -78.74192), (42.92752, -78.74197), (42.92718, -78.74294), (42.92507, -78.74212), (42.92374, -78.74132), (42.9243, -78.7401)]
(65, 53)[(42.91419, -78.86822), (42.91404, -78.86725), (42.91537, -78.86682), (42.91539, -78.86918), (42.89581, -78.87513), (42.89646, -78.87879), (42.892, -78.88735), (42.88978, -78.88897), (42.88025, -78.8794), (42.87724, -78.87243), (42.87542, -78.86296), (42.87347, -78.8586), (42.86797, -78.82986), (42.86653, -78.82726), (42.86513, -78.82744), (42.86404, -78.82139), (42.84638, -78.79923), (42.84326, -78.79081), (42.83565, -78.78844), (42.83143, -78.77768), (42.82959, -78.77628), (42.82973, -78.7609), (42.83163, -78.76085)]
(65, 54)[(42.91419, -78.86822), (42.91404, -78.86725), (42.91537, -78.86682), (42.91535, -78.86445), (42.92221, -78.85727), (42.92193, -78.84281), (42.92343, -78.84257), (42.92602, -78.8394), (42.92815, -78.83599), (42.92926, -78.83298), (42.92974, -78.83005), (42.92981, -78.82149), (42.93304, -78.81111), (42.93309, -78.799), (42.93257, -78.7923), (42.93295, -78.77714), (42.93247, -78.76556), (42.93012, -78.75996), (42.9299, -78.74614), (42.92821, -78.74192), (42.92752, -78.74197), (42.92718, -78.74294), (42.92408, -78.74157), (42.90965, -78.73003), (42.9087, -78.7191), (42.90938, -78.71293), (42.91354, -78.71284), (42.91354, -78.71334)]
(65, 55)[(42.91419, -78.86822), (42.91404, -78.86725), (42.91537, -78.86682), (42.91535, -78.86445), (42.92221, -78.85727), (42.92193, -78.84281), (42.92343, -78.84257), (42.92672, -78.83846), (42.92943, -78.83231), (42.92981, -78.82149), (42.93306, -78.81082), (42.93309, -78.79827), (42.93257, -78.7923), (42.93293, -78.77477), (42.93237, -78.76478), (42.93009, -78.75966), (42.92998, -78.7466), (42.92857, -78.74242), (42.92776, -78.74184), (42.92718, -78.74294), (42.92408, -78.74157), (42.90965, -78.73003), (42.90881, -78.72279), (42.90876, -78.71709), (42.90956, -78.7118), (42.9108, -78.71177)]
(65, 56)[(42.91419, -78.86822), (42.91404, -78.86725), (42.91537, -78.86682), (42.91535, -78.86445), (42.92221, -78.85727), (42.92193, -78.84281), (42.92343, -78.84257), (42.92602, -78.8394), (42.92815, -78.83599), (42.92926, -78.83298), (42.92974, -78.83005), (42.92981, -78.82149), (42.93304, -78.81111), (42.93309, -78.799), (42.93257, -78.7923), (42.93295, -78.77714), (42.93247, -78.76556), (42.93012, -78.75996), (42.93008, -78.74792), (42.92963, -78.74518), (42.92821, -78.74192), (42.92752, -78.74197), (42.92718, -78.74294), (42.92408, -78.74157), (42.90965, -78.73003), (42.90881, -78.72279), (42.90893, -78.7158), (42.9107, -78.70461), (42.91374, -78.69967)]
(65, 57)[(42.91419, -78.86822), (42.91404, -78.86725), (42.91537, -78.86682), (42.91535, -78.86445), (42.92221, -78.85727), (42.92193, -78.84281), (42.92374, -78.84225), (42.92721, -78.83772), (42.92874, -78.83462), (42.92974, -78.83005), (42.92981, -78.82149), (42.9328, -78.81241), (42.93308, -78.81006), (42.93309, -78.79827), (42.93257, -78.7923), (42.93293, -78.77477), (42.93247, -78.76556), (42.93012, -78.75996), (42.92971, -78.74541), (42.92821, -78.74192), (42.92752, -78.74197), (42.92718, -78.74294), (42.92408, -78.74157), (42.90965, -78.73003), (42.90881, -78.72279), (42.90893, -78.7158), (42.91208, -78.69584), (42.91446, -78.69585)]
(65, 58)[(42.91419, -78.86822), (42.91404, -78.86725), (42.91537, -78.86682), (42.91535, -78.86445), (42.92221, -78.85727), (42.92193, -78.84281), (42.92343, -78.84257), (42.92672, -78.83846), (42.92943, -78.83231), (42.92981, -78.82149), (42.93306, -78.81082), (42.93309, -78.79827), (42.93257, -78.7923), (42.93293, -78.77477), (42.93235, -78.76906), (42.92852, -78.7664), (42.92104, -78.76631), (42.88767, -78.76773), (42.88402, -78.7689), (42.88376, -78.75859), (42.88505, -78.75514), (42.88474, -78.75453), (42.87805, -78.75319), (42.86617, -78.75431), (42.86829, -78.74836), (42.86781, -78.72388), (42.86594, -78.72389)]
(65, 59)[(42.91419, -78.86822), (42.91404, -78.86725), (42.91537, -78.86682), (42.91535, -78.86445), (42.92221, -78.85727), (42.92193, -78.84281), (42.92343, -78.84257), (42.92672, -78.83846), (42.92943, -78.83231), (42.92981, -78.82149), (42.93306, -78.81082), (42.93309, -78.79827), (42.93257, -78.7923), (42.93293, -78.77477), (42.93235, -78.76906), (42.92852, -78.7664), (42.92104, -78.76631), (42.88767, -78.76773), (42.88402, -78.7689), (42.88376, -78.75859), (42.88505, -78.75514), (42.88474, -78.75453), (42.87805, -78.75319), (42.86617, -78.75431), (42.86829, -78.74836), (42.86783, -78.71446), (42.86685, -78.71471)]
(65, 60)[(42.91419, -78.86822), (42.91404, -78.86725), (42.91537, -78.86682), (42.91535, -78.86445), (42.92221, -78.85727), (42.92193, -78.84281), (42.92343, -78.84257), (42.92672, -78.83846), (42.92943, -78.83231), (42.92981, -78.82149), (42.93306, -78.81082), (42.93244, -78.76519), (42.93012, -78.75996), (42.93002, -78.74696), (42.92832, -78.74203), (42.92718, -78.74294), (42.92426, -78.74168), (42.90873, -78.72915), (42.90513, -78.72808), (42.90414, -78.72229), (42.90441, -78.71476), (42.90159, -78.70731), (42.9019, -78.69691), (42.89238, -78.69694), (42.8926, -78.68796)]
(65, 61)[(42.91419, -78.86822), (42.91404, -78.86725), (42.91537, -78.86682), (42.91535, -78.86445), (42.92221, -78.85727), (42.92193, -78.84281), (42.92343, -78.84257), (42.92672, -78.83846), (42.92943, -78.83231), (42.92981, -78.82149), (42.93306, -78.81082), (42.93244, -78.76519), (42.93012, -78.75996), (42.93002, -78.74696), (42.92832, -78.74203), (42.92718, -78.74294), (42.92426, -78.74168), (42.90873, -78.72915), (42.90513, -78.72808), (42.90414, -78.72229), (42.90441, -78.71476), (42.90159, -78.70731), (42.90146, -78.68424), (42.89968, -78.67397), (42.89518, -78.6756), (42.89443, -78.66995), (42.89351, -78.66945)]
(65, 62)[(42.91419, -78.86822), (42.91404, -78.86725), (42.91537, -78.86682), (42.91535, -78.86445), (42.92221, -78.85727), (42.92193, -78.84281), (42.92343, -78.84257), (42.92672, -78.83846), (42.92943, -78.83231), (42.92981, -78.82149), (42.93306, -78.81082), (42.93244, -78.76519), (42.93012, -78.75996), (42.93002, -78.74696), (42.92832, -78.74203), (42.92718, -78.74294), (42.92426, -78.74168), (42.90873, -78.72915), (42.90513, -78.72808), (42.90414, -78.72229), (42.90441, -78.71476), (42.90159, -78.70731), (42.90104, -78.68177), (42.89291, -78.68186), (42.89255, -78.66823), (42.89009, -78.66824)]
