(41, 0)[(42.97761, -78.80065), (42.97951, -78.79889), (42.98087, -78.82304), (42.98098, -78.88539), (42.96093, -78.88887), (42.96158, -78.894), (42.95996, -78.89425), (42.95379, -78.89998), (42.95341, -78.89921)]
(41, 1)[(42.97761, -78.80065), (42.98513, -78.79359), (42.98533, -78.79249), (42.9844, -78.79136), (42.98401, -78.79252), (42.98573, -78.7951), (42.99592, -78.80475), (42.99724, -78.80538), (43.00157, -78.80289), (43.00894, -78.8029), (43.01341, -78.80182), (43.01791, -78.79878), (43.01888, -78.79713), (43.01805, -78.79614), (43.01749, -78.79686), (43.01748, -78.79899), (43.03229, -78.79943), (43.03228, -78.79413), (43.03179, -78.7927), (43.03228, -78.79202), (43.03338, -78.79214)]
(41, 2)[(42.97761, -78.80065), (42.97937, -78.79902), (42.9782, -78.7767), (42.97811, -78.76787), (42.97476, -78.76449), (42.97286, -78.76184), (42.96821, -78.7593), (42.96561, -78.75638), (42.96105, -78.75549), (42.96544, -78.72877)]
(41, 3)[(42.97761, -78.80065), (42.97951, -78.79889), (42.98087, -78.82304), (42.98101, -78.87865), (42.98966, -78.87867), (42.98964, -78.87976), (42.98997, -78.87946), (42.9907, -78.87958)]
(41, 4)[(42.97761, -78.80065), (42.96304, -78.81387), (42.93053, -78.81365), (42.93054, -78.81651)]
(41, 5)[(42.97761, -78.80065), (42.97951, -78.79889), (42.98087, -78.82551), (42.98597, -78.83255), (42.99107, -78.84039), (42.99112, -78.84878), (42.98984, -78.84878)]
(41, 6)[(42.97761, -78.80065), (42.98513, -78.79359), (42.98538, -78.79266), (42.98467, -78.7914), (42.98426, -78.79142), (42.98396, -78.79202), (42.98468, -78.79375), (42.9868, -78.79621), (42.99074, -78.79948), (42.99259, -78.80143), (43.00202, -78.81395), (43.0036, -78.81792), (43.00419, -78.82101), (43.00432, -78.82343), (43.00383, -78.8275), (43.00203, -78.83294), (43.00136, -78.83642), (43.00115, -78.83902), (43.00105, -78.85117), (43.00064, -78.85326), (43.00274, -78.85494), (43.0105, -78.86265), (43.01268, -78.86289), (43.015, -78.86223), (43.01481, -78.86042), (43.01386, -78.86046)]
(41, 7)[(42.97761, -78.80065), (42.96304, -78.81387), (42.9331, -78.81365), (42.93016, -78.82049), (42.92917, -78.8338), (42.92681, -78.83859), (42.92278, -78.84327), (42.90898, -78.84349), (42.90369, -78.84637), (42.90373, -78.84463), (42.88334, -78.84404), (42.88335, -78.84088)]
(41, 8)[(42.97761, -78.80065), (42.98867, -78.79054), (42.98905, -78.792), (42.98972, -78.79246), (42.99308, -78.79219), (42.99444, -78.79079), (42.99587, -78.79071), (42.99608, -78.79285), (42.99689, -78.79494), (42.99795, -78.79609), (42.9995, -78.79662), (43.00312, -78.7964), (43.00417, -78.7959), (43.00494, -78.79442), (43.00527, -78.79096), (43.00546, -78.79086), (43.00549, -78.7928), (43.0051, -78.79615), (43.00803, -78.80138), (43.00819, -78.8022), (43.00804, -78.80313), (43.00757, -78.80385), (43.00693, -78.80417), (43.00464, -78.80377), (43.0018, -78.80407), (43.00022, -78.80518), (42.99914, -78.80694)]
(41, 9)[(42.97761, -78.80065), (42.98513, -78.79359), (42.98538, -78.79266), (42.98452, -78.79134), (42.98401, -78.79252), (42.98573, -78.7951), (42.99714, -78.80537), (43.00157, -78.80289), (43.00894, -78.8029), (43.01341, -78.80182), (43.01791, -78.79878), (43.01888, -78.79713), (43.01805, -78.79614), (43.01749, -78.79686), (43.01748, -78.79899), (43.0347, -78.79958), (43.03469, -78.79741), (43.03632, -78.79745), (43.03639, -78.79669)]
(41, 10)[(42.97761, -78.80065), (42.98933, -78.79001), (42.99073, -78.78811), (42.99127, -78.78778), (42.99148, -78.77121), (42.9933, -78.77128), (42.99432, -78.77167), (42.99469, -78.77133), (42.9946, -78.77022), (42.99687, -78.77067), (42.9985, -78.7703), (42.99963, -78.76882)]
(41, 11)[(42.97761, -78.80065), (42.97178, -78.80609), (42.96915, -78.80392), (42.94232, -78.80336), (42.93806, -78.79903), (42.92279, -78.79877), (42.92278, -78.79263), (42.92487, -78.79197)]
(41, 12)[(42.97761, -78.80065), (42.98933, -78.79001), (42.99073, -78.78811), (42.99127, -78.78778), (42.99149, -78.77062), (42.99113, -78.76604), (42.99103, -78.75794), (42.99114, -78.73951), (43.00137, -78.73946), (43.00718, -78.73879), (43.00714, -78.73647)]
(41, 13)[(42.97761, -78.80065), (42.96304, -78.81387), (42.9331, -78.81365), (42.93016, -78.82049), (42.92917, -78.8338), (42.92681, -78.83859), (42.92278, -78.84327), (42.90898, -78.84349), (42.90369, -78.84637), (42.90368, -78.8393), (42.89723, -78.83926), (42.89724, -78.83716), (42.89652, -78.83716)]
(41, 14)[(42.97761, -78.80065), (42.98244, -78.79622), (42.98308, -78.79497), (42.98209, -78.78995), (42.97711, -78.78146), (42.96872, -78.77053), (42.96641, -78.76853), (42.96353, -78.76733), (42.95153, -78.766), (42.94992, -78.76385), (42.94987, -78.76175), (42.95146, -78.75889), (42.95198, -78.7546), (42.95191, -78.74358), (42.95062, -78.73236), (42.95067, -78.70763), (42.95016, -78.70496), (42.94823, -78.7031), (42.94696, -78.69871), (42.94701, -78.69694), (42.95137, -78.69686), (42.95165, -78.69567)]
(41, 15)[(42.97761, -78.80065), (42.98513, -78.79359), (42.98538, -78.79266), (42.98467, -78.7914), (42.98396, -78.79202), (42.98468, -78.79375), (42.99223, -78.80102), (43.00148, -78.8131), (43.0036, -78.81792), (43.00432, -78.82343), (43.00383, -78.8275), (43.00136, -78.83642), (43.00105, -78.85117), (43.00064, -78.85326), (43.00903, -78.86132), (43.01018, -78.86182), (43.01171, -78.8612), (43.01206, -78.86364), (43.01149, -78.86588), (43.01902, -78.87367), (43.01943, -78.87505), (43.02453, -78.87669), (43.02522, -78.87458)]
(41, 16)[(42.97761, -78.80065), (42.98302, -78.79541), (42.98229, -78.79051), (42.97815, -78.7829), (42.9673, -78.76914), (42.96353, -78.76733), (42.94772, -78.76587), (42.9436, -78.76652), (42.93204, -78.76643), (42.93105, -78.76715), (42.93109, -78.7683), (42.93234, -78.76811), (42.93247, -78.76556), (42.93012, -78.75996), (42.92998, -78.7466), (42.92832, -78.74203), (42.92752, -78.74197), (42.92718, -78.74294), (42.92613, -78.74252), (42.92614, -78.73913), (42.92698, -78.73916)]
(41, 17)[(42.97761, -78.80065), (42.97178, -78.80609), (42.96915, -78.80392), (42.94232, -78.80336), (42.93806, -78.79903), (42.92279, -78.79877), (42.92278, -78.79476), (42.92631, -78.79471), (42.92617, -78.79265)]
(41, 18)[(42.97761, -78.80065), (42.98302, -78.79541), (42.98209, -78.78995), (42.97815, -78.7829), (42.96928, -78.77125), (42.9648, -78.76768), (42.94772, -78.76587), (42.91683, -78.7664), (42.90858, -78.76682), (42.90757, -78.7679), (42.90803, -78.76935), (42.9091, -78.76884), (42.90895, -78.76316), (42.90705, -78.7544), (42.90273, -78.75437), (42.90381, -78.75584), (42.90291, -78.76343), (42.90086, -78.7627)]
(41, 19)[(42.97761, -78.80065), (42.96304, -78.81387), (42.9331, -78.81365), (42.93016, -78.82049), (42.92917, -78.8338), (42.92294, -78.84319), (42.90756, -78.84388), (42.90077, -78.84807), (42.89781, -78.85397), (42.88332, -78.85392), (42.88334, -78.85052)]
(41, 20)[(42.97761, -78.80065), (42.97951, -78.79889), (42.98079, -78.82104), (42.98087, -78.82551), (42.9834, -78.82922), (42.98597, -78.83255), (42.98962, -78.83791), (42.98907, -78.8385), (42.98862, -78.83851)]
(41, 21)[(42.97761, -78.80065), (42.98302, -78.79541), (42.98229, -78.79051), (42.97815, -78.7829), (42.9673, -78.76914), (42.96353, -78.76733), (42.94772, -78.76587), (42.9436, -78.76652), (42.93204, -78.76643), (42.93105, -78.76715), (42.93102, -78.76821), (42.93234, -78.76811), (42.93244, -78.76519), (42.93012, -78.75996), (42.93002, -78.74696), (42.92857, -78.74242), (42.92776, -78.74184), (42.92718, -78.74294), (42.92408, -78.74157), (42.90965, -78.73003), (42.9087, -78.7191), (42.90938, -78.71293), (42.91354, -78.71284), (42.91353, -78.71185)]
(41, 22)[(42.97761, -78.80065), (42.98244, -78.79622), (42.98308, -78.79497), (42.98209, -78.78995), (42.97711, -78.78146), (42.96872, -78.77053), (42.96641, -78.76853), (42.96353, -78.76733), (42.95187, -78.76609), (42.95003, -78.76421), (42.94987, -78.76175), (42.95146, -78.75889), (42.95198, -78.7546), (42.95191, -78.74358), (42.95062, -78.73236), (42.95067, -78.70763), (42.95016, -78.70496), (42.94836, -78.70334), (42.9478, -78.70201), (42.94705, -78.69956), (42.94701, -78.69694), (42.93426, -78.69693), (42.93268, -78.68216), (42.92064, -78.68213), (42.92182, -78.67658), (42.92246, -78.67655)]
(41, 23)[(42.97761, -78.80065), (42.97178, -78.80609), (42.96304, -78.81387), (42.95945, -78.81391), (42.95855, -78.81626), (42.9586, -78.81418)]
(41, 24)[(42.97761, -78.80065), (42.98302, -78.79541), (42.98209, -78.78995), (42.97815, -78.7829), (42.96928, -78.77125), (42.9648, -78.76768), (42.94772, -78.76587), (42.89289, -78.76746), (42.88402, -78.7689), (42.88376, -78.75859), (42.88505, -78.75514), (42.88236, -78.75406), (42.88155, -78.73487), (42.88307, -78.73372), (42.88586, -78.73563), (42.88782, -78.73346)]
(41, 25)[(42.97761, -78.80065), (42.97937, -78.79902), (42.9782, -78.7767), (42.97802, -78.76004), (42.97867, -78.75367), (42.97855, -78.73789), (42.97844, -78.7289), (42.97769, -78.72286), (42.97818, -78.69878), (42.97622, -78.69829), (42.97586, -78.69703), (42.97434, -78.69696), (42.97434, -78.69623), (42.97333, -78.69578), (42.97186, -78.69598)]
(41, 26)[(42.97761, -78.80065), (42.98244, -78.79622), (42.98308, -78.79497), (42.98209, -78.78995), (42.97711, -78.78146), (42.96872, -78.77053), (42.96641, -78.76853), (42.96353, -78.76733), (42.95187, -78.76609), (42.95003, -78.76421), (42.94987, -78.76175), (42.95146, -78.75889), (42.95198, -78.7546), (42.95191, -78.74358), (42.95062, -78.73236), (42.95067, -78.70763), (42.95016, -78.70496), (42.94836, -78.70334), (42.9478, -78.70201), (42.94705, -78.69956), (42.94701, -78.69694), (42.90383, -78.69691), (42.90383, -78.69313), (42.90328, -78.69313), (42.90319, -78.69239)]
(41, 27)[(42.97761, -78.80065), (42.97951, -78.79889), (42.98087, -78.82304), (42.98076, -78.83753), (42.98099, -78.8586), (42.97439, -78.85839), (42.97441, -78.86214)]
(41, 28)[(42.97761, -78.80065), (42.97951, -78.79889), (42.98087, -78.82304), (42.98097, -78.87238), (42.99129, -78.87378), (42.99207, -78.87181)]
(41, 29)[(42.97761, -78.80065), (42.96304, -78.81387), (42.9331, -78.81365), (42.93016, -78.82049), (42.92917, -78.8338), (42.92294, -78.84319), (42.90898, -78.84349), (42.90369, -78.84637), (42.90373, -78.84463), (42.89637, -78.84459)]
(41, 30)[(42.97761, -78.80065), (42.98244, -78.79622), (42.98308, -78.79497), (42.98209, -78.78995), (42.97711, -78.78146), (42.96872, -78.77053), (42.96641, -78.76853), (42.96353, -78.76733), (42.95187, -78.76609), (42.95003, -78.76421), (42.94987, -78.76175), (42.95146, -78.75889), (42.95198, -78.7546), (42.95191, -78.74358), (42.95062, -78.73236), (42.95067, -78.70763), (42.95016, -78.70496), (42.94836, -78.70334), (42.94724, -78.70031), (42.94701, -78.69576)]
(41, 31)[(42.97761, -78.80065), (42.97951, -78.79889), (42.98087, -78.82551), (42.98597, -78.83255), (42.99107, -78.84039), (42.99108, -78.85935)]
(41, 32)[(42.97761, -78.80065), (42.97937, -78.79902), (42.97852, -78.78381), (42.9501, -78.78401), (42.94985, -78.7841), (42.94675, -78.79208), (42.94623, -78.79166)]
(41, 33)[(42.97761, -78.80065), (42.96304, -78.81387), (42.9331, -78.81365), (42.92681, -78.83859), (42.92253, -78.84337), (42.90898, -78.84349), (42.90126, -78.8476), (42.89279, -78.86745), (42.88878, -78.87228), (42.88314, -78.87412), (42.88395, -78.87982), (42.86946, -78.87875), (42.85227, -78.86365), (42.81237, -78.8454), (42.81114, -78.84241)]
(41, 34)[(42.97761, -78.80065), (42.98302, -78.79541), (42.98209, -78.78995), (42.97815, -78.7829), (42.96872, -78.77053), (42.96425, -78.76751), (42.94772, -78.76587), (42.88726, -78.76781), (42.88402, -78.7689), (42.88435, -78.7846), (42.87505, -78.78484), (42.87145, -78.78732), (42.87079, -78.7824), (42.86818, -78.77611), (42.8639, -78.77005), (42.86439, -78.76936)]
(41, 35)[(42.97761, -78.80065), (42.98308, -78.79516), (42.98209, -78.78995), (42.97887, -78.78401), (42.9673, -78.76914), (42.9564, -78.76638), (42.91945, -78.76633), (42.88488, -78.76801), (42.87978, -78.77253), (42.87627, -78.78589), (42.8737, -78.78929), (42.8657, -78.79191), (42.85383, -78.79099), (42.85085, -78.79277), (42.84994, -78.79169), (42.84906, -78.78363), (42.84399, -78.77182), (42.84334, -78.75891), (42.84186, -78.75419), (42.83199, -78.75368), (42.83223, -78.75007)]
(41, 36)[(42.97761, -78.80065), (42.98302, -78.79541), (42.98209, -78.78995), (42.96872, -78.77053), (42.96353, -78.76733), (42.88558, -78.76785), (42.87978, -78.77253), (42.8737, -78.78929), (42.8512, -78.7928), (42.84859, -78.78298), (42.84122, -78.78565), (42.83641, -78.77497), (42.82463, -78.77471), (42.81509, -78.76614), (42.81425, -78.77168)]
(41, 37)[(42.97761, -78.80065), (42.98302, -78.79541), (42.98209, -78.78995), (42.97815, -78.7829), (42.96928, -78.77125), (42.9648, -78.76768), (42.94772, -78.76587), (42.89289, -78.76746), (42.88402, -78.7689), (42.88376, -78.75859), (42.88505, -78.75514), (42.88236, -78.75406), (42.88011, -78.70905), (42.8744, -78.70831)]
(41, 38)[(42.97761, -78.80065), (42.98302, -78.79541), (42.98209, -78.78995), (42.97815, -78.7829), (42.96872, -78.77053), (42.96425, -78.76751), (42.94772, -78.76587), (42.88558, -78.76785), (42.88225, -78.76937), (42.87978, -78.77253), (42.87627, -78.78589), (42.8737, -78.78929), (42.8657, -78.79191), (42.85362, -78.79102), (42.85103, -78.7928), (42.84994, -78.79169), (42.84906, -78.78363), (42.84399, -78.77182), (42.84334, -78.75891), (42.84186, -78.75419), (42.83031, -78.75358), (42.8297, -78.7613), (42.82782, -78.76188)]
(41, 39)[(42.97761, -78.80065), (42.98302, -78.79541), (42.98209, -78.78995), (42.97815, -78.7829), (42.96928, -78.77125), (42.9648, -78.76768), (42.94772, -78.76587), (42.89289, -78.76746), (42.88402, -78.7689), (42.88376, -78.75859), (42.88474, -78.75453), (42.87805, -78.75319), (42.85517, -78.75465), (42.85818, -78.71451), (42.86007, -78.71449)]
(41, 40)[(42.97761, -78.80065), (42.98302, -78.79541), (42.98209, -78.78995), (42.97815, -78.7829), (42.96928, -78.77125), (42.9648, -78.76768), (42.94772, -78.76587), (42.88558, -78.76785), (42.8815, -78.77012), (42.87878, -78.77523), (42.87647, -78.7859), (42.87614, -78.80865), (42.87201, -78.81711), (42.87206, -78.81998), (42.8645, -78.82541), (42.85984, -78.82552), (42.85801, -78.82921)]
(42, 0)[(42.91536, -78.86511), (42.91536, -78.8655), (42.92065, -78.86384), (42.92057, -78.86693), (42.92084, -78.8679), (42.92588, -78.87363), (42.93138, -78.87378), (42.93209, -78.8744), (42.933, -78.8746), (42.93339, -78.87703), (42.93588, -78.87822), (42.93591, -78.88014), (42.93684, -78.88173), (42.93733, -78.88359), (42.93736, -78.88662), (42.93769, -78.88875), (42.93746, -78.88938), (42.93824, -78.88989), (42.93605, -78.89616), (42.9361, -78.89867), (42.93864, -78.89812), (42.94969, -78.90381), (42.95379, -78.89998), (42.95341, -78.89921)]
(42, 1)[(42.91536, -78.86511), (42.95737, -78.81898), (42.95976, -78.81316), (42.98603, -78.81428), (42.98956, -78.80498), (42.99795, -78.79897), (43.03229, -78.79943), (43.03179, -78.7927), (43.03338, -78.79214)]
(42, 2)[(42.91536, -78.86511), (42.91535, -78.86445), (42.92221, -78.85727), (42.92193, -78.84281), (42.92374, -78.84225), (42.92721, -78.83772), (42.92874, -78.83462), (42.92974, -78.83005), (42.92981, -78.82149), (42.93296, -78.81167), (42.93309, -78.79827), (42.93257, -78.7923), (42.93293, -78.77477), (42.93247, -78.76556), (42.93186, -78.76412), (42.93029, -78.76441), (42.93047, -78.76564), (42.93152, -78.76618), (42.94216, -78.76626), (42.94566, -78.76586), (42.94765, -78.76333), (42.94869, -78.76283), (42.95102, -78.76333), (42.95295, -78.76538), (42.95449, -78.76607), (42.95582, -78.76601), (42.95935, -78.76419), (42.96544, -78.72877)]
(42, 3)[(42.91536, -78.86511), (42.92065, -78.86384), (42.92084, -78.8679), (42.92588, -78.87363), (42.93138, -78.87378), (42.933, -78.8746), (42.93339, -78.87703), (42.93561, -78.87818), (42.98947, -78.87866), (42.98964, -78.87976), (42.9907, -78.87958)]
(42, 4)[(42.91536, -78.86511), (42.91535, -78.86445), (42.92221, -78.85727), (42.92193, -78.84281), (42.92343, -78.84257), (42.92552, -78.84007), (42.92721, -78.83772), (42.92887, -78.83423), (42.92974, -78.83005), (42.92975, -78.82239), (42.92995, -78.82001), (42.93055, -78.81843), (42.93054, -78.81651)]
(42, 5)[(42.91536, -78.86511), (42.91535, -78.86445), (42.93694, -78.84158), (42.94019, -78.84332), (42.94031, -78.84414), (42.96477, -78.84357), (42.97256, -78.85311), (42.98933, -78.85277), (42.98931, -78.84878), (42.98984, -78.84878)]
(42, 6)[(42.91536, -78.86511), (42.92065, -78.86384), (42.92081, -78.86758), (42.92768, -78.86773), (42.929, -78.86573), (42.93232, -78.86493), (42.93691, -78.86722), (42.99453, -78.87434), (42.99583, -78.86236), (42.99837, -78.85202), (43.0105, -78.86265), (43.015, -78.86223), (43.01481, -78.86042), (43.01386, -78.86046)]
(42, 7)[(42.91536, -78.86511), (42.91527, -78.85511), (42.91475, -78.85321), (42.91469, -78.84806), (42.90376, -78.84807), (42.90373, -78.84463), (42.89229, -78.84455), (42.89163, -78.84403), (42.88334, -78.84404), (42.88335, -78.84088)]
(42, 8)[(42.91536, -78.86511), (42.95737, -78.81898), (42.95976, -78.81316), (42.98603, -78.81428), (42.98964, -78.80488), (43.0, -78.79862), (42.99993, -78.79662), (43.00417, -78.7959), (43.00546, -78.79086), (43.0051, -78.79615), (43.00803, -78.80138), (43.00804, -78.80313), (43.00693, -78.80417), (43.0018, -78.80407), (42.99914, -78.80694)]
(42, 9)[(42.91536, -78.86511), (42.95737, -78.81898), (42.95976, -78.81316), (42.98603, -78.81428), (42.98956, -78.80498), (42.99853, -78.79872), (43.0347, -78.79958), (43.03469, -78.79741), (43.03639, -78.79669)]
(42, 10)[(42.91536, -78.86511), (42.95737, -78.81898), (42.95976, -78.81316), (42.96304, -78.81387), (42.98933, -78.79001), (42.99127, -78.78778), (42.99148, -78.77121), (42.99432, -78.77167), (42.9946, -78.77022), (42.9985, -78.7703), (42.99963, -78.76882)]
(42, 11)[(42.91536, -78.86511), (42.91535, -78.86445), (42.92221, -78.85727), (42.92193, -78.84281), (42.923, -78.84282), (42.92374, -78.84225), (42.92721, -78.83772), (42.92874, -78.83462), (42.92943, -78.83231), (42.92974, -78.83005), (42.92981, -78.82149), (42.93271, -78.81274), (42.93304, -78.81111), (42.93309, -78.79827), (42.93262, -78.79349), (42.9326, -78.78911), (42.92767, -78.79011), (42.92278, -78.79233), (42.92278, -78.79263), (42.92487, -78.79197)]
(42, 12)[(42.91536, -78.86511), (42.92221, -78.85727), (42.92193, -78.84281), (42.92374, -78.84225), (42.92874, -78.83462), (42.92981, -78.82149), (42.93296, -78.81167), (42.93247, -78.76556), (42.93186, -78.76412), (42.93034, -78.76432), (42.93152, -78.76618), (42.94216, -78.76626), (42.94566, -78.76586), (42.94869, -78.76283), (42.95449, -78.76607), (42.95935, -78.76419), (42.96395, -78.73803), (42.96877, -78.73941), (43.00137, -78.73946), (43.00718, -78.73879), (43.00714, -78.73647)]
(42, 13)[(42.91536, -78.86511), (42.91527, -78.85511), (42.91475, -78.85321), (42.91461, -78.83913), (42.9059, -78.83904), (42.90486, -78.83864), (42.90446, -78.83873), (42.90384, -78.83929), (42.89723, -78.83926), (42.89724, -78.83716), (42.89652, -78.83716)]
(42, 14)[(42.91536, -78.86511), (42.91535, -78.86445), (42.92221, -78.85727), (42.92193, -78.84281), (42.92374, -78.84225), (42.92721, -78.83772), (42.92874, -78.83462), (42.92974, -78.83005), (42.92981, -78.82149), (42.93304, -78.81111), (42.93309, -78.79827), (42.93257, -78.7923), (42.93293, -78.77477), (42.93247, -78.76556), (42.93012, -78.75996), (42.93002, -78.74696), (42.92836, -78.74068), (42.93012, -78.73848), (42.93502, -78.71406), (42.93697, -78.71039), (42.9369, -78.7033), (42.93794, -78.69693), (42.95137, -78.69686), (42.95165, -78.69567)]
(42, 15)[(42.91536, -78.86511), (42.92065, -78.86384), (42.92081, -78.86758), (42.92768, -78.86773), (42.929, -78.86573), (42.93232, -78.86493), (42.93691, -78.86722), (43.00135, -78.87525), (43.01248, -78.87214), (43.02453, -78.87669), (43.02522, -78.87458)]
(42, 16)[(42.91536, -78.86511), (42.91535, -78.86445), (42.92221, -78.85727), (42.92193, -78.84281), (42.92374, -78.84225), (42.92721, -78.83772), (42.92874, -78.83462), (42.92974, -78.83005), (42.92981, -78.82149), (42.93304, -78.81111), (42.93309, -78.79827), (42.93257, -78.7923), (42.93293, -78.77477), (42.93244, -78.76519), (42.93012, -78.75996), (42.92977, -78.74564), (42.92821, -78.74192), (42.92752, -78.74197), (42.92718, -78.74294), (42.92613, -78.74252), (42.92614, -78.73913), (42.92698, -78.73916)]
(42, 17)[(42.91536, -78.86511), (42.91535, -78.86445), (42.92221, -78.85727), (42.92176, -78.83411), (42.92258, -78.82429), (42.92278, -78.79476), (42.92631, -78.79471), (42.92617, -78.79265)]
(42, 18)[(42.91536, -78.86511), (42.91527, -78.85511), (42.91474, -78.85297), (42.91468, -78.81374), (42.89694, -78.81403), (42.89786, -78.80696), (42.89758, -78.80455), (42.89899, -78.79766), (42.90291, -78.76343), (42.9024, -78.7634), (42.9024, -78.76268), (42.90086, -78.7627)]
(42, 19)[(42.91536, -78.86511), (42.91527, -78.85511), (42.91495, -78.85399), (42.88332, -78.85392), (42.88334, -78.85052)]
(42, 20)[(42.91536, -78.86511), (42.91535, -78.86445), (42.95398, -78.82275), (42.95816, -78.82382), (42.97968, -78.82292), (42.98087, -78.82551), (42.98962, -78.83791), (42.98862, -78.83851)]
(42, 21)[(42.91536, -78.86511), (42.91535, -78.86445), (42.92221, -78.85727), (42.92193, -78.84281), (42.92343, -78.84257), (42.92672, -78.83846), (42.92943, -78.83231), (42.92981, -78.82149), (42.93306, -78.81082), (42.93309, -78.79827), (42.93257, -78.7923), (42.93293, -78.77477), (42.93237, -78.76478), (42.93009, -78.75966), (42.92998, -78.7466), (42.92857, -78.74242), (42.92776, -78.74184), (42.92718, -78.74294), (42.92408, -78.74157), (42.90965, -78.73003), (42.9087, -78.7191), (42.90938, -78.71293), (42.91354, -78.71284), (42.91353, -78.71185)]
(42, 22)[(42.91536, -78.86511), (42.92221, -78.85727), (42.92193, -78.84281), (42.92374, -78.84225), (42.92874, -78.83462), (42.92981, -78.82149), (42.93304, -78.81111), (42.93247, -78.76556), (42.93012, -78.75996), (42.93002, -78.74696), (42.92828, -78.74127), (42.93012, -78.73848), (42.93502, -78.71406), (42.93697, -78.71039), (42.93794, -78.69693), (42.93426, -78.69693), (42.93268, -78.68216), (42.92064, -78.68213), (42.92246, -78.67655)]
(42, 23)[(42.91536, -78.86511), (42.91535, -78.86445), (42.95737, -78.81898), (42.95855, -78.81626), (42.9586, -78.81418)]
(42, 24)[(42.91536, -78.86511), (42.91535, -78.86445), (42.92221, -78.85727), (42.92193, -78.84281), (42.92343, -78.84257), (42.92672, -78.83846), (42.92943, -78.83231), (42.92981, -78.82149), (42.93306, -78.81082), (42.93309, -78.79827), (42.93257, -78.7923), (42.93293, -78.77477), (42.93238, -78.76918), (42.9292, -78.76658), (42.9239, -78.76633), (42.88767, -78.76773), (42.88402, -78.7689), (42.88376, -78.75859), (42.88505, -78.75514), (42.88474, -78.75453), (42.88236, -78.75406), (42.88155, -78.73487), (42.88307, -78.73372), (42.88453, -78.73542), (42.88586, -78.73563), (42.88782, -78.73346)]
(42, 25)[(42.91536, -78.86511), (42.91535, -78.86445), (42.92221, -78.85727), (42.92193, -78.84281), (42.92374, -78.84225), (42.92721, -78.83772), (42.92874, -78.83462), (42.92974, -78.83005), (42.92981, -78.82149), (42.93304, -78.81111), (42.93309, -78.79827), (42.93257, -78.7923), (42.93293, -78.77477), (42.93247, -78.76556), (42.93012, -78.75996), (42.93002, -78.74696), (42.92828, -78.74127), (42.92862, -78.74011), (42.93012, -78.73848), (42.93502, -78.71406), (42.93697, -78.71039), (42.9369, -78.7033), (42.93794, -78.69693), (42.96878, -78.69676), (42.96916, -78.69596), (42.97186, -78.69598)]
(42, 26)[(42.91536, -78.86511), (42.91535, -78.86445), (42.92221, -78.85727), (42.92193, -78.84281), (42.92343, -78.84257), (42.92672, -78.83846), (42.92874, -78.83462), (42.92954, -78.83166), (42.92981, -78.82149), (42.93306, -78.81082), (42.93309, -78.79827), (42.93257, -78.7923), (42.93293, -78.77477), (42.93247, -78.76556), (42.93012, -78.75996), (42.93002, -78.74696), (42.92832, -78.74203), (42.92752, -78.74197), (42.92718, -78.74294), (42.92426, -78.74168), (42.91272, -78.73296), (42.90873, -78.72915), (42.90513, -78.72808), (42.90517, -78.72616), (42.90414, -78.72229), (42.90441, -78.71476), (42.90159, -78.70731), (42.9017, -78.69312), (42.90328, -78.69313), (42.90319, -78.69239)]
(42, 27)[(42.91536, -78.86511), (42.92065, -78.86384), (42.92081, -78.86758), (42.92768, -78.86773), (42.929, -78.86573), (42.93232, -78.86493), (42.93691, -78.86722), (42.96282, -78.87004), (42.97206, -78.86606), (42.97443, -78.8659), (42.97441, -78.86214)]
(42, 28)[(42.91536, -78.86511), (42.92065, -78.86384), (42.92081, -78.86758), (42.92768, -78.86773), (42.929, -78.86573), (42.93232, -78.86493), (42.93691, -78.86722), (42.99129, -78.87378), (42.99207, -78.87181)]
(42, 29)[(42.91536, -78.86511), (42.91527, -78.85511), (42.91475, -78.85321), (42.91469, -78.84806), (42.90376, -78.84807), (42.90373, -78.84463), (42.89637, -78.84459)]
(42, 30)[(42.91536, -78.86511), (42.91535, -78.86445), (42.92221, -78.85727), (42.92193, -78.84281), (42.92374, -78.84225), (42.92721, -78.83772), (42.92874, -78.83462), (42.92974, -78.83005), (42.92981, -78.82149), (42.93304, -78.81111), (42.93309, -78.79827), (42.93257, -78.7923), (42.93293, -78.77477), (42.93247, -78.76556), (42.93012, -78.75996), (42.93002, -78.74696), (42.92836, -78.74068), (42.93012, -78.73848), (42.93502, -78.71406), (42.93697, -78.71039), (42.9369, -78.7033), (42.93794, -78.69693), (42.94701, -78.69694), (42.94701, -78.69576)]
(42, 31)[(42.91536, -78.86511), (42.92065, -78.86384), (42.92081, -78.86758), (42.92768, -78.86773), (42.929, -78.86573), (42.93232, -78.86493), (42.93691, -78.86722), (42.99091, -78.87373), (42.99108, -78.85935)]
(42, 32)[(42.91536, -78.86511), (42.91535, -78.86445), (42.92221, -78.85727), (42.92193, -78.84281), (42.923, -78.84282), (42.92374, -78.84225), (42.92721, -78.83772), (42.92874, -78.83462), (42.92943, -78.83231), (42.92974, -78.83005), (42.92981, -78.82149), (42.9326, -78.81308), (42.93285, -78.81044), (42.93839, -78.81043), (42.93909, -78.81089), (42.94675, -78.79208), (42.94623, -78.79166)]
(42, 33)[(42.91536, -78.86511), (42.91539, -78.86918), (42.88708, -78.87795), (42.88523, -78.88019), (42.87574, -78.87806), (42.87006, -78.87902), (42.85227, -78.86365), (42.82696, -78.85036), (42.81237, -78.8454), (42.81114, -78.84241)]
(42, 34)[(42.91536, -78.86511), (42.91533, -78.86232), (42.90156, -78.86261), (42.8913, -78.86596), (42.89003, -78.86915), (42.88018, -78.87271), (42.87716, -78.87289), (42.87542, -78.86296), (42.87347, -78.8586), (42.86787, -78.82863), (42.86888, -78.82117), (42.87559, -78.81054), (42.87621, -78.80663), (42.87619, -78.80131), (42.87545, -78.7999), (42.87476, -78.8009), (42.87175, -78.80102), (42.87119, -78.784), (42.86818, -78.77611), (42.8639, -78.77005), (42.86439, -78.76936)]
(42, 35)[(42.91536, -78.86511), (42.91533, -78.86232), (42.90156, -78.86261), (42.8913, -78.86596), (42.89003, -78.86915), (42.87716, -78.87289), (42.86773, -78.82909), (42.86641, -78.82717), (42.86513, -78.82744), (42.86404, -78.82139), (42.8587, -78.81363), (42.84638, -78.79923), (42.83988, -78.78304), (42.83949, -78.75407), (42.83199, -78.75368), (42.83223, -78.75007)]
(42, 36)[(42.91536, -78.86511), (42.91533, -78.86232), (42.90156, -78.86261), (42.8913, -78.86596), (42.89003, -78.86915), (42.87729, -78.87304), (42.87542, -78.86296), (42.87347, -78.8586), (42.86797, -78.82986), (42.86653, -78.82726), (42.86513, -78.82744), (42.86404, -78.82139), (42.84638, -78.79923), (42.84326, -78.79081), (42.83565, -78.78844), (42.83095, -78.77703), (42.82341, -78.77403), (42.81509, -78.76614), (42.81425, -78.77168)]
(42, 37)[(42.91536, -78.86511), (42.91535, -78.86445), (42.92221, -78.85727), (42.92193, -78.84281), (42.92374, -78.84225), (42.92721, -78.83772), (42.92874, -78.83462), (42.92974, -78.83005), (42.92981, -78.82149), (42.93304, -78.81111), (42.93309, -78.79827), (42.93257, -78.7923), (42.93293, -78.77477), (42.93237, -78.76478), (42.93009, -78.75966), (42.92984, -78.74588), (42.92821, -78.74192), (42.92752, -78.74197), (42.92718, -78.74294), (42.92426, -78.74168), (42.91272, -78.73296), (42.90873, -78.72915), (42.90513, -78.72808), (42.90517, -78.72616), (42.90414, -78.72229), (42.90441, -78.71476), (42.9018, -78.70839), (42.90159, -78.70662), (42.89762, -78.70853), (42.88011, -78.70905), (42.8744, -78.70896), (42.8744, -78.70831)]
(42, 38)[(42.91536, -78.86511), (42.91533, -78.86232), (42.90156, -78.86261), (42.8913, -78.86596), (42.89003, -78.86915), (42.87722, -78.87298), (42.8676, -78.82878), (42.86641, -78.82717), (42.86513, -78.82744), (42.86404, -78.82139), (42.8587, -78.81363), (42.84638, -78.79923), (42.84326, -78.79081), (42.83565, -78.78844), (42.83143, -78.77768), (42.82959, -78.77628), (42.8297, -78.7613), (42.82782, -78.76188)]
(42, 39)[(42.91536, -78.86511), (42.91533, -78.86232), (42.90156, -78.86261), (42.8913, -78.86596), (42.89003, -78.86915), (42.88018, -78.87271), (42.87709, -78.87275), (42.87542, -78.86296), (42.87347, -78.8586), (42.86787, -78.82863), (42.86888, -78.82117), (42.87559, -78.81054), (42.87621, -78.80663), (42.87614, -78.80097), (42.87545, -78.7999), (42.87476, -78.8009), (42.87175, -78.80102), (42.87141, -78.7853), (42.87079, -78.7824), (42.86818, -78.77611), (42.85661, -78.75975), (42.85517, -78.75465), (42.85818, -78.71451), (42.86007, -78.71449)]
(42, 40)[(42.91536, -78.86511), (42.91533, -78.86232), (42.90156, -78.86261), (42.8913, -78.86596), (42.89003, -78.86915), (42.88018, -78.87271), (42.87729, -78.87304), (42.87542, -78.86296), (42.87347, -78.8586), (42.8676, -78.82878), (42.86641, -78.82717), (42.86513, -78.82744), (42.86473, -78.82529), (42.86345, -78.82581), (42.86137, -78.82531), (42.85984, -78.82552), (42.85898, -78.8284), (42.85801, -78.82921)]
(43, 0)[(42.92247, -78.75388), (42.93037, -78.75414), (42.93028, -78.75959), (42.93245, -78.76452), (42.93306, -78.77511), (42.93273, -78.79279), (42.9332, -78.79844), (42.93317, -78.81129), (42.93007, -78.82096), (42.92939, -78.83308), (42.92745, -78.8376), (42.92355, -78.84357), (42.92995, -78.85427), (42.93248, -78.85686), (42.93333, -78.85875), (42.93466, -78.87113), (42.93397, -78.87483), (42.93438, -78.87823), (42.93706, -78.88232), (42.93746, -78.88938), (42.93824, -78.88989), (42.93605, -78.89616), (42.9361, -78.89867), (42.93864, -78.89812), (42.94969, -78.90381), (42.95379, -78.89998), (42.95341, -78.89921)]
(43, 1)[(42.92247, -78.75388), (42.93037, -78.75414), (42.93073, -78.76127), (42.93587, -78.76601), (42.94488, -78.76612), (42.9489, -78.76281), (42.95396, -78.76595), (42.96664, -78.76835), (42.97824, -78.7826), (42.98573, -78.7951), (42.99672, -78.80527), (43.00157, -78.80289), (43.01341, -78.80182), (43.01791, -78.79878), (43.01888, -78.79713), (43.01805, -78.79614), (43.01748, -78.79899), (43.03229, -78.79943), (43.03179, -78.7927), (43.03338, -78.79214)]
(43, 2)[(42.92247, -78.75388), (42.94849, -78.75438), (42.95904, -78.75482), (42.96105, -78.75549), (42.96544, -78.72877)]
(43, 3)[(42.92247, -78.75388), (42.93037, -78.75414), (42.93073, -78.76127), (42.93587, -78.76601), (42.94488, -78.76612), (42.9489, -78.76281), (42.95396, -78.76595), (42.96363, -78.76709), (42.96752, -78.76899), (42.97824, -78.7826), (42.98437, -78.79335), (42.99259, -78.80143), (43.00202, -78.81395), (43.00392, -78.81929), (43.00419, -78.82561), (43.00141, -78.83605), (43.00062, -78.85131), (42.99602, -78.86271), (42.99558, -78.87578), (42.99609, -78.87719), (42.99698, -78.87635), (42.99682, -78.87486), (42.99323, -78.87417), (42.99412, -78.87881), (42.9907, -78.87958)]
(43, 4)[(42.92247, -78.75388), (42.92246, -78.75415), (42.93037, -78.75414), (42.93035, -78.76007), (42.93073, -78.76127), (42.93212, -78.76351), (42.93252, -78.76498), (42.93259, -78.76935), (42.93306, -78.77511), (42.93308, -78.78719), (42.93274, -78.79331), (42.93316, -78.79732), (42.9332, -78.80691), (42.93346, -78.81047), (42.93068, -78.81046), (42.93054, -78.81651)]
(43, 5)[(42.92247, -78.75388), (42.93037, -78.75414), (42.93073, -78.76127), (42.93587, -78.76601), (42.94488, -78.76612), (42.9489, -78.76281), (42.95396, -78.76595), (42.96363, -78.76709), (42.96752, -78.76899), (42.97824, -78.7826), (42.98468, -78.79375), (42.99223, -78.80102), (43.00102, -78.81241), (43.00338, -78.81718), (43.00432, -78.82343), (43.00135, -78.83655), (43.00092, -78.8524), (43.00057, -78.85344), (42.99837, -78.85202), (42.99115, -78.85278), (42.99112, -78.84878), (42.98984, -78.84878)]
(43, 6)[(42.92247, -78.75388), (42.93037, -78.75414), (42.93073, -78.76127), (42.93587, -78.76601), (42.94488, -78.76612), (42.9489, -78.76281), (42.95396, -78.76595), (42.96433, -78.76727), (42.96832, -78.76976), (42.97824, -78.7826), (42.98437, -78.79335), (42.99259, -78.80143), (43.00202, -78.81395), (43.00432, -78.82343), (43.00136, -78.83642), (43.00064, -78.85326), (43.0105, -78.86265), (43.015, -78.86223), (43.01481, -78.86042), (43.01386, -78.86046)]
(43, 7)[(42.92247, -78.75388), (42.92246, -78.75415), (42.90268, -78.75445), (42.90284, -78.7551), (42.90378, -78.75515), (42.90381, -78.75584), (42.89899, -78.79766), (42.89837, -78.80219), (42.89758, -78.80455), (42.89786, -78.80696), (42.89483, -78.8293), (42.88989, -78.83344), (42.88983, -78.83383), (42.88954, -78.83373), (42.88729, -78.83566), (42.88579, -78.83737), (42.88499, -78.83923), (42.88335, -78.83923), (42.88335, -78.84088)]
(43, 8)[(42.92247, -78.75388), (42.93037, -78.75414), (42.93073, -78.76127), (42.93587, -78.76601), (42.94488, -78.76612), (42.9489, -78.76281), (42.95396, -78.76595), (42.96664, -78.76835), (42.97824, -78.7826), (42.98573, -78.7951), (42.9965, -78.80518), (43.00157, -78.80289), (43.01341, -78.80182), (43.01791, -78.79878), (43.01888, -78.79713), (43.01805, -78.79614), (43.01748, -78.79899), (43.0195, -78.799), (43.01895, -78.80118), (43.01729, -78.80046), (43.01076, -78.80336), (43.00219, -78.80393), (42.99914, -78.80694)]
(43, 9)[(42.92247, -78.75388), (42.93037, -78.75414), (42.93073, -78.76127), (42.93587, -78.76601), (42.94488, -78.76612), (42.9489, -78.76281), (42.95396, -78.76595), (42.96664, -78.76835), (42.97824, -78.7826), (42.98573, -78.7951), (42.99672, -78.80527), (43.00157, -78.80289), (43.01341, -78.80182), (43.01791, -78.79878), (43.01888, -78.79713), (43.01805, -78.79614), (43.01748, -78.79899), (43.0347, -78.79958), (43.03469, -78.79741), (43.03639, -78.79669)]
(43, 10)[(42.92247, -78.75388), (42.95904, -78.75482), (42.96511, -78.75615), (42.96821, -78.7593), (42.97286, -78.76184), (42.97476, -78.76449), (42.97967, -78.76909), (42.98052, -78.76892), (42.98204, -78.76529), (42.98539, -78.76365), (42.98958, -78.7602), (42.99111, -78.75978), (42.99148, -78.77121), (42.99432, -78.77167), (42.9946, -78.77022), (42.9985, -78.7703), (42.99963, -78.76882)]
(43, 11)[(42.92247, -78.75388), (42.92246, -78.75415), (42.92707, -78.75414), (42.9253, -78.76299), (42.92495, -78.76541), (42.92456, -78.76937), (42.92452, -78.77483), (42.91984, -78.79365), (42.92278, -78.79233), (42.92278, -78.79263), (42.92433, -78.79193), (42.92435, -78.79206), (42.92487, -78.79197)]
(43, 12)[(42.92247, -78.75388), (42.96105, -78.75549), (42.96395, -78.73803), (42.96877, -78.73941), (43.00137, -78.73946), (43.00718, -78.73879), (43.00714, -78.73647)]
(43, 13)[(42.92247, -78.75388), (42.92246, -78.75415), (42.92707, -78.75414), (42.92495, -78.76541), (42.92456, -78.76937), (42.92452, -78.77483), (42.91848, -78.79915), (42.90959, -78.8213), (42.9034, -78.82106), (42.89882, -78.83554), (42.89723, -78.83554), (42.89724, -78.83716), (42.89652, -78.83716)]
(43, 14)[(42.92247, -78.75388), (42.92246, -78.75415), (42.92707, -78.75414), (42.93502, -78.71406), (42.93697, -78.71039), (42.9369, -78.7033), (42.93734, -78.69933), (42.93794, -78.69693), (42.95137, -78.69686), (42.95165, -78.69649), (42.95165, -78.69567)]
(43, 15)[(42.92247, -78.75388), (42.93037, -78.75414), (42.93073, -78.76127), (42.93587, -78.76601), (42.94488, -78.76612), (42.9489, -78.76281), (42.95396, -78.76595), (42.96433, -78.76727), (42.96832, -78.76976), (42.97824, -78.7826), (42.98437, -78.79335), (42.99259, -78.80143), (43.00296, -78.81592), (43.00428, -78.82445), (43.00141, -78.83605), (43.00064, -78.85326), (43.00903, -78.86132), (43.01171, -78.8612), (43.01149, -78.86588), (43.01943, -78.87505), (43.02453, -78.87669), (43.02522, -78.87458)]
(43, 16)[(42.92247, -78.75388), (42.92246, -78.75415), (42.92707, -78.75414), (42.92913, -78.74374), (42.92613, -78.74252), (42.92614, -78.73913), (42.92698, -78.73916)]
(43, 17)[(42.92247, -78.75388), (42.92246, -78.75415), (42.92707, -78.75414), (42.9253, -78.76299), (42.92495, -78.76541), (42.92456, -78.76937), (42.92452, -78.77483), (42.91984, -78.79365), (42.92278, -78.79233), (42.92278, -78.79476), (42.92631, -78.79471), (42.92635, -78.79381), (42.92617, -78.79265)]
(43, 18)[(42.92247, -78.75388), (42.92246, -78.75415), (42.90288, -78.7543), (42.90271, -78.75497), (42.90378, -78.75515), (42.90381, -78.75584), (42.90291, -78.76343), (42.9024, -78.7634), (42.9024, -78.76268), (42.90086, -78.7627)]
(43, 19)[(42.92247, -78.75388), (42.93037, -78.75414), (42.93035, -78.76007), (42.93256, -78.76532), (42.93306, -78.77511), (42.93273, -78.79279), (42.9332, -78.79844), (42.93321, -78.81081), (42.93007, -78.82096), (42.92979, -78.83077), (42.92884, -78.83476), (42.92681, -78.83859), (42.92304, -78.84314), (42.90756, -78.84388), (42.90077, -78.84807), (42.89874, -78.85123), (42.89781, -78.85397), (42.88332, -78.85392), (42.88334, -78.85052)]
(43, 20)[(42.92247, -78.75388), (42.93037, -78.75414), (42.93027, -78.75939), (42.93073, -78.76127), (42.93212, -78.76323), (42.93355, -78.76367), (42.93587, -78.76601), (42.94488, -78.76612), (42.9461, -78.76549), (42.94765, -78.76333), (42.9489, -78.76281), (42.95134, -78.76353), (42.95396, -78.76595), (42.96529, -78.76757), (42.96832, -78.76976), (42.97592, -78.77955), (42.97849, -78.7817), (42.98087, -78.82551), (42.98962, -78.83791), (42.98862, -78.83851)]
(43, 21)[(42.92247, -78.75388), (42.92246, -78.75415), (42.91885, -78.75418), (42.91877, -78.73756), (42.91272, -78.73296), (42.90965, -78.73003), (42.90957, -78.72851), (42.9089, -78.72385), (42.9087, -78.7191), (42.90876, -78.71709), (42.90938, -78.71293), (42.91354, -78.71284), (42.91353, -78.71185)]
(43, 22)[(42.92247, -78.75388), (42.92246, -78.75415), (42.91885, -78.75418), (42.91861, -78.69734), (42.91871, -78.69133), (42.91939, -78.68908), (42.92182, -78.67658), (42.92246, -78.67655)]
(43, 23)[(42.92247, -78.75388), (42.92246, -78.75415), (42.93037, -78.75414), (42.93035, -78.76007), (42.93073, -78.76127), (42.93212, -78.76351), (42.93256, -78.76532), (42.93259, -78.76935), (42.93306, -78.77511), (42.93308, -78.78719), (42.93274, -78.79331), (42.9335, -78.799), (42.93806, -78.79903), (42.94232, -78.80336), (42.94889, -78.80343), (42.94898, -78.81371), (42.95945, -78.81391), (42.95855, -78.81626), (42.9586, -78.81418)]
(43, 24)[(42.92247, -78.75388), (42.8852, -78.7546), (42.88236, -78.75406), (42.88155, -78.73487), (42.88307, -78.73372), (42.88453, -78.73542), (42.88586, -78.73563), (42.88782, -78.73346)]
(43, 25)[(42.92247, -78.75388), (42.92707, -78.75414), (42.93502, -78.71406), (42.93697, -78.71039), (42.9369, -78.7033), (42.93794, -78.69693), (42.96878, -78.69676), (42.96916, -78.69596), (42.97186, -78.69598)]
(43, 26)[(42.92247, -78.75388), (42.92246, -78.75415), (42.91885, -78.75418), (42.91877, -78.73756), (42.91272, -78.73296), (42.90873, -78.72915), (42.90513, -78.72808), (42.90517, -78.72616), (42.90414, -78.72229), (42.90441, -78.71476), (42.90183, -78.70848), (42.90159, -78.70731), (42.9019, -78.69691), (42.9017, -78.69312), (42.90328, -78.69313), (42.90319, -78.69239)]
(43, 27)[(42.92247, -78.75388), (42.93037, -78.75414), (42.93027, -78.75939), (42.93073, -78.76127), (42.93212, -78.76323), (42.93355, -78.76367), (42.93587, -78.76601), (42.94488, -78.76612), (42.9461, -78.76549), (42.94765, -78.76333), (42.9489, -78.76281), (42.95134, -78.76353), (42.95396, -78.76595), (42.96529, -78.76757), (42.96832, -78.76976), (42.97592, -78.77955), (42.97849, -78.7817), (42.98087, -78.82304), (42.98099, -78.8586), (42.97439, -78.85839), (42.97441, -78.86214)]
(43, 28)[(42.92247, -78.75388), (42.93037, -78.75414), (42.93073, -78.76127), (42.93587, -78.76601), (42.94488, -78.76612), (42.9489, -78.76281), (42.95396, -78.76595), (42.96363, -78.76709), (42.96752, -78.76899), (42.97824, -78.7826), (42.98437, -78.79335), (42.99259, -78.80143), (43.00202, -78.81395), (43.00392, -78.81929), (43.00419, -78.82561), (43.00141, -78.83605), (43.00062, -78.85131), (42.99602, -78.86271), (42.99558, -78.87578), (42.99683, -78.87688), (42.99682, -78.87486), (42.99129, -78.87378), (42.99207, -78.87181)]
(43, 29)[(42.92247, -78.75388), (42.93037, -78.75414), (42.93035, -78.76007), (42.93256, -78.76532), (42.93306, -78.77511), (42.93273, -78.79279), (42.9332, -78.79844), (42.93321, -78.81081), (42.93007, -78.82096), (42.92939, -78.83308), (42.92709, -78.83817), (42.92386, -78.84251), (42.92253, -78.84337), (42.90898, -78.84349), (42.90667, -78.84428), (42.90369, -78.84637), (42.90373, -78.84463), (42.89637, -78.84459)]
(43, 30)[(42.92247, -78.75388), (42.92246, -78.75415), (42.92707, -78.75414), (42.93502, -78.71406), (42.93697, -78.71039), (42.9369, -78.7033), (42.93734, -78.69933), (42.93794, -78.69693), (42.94701, -78.69694), (42.94701, -78.69576)]
(43, 31)[(42.92247, -78.75388), (42.93037, -78.75414), (42.93073, -78.76127), (42.93587, -78.76601), (42.94488, -78.76612), (42.9489, -78.76281), (42.95396, -78.76595), (42.96363, -78.76709), (42.96752, -78.76899), (42.97824, -78.7826), (42.98468, -78.79375), (42.99223, -78.80102), (43.00148, -78.8131), (43.0036, -78.81792), (43.00432, -78.82343), (43.00135, -78.83655), (43.00096, -78.85225), (43.00057, -78.85344), (42.99837, -78.85202), (42.99115, -78.85278), (42.99108, -78.85935)]
(43, 32)[(42.92247, -78.75388), (42.92246, -78.75415), (42.93037, -78.75414), (42.93035, -78.76007), (42.93073, -78.76127), (42.93212, -78.76351), (42.93252, -78.76498), (42.93331, -78.78413), (42.94447, -78.78413), (42.945, -78.78389), (42.94491, -78.79151), (42.94623, -78.79166)]
(43, 33)[(42.92247, -78.75388), (42.90721, -78.75439), (42.90903, -78.76231), (42.90928, -78.76903), (42.91089, -78.76933), (42.91145, -78.76772), (42.91007, -78.76676), (42.88641, -78.76777), (42.8827, -78.76902), (42.87941, -78.7733), (42.87612, -78.78625), (42.87325, -78.78953), (42.8657, -78.79191), (42.85798, -78.79212), (42.85146, -78.79027), (42.84427, -78.79285), (42.82836, -78.79308), (42.82833, -78.81322), (42.82601, -78.82142), (42.82574, -78.82704), (42.82754, -78.85162), (42.81237, -78.8454), (42.81114, -78.84241)]
(43, 34)[(42.92247, -78.75388), (42.8852, -78.7546), (42.87805, -78.75319), (42.87031, -78.75414), (42.85517, -78.75465), (42.85661, -78.75975), (42.8639, -78.77005), (42.86439, -78.76936)]
(43, 35)[(42.92247, -78.75388), (42.8852, -78.7546), (42.87805, -78.75319), (42.84687, -78.75441), (42.83199, -78.75368), (42.83223, -78.75007)]
(43, 36)[(42.92247, -78.75388), (42.8852, -78.7546), (42.87805, -78.75319), (42.85454, -78.75466), (42.81129, -78.75185), (42.81119, -78.76239), (42.81509, -78.76614), (42.81425, -78.77168)]
(43, 37)[(42.92247, -78.75388), (42.8852, -78.7546), (42.88236, -78.75406), (42.88147, -78.73249), (42.88017, -78.72114), (42.88011, -78.70905), (42.8744, -78.70896), (42.8744, -78.70831)]
(43, 38)[(42.92247, -78.75388), (42.8852, -78.7546), (42.87805, -78.75319), (42.85454, -78.75466), (42.83031, -78.75358), (42.8297, -78.7613), (42.82782, -78.76188)]
(43, 39)[(42.92247, -78.75388), (42.8852, -78.7546), (42.87805, -78.75319), (42.87031, -78.75414), (42.85517, -78.75465), (42.85818, -78.71451), (42.86007, -78.71449)]
(43, 40)[(42.92247, -78.75388), (42.90721, -78.75439), (42.90746, -78.7571), (42.90903, -78.76231), (42.90928, -78.76903), (42.91089, -78.76933), (42.91145, -78.76772), (42.91007, -78.76676), (42.89289, -78.76746), (42.88488, -78.76801), (42.8827, -78.76902), (42.881, -78.77071), (42.87894, -78.77466), (42.87647, -78.7859), (42.87637, -78.80632), (42.87552, -78.8112), (42.87201, -78.81711), (42.87206, -78.81998), (42.8645, -78.82541), (42.85984, -78.82552), (42.85898, -78.8284), (42.85801, -78.82921)]
(44, 0)[(42.97483, -78.85841), (42.98099, -78.8586), (42.98098, -78.88539), (42.96093, -78.88887), (42.96158, -78.894), (42.95996, -78.89425), (42.95379, -78.89998), (42.95341, -78.89921)]
(44, 1)[(42.97483, -78.85841), (42.98079, -78.8586), (42.9807, -78.82283), (42.9909, -78.82245), (42.99073, -78.8042), (42.9988, -78.79867), (43.03229, -78.79943), (43.03228, -78.79413), (43.03179, -78.7927), (43.03228, -78.79202), (43.03338, -78.79214)]
(44, 2)[(42.97483, -78.85841), (42.98079, -78.8586), (42.9807, -78.82283), (42.97843, -78.78222), (42.97811, -78.76787), (42.97286, -78.76184), (42.96821, -78.7593), (42.96561, -78.75638), (42.96105, -78.75549), (42.96544, -78.72877)]
(44, 3)[(42.97483, -78.85841), (42.98099, -78.8586), (42.98101, -78.87865), (42.98966, -78.87867), (42.98964, -78.87976), (42.98997, -78.87946), (42.9907, -78.87958)]
(44, 4)[(42.97483, -78.85841), (42.97439, -78.85839), (42.97425, -78.8558), (42.96291, -78.84104), (42.95818, -78.83188), (42.95568, -78.82963), (42.95486, -78.82779), (42.95281, -78.82947), (42.95145, -78.82559), (42.94921, -78.82167), (42.94903, -78.81768), (42.93656, -78.8171), (42.93591, -78.8187), (42.93055, -78.81843), (42.93054, -78.81651)]
(44, 5)[(42.97483, -78.85841), (42.98488, -78.85862), (42.98555, -78.85858), (42.98592, -78.85838), (42.9863, -78.85799), (42.9866, -78.85722), (42.98668, -78.85347), (42.98685, -78.85308), (42.98727, -78.85276), (42.98933, -78.85277), (42.98931, -78.84878), (42.98984, -78.84878)]
(44, 6)[(42.97483, -78.85841), (42.98555, -78.85858), (42.9863, -78.85799), (42.9866, -78.85722), (42.98663, -78.85381), (42.98713, -78.8528), (42.99542, -78.85266), (42.99837, -78.85202), (43.0017, -78.85399), (43.0105, -78.86265), (43.01268, -78.86289), (43.015, -78.86223), (43.01481, -78.86042), (43.01386, -78.86046)]
(44, 7)[(42.97483, -78.85841), (42.94774, -78.859), (42.94123, -78.85564), (42.9404, -78.85075), (42.93296, -78.8519), (42.93015, -78.85484), (42.92463, -78.84577), (42.92172, -78.84371), (42.90898, -78.84349), (42.90369, -78.84637), (42.90373, -78.84463), (42.88334, -78.84404), (42.88335, -78.84088)]
(44, 8)[(42.97483, -78.85841), (42.98079, -78.8586), (42.9807, -78.82283), (42.9909, -78.82245), (42.99073, -78.8042), (42.99514, -78.80162), (42.99784, -78.79903), (43.0, -78.79862), (42.99993, -78.79662), (43.0033, -78.79637), (43.00417, -78.7959), (43.00494, -78.79442), (43.00527, -78.79096), (43.00546, -78.79086), (43.00549, -78.7928), (43.0051, -78.79615), (43.00803, -78.80138), (43.00819, -78.8022), (43.00804, -78.80313), (43.00757, -78.80385), (43.00693, -78.80417), (43.00464, -78.80377), (43.0018, -78.80407), (43.00022, -78.80518), (42.99914, -78.80694)]
(44, 9)[(42.97483, -78.85841), (42.98079, -78.8586), (42.9807, -78.82283), (42.9909, -78.82245), (42.99073, -78.8042), (42.99514, -78.80162), (42.99862, -78.79869), (43.0347, -78.79958), (43.03469, -78.79741), (43.03632, -78.79745), (43.03639, -78.79669)]
(44, 10)[(42.97483, -78.85841), (42.98079, -78.8586), (42.98071, -78.82304), (42.97937, -78.79902), (42.99127, -78.78778), (42.99148, -78.77121), (42.99432, -78.77167), (42.9946, -78.77022), (42.9985, -78.7703), (42.99963, -78.76882)]
(44, 11)[(42.97483, -78.85841), (42.97439, -78.85839), (42.97425, -78.8558), (42.96291, -78.84104), (42.95818, -78.83188), (42.95568, -78.82963), (42.95486, -78.82779), (42.95281, -78.82947), (42.95145, -78.82559), (42.94913, -78.82133), (42.94889, -78.80343), (42.94217, -78.80331), (42.93806, -78.79903), (42.92279, -78.79877), (42.92278, -78.79263), (42.92487, -78.79197)]
(44, 12)[(42.97483, -78.85841), (42.98079, -78.8586), (42.98071, -78.82304), (42.97937, -78.79902), (42.99127, -78.78778), (42.99114, -78.73951), (43.00718, -78.73879), (43.00714, -78.73647)]
(44, 13)[(42.97483, -78.85841), (42.94774, -78.859), (42.94123, -78.85564), (42.94105, -78.85223), (42.9404, -78.85075), (42.93937, -78.85066), (42.93296, -78.8519), (42.93015, -78.85484), (42.92463, -78.84577), (42.92259, -78.84406), (42.92069, -78.84355), (42.90898, -78.84349), (42.90667, -78.84428), (42.90369, -78.84637), (42.90368, -78.8393), (42.89723, -78.83926), (42.89724, -78.83716), (42.89652, -78.83716)]
(44, 14)[(42.97483, -78.85841), (42.98079, -78.8586), (42.98071, -78.82304), (42.97937, -78.79902), (42.98244, -78.79622), (42.98305, -78.79473), (42.98209, -78.78995), (42.97887, -78.78401), (42.96777, -78.76956), (42.96353, -78.76733), (42.95153, -78.766), (42.95003, -78.76421), (42.94987, -78.76175), (42.95146, -78.75889), (42.95198, -78.7546), (42.95191, -78.74358), (42.95062, -78.73236), (42.95067, -78.70763), (42.95016, -78.70496), (42.94823, -78.7031), (42.94696, -78.69871), (42.94701, -78.69694), (42.95137, -78.69686), (42.95165, -78.69567)]
(44, 15)[(42.97483, -78.85841), (42.98099, -78.8586), (42.98097, -78.87238), (43.00135, -78.87525), (43.01248, -78.87214), (43.02453, -78.87669), (43.02522, -78.87458)]
(44, 16)[(42.97483, -78.85841), (42.98079, -78.8586), (42.98071, -78.82304), (42.97937, -78.79902), (42.98302, -78.79541), (42.98209, -78.78995), (42.97815, -78.7829), (42.96928, -78.77125), (42.9673, -78.76914), (42.9648, -78.76768), (42.95816, -78.76651), (42.94772, -78.76587), (42.9436, -78.76652), (42.93204, -78.76643), (42.93098, -78.76729), (42.93116, -78.76838), (42.93234, -78.76811), (42.93247, -78.76556), (42.93012, -78.75996), (42.92998, -78.7466), (42.92832, -78.74203), (42.92752, -78.74197), (42.92718, -78.74294), (42.92613, -78.74252), (42.92614, -78.73913), (42.92698, -78.73916)]
(44, 17)[(42.97483, -78.85841), (42.97439, -78.85839), (42.97425, -78.8558), (42.96291, -78.84104), (42.95818, -78.83188), (42.95568, -78.82963), (42.95486, -78.82779), (42.95281, -78.82947), (42.95145, -78.82559), (42.94913, -78.82133), (42.94889, -78.80343), (42.94217, -78.80331), (42.93806, -78.79903), (42.92279, -78.79877), (42.92278, -78.79476), (42.92631, -78.79471), (42.92617, -78.79265)]
(44, 18)[(42.97483, -78.85841), (42.98079, -78.8586), (42.98071, -78.82304), (42.97937, -78.79902), (42.98308, -78.79497), (42.98209, -78.78995), (42.97887, -78.78401), (42.96928, -78.77125), (42.96425, -78.76751), (42.94772, -78.76587), (42.90858, -78.76682), (42.90757, -78.7679), (42.90803, -78.76935), (42.9091, -78.76884), (42.90895, -78.76316), (42.90705, -78.7544), (42.90273, -78.75437), (42.90381, -78.75584), (42.90291, -78.76343), (42.90086, -78.7627)]
(44, 19)[(42.97483, -78.85841), (42.94774, -78.859), (42.94123, -78.85564), (42.94105, -78.85223), (42.93937, -78.85066), (42.93296, -78.8519), (42.93015, -78.85484), (42.92447, -78.84559), (42.92069, -78.84355), (42.9071, -78.84408), (42.90077, -78.84807), (42.89781, -78.85397), (42.88332, -78.85392), (42.88334, -78.85052)]
(44, 20)[(42.97483, -78.85841), (42.98079, -78.8586), (42.98087, -78.85052), (42.98079, -78.84107), (42.98545, -78.84092), (42.98541, -78.83861), (42.98862, -78.83851)]
(44, 21)[(42.97483, -78.85841), (42.98079, -78.8586), (42.98071, -78.82304), (42.97937, -78.79902), (42.98302, -78.79541), (42.98209, -78.78995), (42.97815, -78.7829), (42.96928, -78.77125), (42.9673, -78.76914), (42.9648, -78.76768), (42.95816, -78.76651), (42.94772, -78.76587), (42.9436, -78.76652), (42.93204, -78.76643), (42.93105, -78.76715), (42.93109, -78.7683), (42.93234, -78.76811), (42.93244, -78.76519), (42.93012, -78.75996), (42.93002, -78.74696), (42.92857, -78.74242), (42.92776, -78.74184), (42.92718, -78.74294), (42.92408, -78.74157), (42.90965, -78.73003), (42.9087, -78.7191), (42.90938, -78.71293), (42.91354, -78.71284), (42.91353, -78.71185)]
(44, 22)[(42.97483, -78.85841), (42.98079, -78.8586), (42.98071, -78.82304), (42.97937, -78.79902), (42.98302, -78.79541), (42.98229, -78.79051), (42.97815, -78.7829), (42.9673, -78.76914), (42.96353, -78.76733), (42.95187, -78.76609), (42.95019, -78.76464), (42.94987, -78.76175), (42.95146, -78.75889), (42.95198, -78.7546), (42.95034, -78.70542), (42.94801, -78.70257), (42.94701, -78.69694), (42.93426, -78.69693), (42.93268, -78.68216), (42.92064, -78.68213), (42.92246, -78.67655)]
(44, 23)[(42.97483, -78.85841), (42.97439, -78.85839), (42.97438, -78.85602), (42.97256, -78.85311), (42.96872, -78.84868), (42.96291, -78.84104), (42.9614, -78.83862), (42.95831, -78.83214), (42.95805, -78.81935), (42.95766, -78.81852), (42.95855, -78.81626), (42.9586, -78.81418)]
(44, 24)[(42.97483, -78.85841), (42.98079, -78.8586), (42.98071, -78.82304), (42.97937, -78.79902), (42.98308, -78.79497), (42.98209, -78.78995), (42.97815, -78.7829), (42.9673, -78.76914), (42.95816, -78.76651), (42.91683, -78.7664), (42.88767, -78.76773), (42.88402, -78.7689), (42.88376, -78.75859), (42.88505, -78.75514), (42.88236, -78.75406), (42.88155, -78.73487), (42.88307, -78.73372), (42.88586, -78.73563), (42.88782, -78.73346)]
(44, 25)[(42.97483, -78.85841), (42.98079, -78.8586), (42.98071, -78.82304), (42.9782, -78.7767), (42.97802, -78.76004), (42.97867, -78.75367), (42.97855, -78.73789), (42.97844, -78.7289), (42.97769, -78.72286), (42.97818, -78.69878), (42.97622, -78.69829), (42.97586, -78.69703), (42.97434, -78.69696), (42.97434, -78.69623), (42.97333, -78.69578), (42.97186, -78.69598)]
(44, 26)[(42.97483, -78.85841), (42.98079, -78.8586), (42.98071, -78.82304), (42.97937, -78.79902), (42.98244, -78.79622), (42.98305, -78.79473), (42.98209, -78.78995), (42.97887, -78.78401), (42.96777, -78.76956), (42.96425, -78.76751), (42.95187, -78.76609), (42.95019, -78.76464), (42.94987, -78.76175), (42.95146, -78.75889), (42.95198, -78.7546), (42.95191, -78.74358), (42.95062, -78.73236), (42.95067, -78.70763), (42.95016, -78.70496), (42.94836, -78.70334), (42.9478, -78.70201), (42.94705, -78.69956), (42.94701, -78.69694), (42.90383, -78.69691), (42.90383, -78.69313), (42.90328, -78.69313), (42.90319, -78.69239)]
(44, 27)[(42.97483, -78.85841), (42.97439, -78.85839), (42.97441, -78.86214)]
(44, 28)[(42.97483, -78.85841), (42.98099, -78.8586), (42.98097, -78.87238), (42.99129, -78.87378), (42.99192, -78.87246), (42.99207, -78.87181)]
(44, 29)[(42.97483, -78.85841), (42.94774, -78.859), (42.94123, -78.85564), (42.94131, -78.85371), (42.9404, -78.85075), (42.93758, -78.85065), (42.93296, -78.8519), (42.93015, -78.85484), (42.92463, -78.84577), (42.92172, -78.84371), (42.90898, -78.84349), (42.90667, -78.84428), (42.90369, -78.84637), (42.90373, -78.84463), (42.89637, -78.84459)]
(44, 30)[(42.97483, -78.85841), (42.98079, -78.8586), (42.98071, -78.82304), (42.97937, -78.79902), (42.98244, -78.79622), (42.98305, -78.79473), (42.98209, -78.78995), (42.97887, -78.78401), (42.96777, -78.76956), (42.96425, -78.76751), (42.95187, -78.76609), (42.95019, -78.76464), (42.94987, -78.76175), (42.95146, -78.75889), (42.95198, -78.7546), (42.95191, -78.74358), (42.95062, -78.73236), (42.95067, -78.70763), (42.95016, -78.70496), (42.94836, -78.70334), (42.94724, -78.70031), (42.94701, -78.69576)]
(44, 31)[(42.97483, -78.85841), (42.98753, -78.85863), (42.98753, -78.85806), (42.99109, -78.85806), (42.99108, -78.85935)]
(44, 32)[(42.97483, -78.85841), (42.97439, -78.85839), (42.97425, -78.8558), (42.97205, -78.85238), (42.96879, -78.84877), (42.96291, -78.84104), (42.9614, -78.83862), (42.95818, -78.83188), (42.95568, -78.82963), (42.95486, -78.82779), (42.95281, -78.82947), (42.95158, -78.82679), (42.95145, -78.82559), (42.94921, -78.82167), (42.9489, -78.79819), (42.94752, -78.79797), (42.94508, -78.79621), (42.94675, -78.79208), (42.94623, -78.79166)]
(44, 33)[(42.97483, -78.85841), (42.98099, -78.8586), (42.98062, -78.90222), (42.96599, -78.92248), (42.95444, -78.91056), (42.9436, -78.90807), (42.92888, -78.89887), (42.90288, -78.90096), (42.87942, -78.87927), (42.86946, -78.87875), (42.85227, -78.86365), (42.81237, -78.8454), (42.81114, -78.84241)]
(44, 34)[(42.97483, -78.85841), (42.98079, -78.8586), (42.98071, -78.82304), (42.97937, -78.79902), (42.98308, -78.79497), (42.98209, -78.78995), (42.97887, -78.78401), (42.9673, -78.76914), (42.96353, -78.76733), (42.94772, -78.76587), (42.88767, -78.76773), (42.88402, -78.7689), (42.88435, -78.7846), (42.87505, -78.78484), (42.87145, -78.78732), (42.87079, -78.7824), (42.86818, -78.77611), (42.8639, -78.77005), (42.86439, -78.76936)]
(44, 35)[(42.97483, -78.85841), (42.98079, -78.8586), (42.98071, -78.82304), (42.97937, -78.79902), (42.98308, -78.79497), (42.98209, -78.78995), (42.97887, -78.78401), (42.9673, -78.76914), (42.96353, -78.76733), (42.94772, -78.76587), (42.88558, -78.76785), (42.88225, -78.76937), (42.87978, -78.77253), (42.87627, -78.78589), (42.8737, -78.78929), (42.8657, -78.79191), (42.85362, -78.79102), (42.85103, -78.7928), (42.84994, -78.79169), (42.84906, -78.78363), (42.84399, -78.77182), (42.84334, -78.75891), (42.84186, -78.75419), (42.83199, -78.75368), (42.83223, -78.75007)]
(44, 36)[(42.97483, -78.85841), (42.98079, -78.8586), (42.97937, -78.79902), (42.98308, -78.79497), (42.97887, -78.78401), (42.96641, -78.76853), (42.94772, -78.76587), (42.88558, -78.76785), (42.87978, -78.77253), (42.8737, -78.78929), (42.8512, -78.7928), (42.84859, -78.78298), (42.84122, -78.78565), (42.83641, -78.77497), (42.82463, -78.77471), (42.81509, -78.76614), (42.81425, -78.77168)]
(44, 37)[(42.97483, -78.85841), (42.98079, -78.8586), (42.98071, -78.82304), (42.97937, -78.79902), (42.98308, -78.79497), (42.98209, -78.78995), (42.97815, -78.7829), (42.9673, -78.76914), (42.95816, -78.76651), (42.91683, -78.7664), (42.88767, -78.76773), (42.88402, -78.7689), (42.88376, -78.75859), (42.88505, -78.75514), (42.88236, -78.75406), (42.88011, -78.70905), (42.8744, -78.70831)]
(44, 38)[(42.97483, -78.85841), (42.98079, -78.8586), (42.98071, -78.82304), (42.97937, -78.79902), (42.98308, -78.79497), (42.98209, -78.78995), (42.97887, -78.78401), (42.96641, -78.76853), (42.94772, -78.76587), (42.88558, -78.76785), (42.88225, -78.76937), (42.87978, -78.77253), (42.87627, -78.78589), (42.8737, -78.78929), (42.8657, -78.79191), (42.85362, -78.79102), (42.85103, -78.7928), (42.84994, -78.79169), (42.84906, -78.78363), (42.84399, -78.77182), (42.84334, -78.75891), (42.84186, -78.75419), (42.83031, -78.75358), (42.8297, -78.7613), (42.82782, -78.76188)]
(44, 39)[(42.97483, -78.85841), (42.98079, -78.8586), (42.98071, -78.82304), (42.97937, -78.79902), (42.98308, -78.79497), (42.98209, -78.78995), (42.97887, -78.78401), (42.96872, -78.77053), (42.96353, -78.76733), (42.94772, -78.76587), (42.89289, -78.76746), (42.88402, -78.7689), (42.88376, -78.75859), (42.88474, -78.75453), (42.87805, -78.75319), (42.85517, -78.75465), (42.85818, -78.71451), (42.86007, -78.71449)]
(44, 40)[(42.97483, -78.85841), (42.98099, -78.8586), (42.98062, -78.90222), (42.96586, -78.92247), (42.96162, -78.91984), (42.95444, -78.91056), (42.9436, -78.90807), (42.93357, -78.90289), (42.92888, -78.89887), (42.91394, -78.90161), (42.90386, -78.90129), (42.89907, -78.89855), (42.87963, -78.87838), (42.87347, -78.8586), (42.86747, -78.82852), (42.86513, -78.82744), (42.86473, -78.82529), (42.86137, -78.82531), (42.85984, -78.82552), (42.85801, -78.82921)]
(45, 0)[(43.01874, -78.82288), (43.01874, -78.82223), (43.00472, -78.82273), (43.00426, -78.82601), (43.00141, -78.83605), (43.00094, -78.84986), (42.99993, -78.85333), (42.99686, -78.85942), (42.99602, -78.86271), (42.99558, -78.87578), (42.99596, -78.87711), (42.99669, -78.87706), (42.99702, -78.87516), (42.99632, -78.87463), (42.98097, -78.87238), (42.98098, -78.88539), (42.96093, -78.88887), (42.96158, -78.894), (42.95996, -78.89425), (42.95379, -78.89998), (42.95341, -78.89921)]
(45, 1)[(43.01874, -78.82288), (43.01874, -78.82223), (43.02512, -78.82215), (43.02504, -78.82061), (43.02401, -78.8169), (43.0233, -78.81375), (43.02323, -78.81212), (43.02229, -78.80903), (43.02249, -78.80708), (43.02106, -78.80145), (43.02132, -78.80034), (43.02211, -78.79948), (43.02221, -78.79899), (43.03229, -78.79943), (43.03228, -78.79413), (43.03212, -78.79327), (43.03179, -78.7927), (43.03228, -78.79202), (43.03321, -78.79201), (43.03338, -78.79214)]
(45, 2)[(43.01874, -78.82288), (43.01874, -78.82223), (43.00331, -78.82247), (43.00288, -78.82291), (43.00308, -78.82426), (43.00402, -78.82361), (43.0039, -78.82056), (43.00304, -78.81694), (43.00137, -78.81337), (42.99179, -78.8009), (42.98448, -78.79394), (42.97815, -78.7829), (42.96872, -78.77053), (42.9648, -78.76768), (42.95694, -78.76668), (42.95705, -78.76551), (42.95935, -78.76419), (42.95983, -78.76307), (42.96544, -78.72877)]
(45, 3)[(43.01874, -78.82288), (43.01874, -78.82223), (43.00545, -78.82236), (43.00476, -78.82265), (43.00426, -78.82601), (43.00203, -78.83294), (43.00141, -78.83605), (43.00115, -78.83902), (43.00114, -78.8483), (43.00094, -78.84986), (42.99993, -78.85333), (42.99686, -78.85942), (42.99602, -78.86271), (42.99558, -78.87578), (42.9957, -78.8767), (42.99609, -78.87719), (42.9965, -78.8772), (42.99693, -78.87657), (42.99704, -78.8753), (42.99682, -78.87486), (42.99323, -78.87417), (42.99404, -78.87635), (42.99412, -78.87881), (42.99194, -78.87884), (42.99194, -78.8796), (42.9907, -78.87958)]
(45, 4)[(43.01874, -78.82288), (42.97974, -78.82308), (42.97725, -78.81373), (42.93053, -78.81365), (42.93054, -78.81651)]
(45, 5)[(43.01874, -78.82288), (43.01874, -78.82223), (43.00545, -78.82236), (43.00476, -78.82265), (43.00426, -78.82601), (43.00203, -78.83294), (43.00141, -78.83605), (43.00115, -78.83902), (43.00105, -78.85117), (43.00057, -78.85344), (42.99837, -78.85202), (42.99542, -78.85266), (42.99115, -78.85278), (42.99112, -78.84878), (42.98984, -78.84878)]
(45, 6)[(43.01874, -78.82288), (43.01878, -78.82656), (43.01965, -78.82816), (43.01818, -78.82988), (43.0149, -78.83596), (43.01266, -78.84287), (43.01241, -78.84604), (43.0117, -78.84921), (43.01146, -78.85616), (43.0115, -78.85893), (43.01172, -78.86126), (43.01067, -78.86179), (43.01056, -78.86241), (43.01086, -78.86279), (43.01186, -78.86296), (43.01362, -78.86275), (43.015, -78.86223), (43.01481, -78.86042), (43.01386, -78.86046)]
(45, 7)[(43.01874, -78.82288), (42.95816, -78.82382), (42.95398, -78.82275), (42.93908, -78.83926), (42.88335, -78.83923), (42.88335, -78.84088)]
(45, 8)[(43.01874, -78.82288), (43.01874, -78.82223), (43.0243, -78.82199), (43.02407, -78.81959), (43.02243, -78.8117), (43.0212, -78.80821), (43.02037, -78.80794), (43.0199, -78.80688), (43.02052, -78.8035), (43.02, -78.80143), (43.02007, -78.79899), (43.0195, -78.799), (43.01946, -78.8005), (43.01884, -78.80122), (43.01729, -78.80046), (43.01296, -78.80267), (43.01076, -78.80336), (43.00188, -78.80404), (43.00022, -78.80518), (42.99914, -78.80694)]
(45, 9)[(43.01874, -78.82288), (43.01874, -78.82223), (43.03186, -78.82221), (43.03606, -78.82314), (43.0361, -78.81483), (43.03588, -78.81329), (43.03513, -78.81075), (43.03484, -78.80915), (43.03469, -78.79741), (43.03632, -78.79745), (43.03639, -78.79669)]
(45, 10)[(43.01874, -78.82288), (43.01874, -78.82223), (42.99091, -78.82268), (42.99072, -78.80196), (42.99117, -78.79528), (42.99148, -78.77121), (42.9933, -78.77128), (42.99432, -78.77167), (42.99469, -78.77133), (42.9946, -78.77022), (42.99687, -78.77067), (42.9985, -78.7703), (42.99963, -78.76882)]
(45, 11)[(43.01874, -78.82288), (43.00331, -78.82247), (43.00308, -78.82426), (43.00402, -78.82361), (43.00371, -78.81938), (43.00112, -78.81299), (42.99179, -78.8009), (42.98448, -78.79394), (42.97815, -78.7829), (42.96872, -78.77053), (42.9648, -78.76768), (42.94772, -78.76587), (42.93616, -78.76663), (42.93265, -78.76933), (42.93331, -78.78392), (42.93268, -78.78886), (42.92278, -78.79263), (42.92487, -78.79197)]
(45, 12)[(43.01874, -78.82288), (43.01874, -78.82223), (43.02512, -78.82215), (43.02504, -78.82061), (43.0233, -78.81375), (43.02323, -78.81212), (43.02229, -78.80903), (43.02245, -78.80681), (43.02107, -78.8012), (43.02132, -78.80034), (43.02211, -78.79948), (43.02221, -78.79899), (43.02671, -78.79913), (43.02668, -78.79771), (43.02623, -78.79655), (43.02458, -78.79497), (43.02407, -78.79376), (43.02372, -78.78821), (43.02403, -78.78217), (43.02157, -78.783), (43.01726, -78.78283), (43.01519, -78.78182), (43.01248, -78.77915), (43.0108, -78.77901), (43.00819, -78.7742), (43.00657, -78.769), (43.00672, -78.76512), (43.00647, -78.76418), (43.00419, -78.76241), (43.00295, -78.76083), (43.00206, -78.76071), (43.00216, -78.73942), (43.00718, -78.73879), (43.00714, -78.73647)]
(45, 13)[(43.01874, -78.82288), (42.95816, -78.82382), (42.95398, -78.82275), (42.93908, -78.83926), (42.89723, -78.83926), (42.89724, -78.83716), (42.89652, -78.83716)]
(45, 14)[(43.01874, -78.82288), (43.01874, -78.82223), (43.00331, -78.82247), (43.00288, -78.82291), (43.00315, -78.82432), (43.00402, -78.82361), (43.0039, -78.82056), (43.00304, -78.81694), (43.00137, -78.81337), (42.99179, -78.8009), (42.98448, -78.79394), (42.97815, -78.7829), (42.96872, -78.77053), (42.96425, -78.76751), (42.95187, -78.76609), (42.95019, -78.76464), (42.94987, -78.76175), (42.95146, -78.75889), (42.95198, -78.7546), (42.95191, -78.74358), (42.95062, -78.73236), (42.95067, -78.70763), (42.95016, -78.70496), (42.94823, -78.7031), (42.94696, -78.69871), (42.94701, -78.69694), (42.95137, -78.69686), (42.95165, -78.69567)]
(45, 15)[(43.01874, -78.82288), (43.01878, -78.82656), (43.01965, -78.82816), (43.01818, -78.82988), (43.0149, -78.83596), (43.01266, -78.84287), (43.01241, -78.84604), (43.0117, -78.84921), (43.0115, -78.85893), (43.01206, -78.86364), (43.01149, -78.86588), (43.01902, -78.87367), (43.01943, -78.87505), (43.02058, -78.8751), (43.02453, -78.87669), (43.02501, -78.87449), (43.02522, -78.87458)]
(45, 16)[(43.01874, -78.82288), (43.00331, -78.82247), (43.00308, -78.82426), (43.00402, -78.82361), (43.00371, -78.81938), (43.00127, -78.81321), (42.99179, -78.8009), (42.98483, -78.79439), (42.97815, -78.7829), (42.96641, -78.76853), (42.94772, -78.76587), (42.93204, -78.76643), (42.93116, -78.76838), (42.93234, -78.76811), (42.93247, -78.76556), (42.93012, -78.75996), (42.92998, -78.7466), (42.92832, -78.74203), (42.92613, -78.74252), (42.92614, -78.73913), (42.92698, -78.73916)]
(45, 17)[(43.01874, -78.82288), (43.00331, -78.82247), (43.00308, -78.82426), (43.00402, -78.82361), (43.00371, -78.81938), (43.00112, -78.81299), (42.99179, -78.8009), (42.98448, -78.79394), (42.97815, -78.7829), (42.96872, -78.77053), (42.9648, -78.76768), (42.94772, -78.76587), (42.93616, -78.76663), (42.93265, -78.76933), (42.93271, -78.78878), (42.92278, -78.79233), (42.92278, -78.79476), (42.92631, -78.79471), (42.92617, -78.79265)]
(45, 18)[(43.01874, -78.82288), (43.00331, -78.82247), (43.00308, -78.82426), (43.00402, -78.82361), (43.00371, -78.81938), (43.00112, -78.81299), (42.99179, -78.8009), (42.98448, -78.79394), (42.97815, -78.7829), (42.96872, -78.77053), (42.9648, -78.76768), (42.94772, -78.76587), (42.91683, -78.7664), (42.90858, -78.76682), (42.90757, -78.7679), (42.90803, -78.76935), (42.9091, -78.76884), (42.90895, -78.76316), (42.90705, -78.7544), (42.90273, -78.75437), (42.90381, -78.75584), (42.90291, -78.76343), (42.90086, -78.7627)]
(45, 19)[(43.01874, -78.82288), (42.97974, -78.82308), (42.97725, -78.81373), (42.9331, -78.81365), (42.93016, -78.82049), (42.92917, -78.8338), (42.92334, -78.84293), (42.90756, -78.84388), (42.90077, -78.84807), (42.89781, -78.85397), (42.88332, -78.85392), (42.88334, -78.85052)]
(45, 20)[(43.01874, -78.82288), (43.01874, -78.82223), (42.99091, -78.82268), (42.99106, -78.83789), (42.98962, -78.83791), (42.98907, -78.8385), (42.98862, -78.83851)]
(45, 21)[(43.01874, -78.82288), (43.00331, -78.82247), (43.00308, -78.82426), (43.00402, -78.82361), (43.00371, -78.81938), (43.00127, -78.81321), (42.99179, -78.8009), (42.98483, -78.79439), (42.97815, -78.7829), (42.96641, -78.76853), (42.94772, -78.76587), (42.93204, -78.76643), (42.93109, -78.7683), (42.93234, -78.76811), (42.93244, -78.76519), (42.93012, -78.75996), (42.93002, -78.74696), (42.92857, -78.74242), (42.92408, -78.74157), (42.90965, -78.73003), (42.9087, -78.7191), (42.90938, -78.71293), (42.91354, -78.71284), (42.91353, -78.71185)]
(45, 22)[(43.01874, -78.82288), (43.00331, -78.82247), (43.00315, -78.82432), (43.00402, -78.82361), (43.0039, -78.82056), (43.00137, -78.81337), (42.99179, -78.8009), (42.98448, -78.79394), (42.97815, -78.7829), (42.96872, -78.77053), (42.96425, -78.76751), (42.95037, -78.76498), (42.94987, -78.76175), (42.95146, -78.75889), (42.95198, -78.7546), (42.95034, -78.70542), (42.94801, -78.70257), (42.94701, -78.69694), (42.93426, -78.69693), (42.93268, -78.68216), (42.92064, -78.68213), (42.92246, -78.67655)]
(45, 23)[(43.01874, -78.82288), (43.01874, -78.82223), (43.00545, -78.82236), (42.95816, -78.82382), (42.95766, -78.81852), (42.95855, -78.81626), (42.9586, -78.81418)]
(45, 24)[(43.01874, -78.82288), (43.00331, -78.82247), (43.00308, -78.82426), (43.00402, -78.82361), (43.00371, -78.81938), (43.00112, -78.81299), (42.99179, -78.8009), (42.98448, -78.79394), (42.97815, -78.7829), (42.96872, -78.77053), (42.9648, -78.76768), (42.94772, -78.76587), (42.89289, -78.76746), (42.88402, -78.7689), (42.88376, -78.75859), (42.88505, -78.75514), (42.88236, -78.75406), (42.88155, -78.73487), (42.88307, -78.73372), (42.88586, -78.73563), (42.88782, -78.73346)]
(45, 25)[(43.01874, -78.82288), (43.01874, -78.82223), (43.00331, -78.82247), (43.00288, -78.82291), (43.00308, -78.82426), (43.00402, -78.82361), (43.0039, -78.82056), (43.00304, -78.81694), (43.00137, -78.81337), (42.99179, -78.8009), (42.98448, -78.79394), (42.97815, -78.7829), (42.96872, -78.77053), (42.9648, -78.76768), (42.95691, -78.76661), (42.95705, -78.76551), (42.95935, -78.76419), (42.95983, -78.76307), (42.96632, -78.72323), (42.96526, -78.69675), (42.97186, -78.69598)]
(45, 26)[(43.01874, -78.82288), (43.00331, -78.82247), (43.00315, -78.82432), (43.00402, -78.82361), (43.0039, -78.82056), (43.00137, -78.81337), (42.99179, -78.8009), (42.98448, -78.79394), (42.97815, -78.7829), (42.96872, -78.77053), (42.96425, -78.76751), (42.95037, -78.76498), (42.94987, -78.76175), (42.95146, -78.75889), (42.95198, -78.7546), (42.95062, -78.73236), (42.95067, -78.70763), (42.95016, -78.70496), (42.9478, -78.70201), (42.94701, -78.69694), (42.90383, -78.69691), (42.90319, -78.69239)]
(45, 27)[(43.01874, -78.82288), (43.01874, -78.82223), (43.00476, -78.82265), (43.00426, -78.82601), (43.00141, -78.83605), (43.00105, -78.85117), (43.00057, -78.85344), (42.99837, -78.85202), (42.99542, -78.85266), (42.98713, -78.8528), (42.98663, -78.85381), (42.9866, -78.85722), (42.98592, -78.85838), (42.97439, -78.85839), (42.97441, -78.86214)]
(45, 28)[(43.01874, -78.82288), (43.01874, -78.82223), (43.00545, -78.82236), (43.00476, -78.82265), (43.00426, -78.82601), (43.00203, -78.83294), (43.00141, -78.83605), (43.00115, -78.83902), (43.00114, -78.8483), (43.00094, -78.84986), (42.99993, -78.85333), (42.99686, -78.85942), (42.99602, -78.86271), (42.99558, -78.87578), (42.99596, -78.87711), (42.9965, -78.8772), (42.99683, -78.87688), (42.99704, -78.8755), (42.99682, -78.87486), (42.99129, -78.87378), (42.99207, -78.87181)]
(45, 29)[(43.01874, -78.82288), (42.97974, -78.82308), (42.97725, -78.81373), (42.9331, -78.81365), (42.93016, -78.82049), (42.92917, -78.8338), (42.92386, -78.84251), (42.90898, -78.84349), (42.90369, -78.84637), (42.90373, -78.84463), (42.89637, -78.84459)]
(45, 30)[(43.01874, -78.82288), (43.01874, -78.82223), (43.00331, -78.82247), (43.00288, -78.82291), (43.00315, -78.82432), (43.00402, -78.82361), (43.0039, -78.82056), (43.00304, -78.81694), (43.00137, -78.81337), (42.99179, -78.8009), (42.98448, -78.79394), (42.97815, -78.7829), (42.96872, -78.77053), (42.96425, -78.76751), (42.95187, -78.76609), (42.95037, -78.76498), (42.94987, -78.76175), (42.95146, -78.75889), (42.95198, -78.7546), (42.95191, -78.74358), (42.95062, -78.73236), (42.95067, -78.70763), (42.95016, -78.70496), (42.94836, -78.70334), (42.94724, -78.70031), (42.94701, -78.69576)]
(45, 31)[(43.01874, -78.82288), (43.01874, -78.82223), (43.0048, -78.82258), (43.00426, -78.82601), (43.00203, -78.83294), (43.00141, -78.83605), (43.00115, -78.83902), (43.00105, -78.85117), (43.00064, -78.85326), (42.99837, -78.85202), (42.99542, -78.85266), (42.99115, -78.85278), (42.99108, -78.85935)]
(45, 32)[(43.01874, -78.82288), (43.01874, -78.82223), (43.00331, -78.82247), (43.00288, -78.82291), (43.00308, -78.82426), (43.00402, -78.82361), (43.0039, -78.82056), (43.00304, -78.81694), (43.00137, -78.81337), (42.99179, -78.8009), (42.98448, -78.79394), (42.97738, -78.78206), (42.97656, -78.78239), (42.97645, -78.78387), (42.9501, -78.78401), (42.94675, -78.79208), (42.94623, -78.79166)]
(45, 33)[(43.01874, -78.82288), (43.00472, -78.82273), (43.00141, -78.83605), (43.00094, -78.84986), (42.99602, -78.86271), (42.99291, -78.89901), (42.98811, -78.91305), (42.98581, -78.91437), (42.98026, -78.91011), (42.9743, -78.91159), (42.96498, -78.92133), (42.95444, -78.91056), (42.9436, -78.90807), (42.92888, -78.89887), (42.90288, -78.90096), (42.87942, -78.87927), (42.86946, -78.87875), (42.85227, -78.86365), (42.81237, -78.8454), (42.81114, -78.84241)]
(45, 34)[(43.01874, -78.82288), (43.00331, -78.82247), (43.00308, -78.82426), (43.00402, -78.82361), (43.00371, -78.81938), (43.00112, -78.81299), (42.99179, -78.8009), (42.98448, -78.79394), (42.97815, -78.7829), (42.96872, -78.77053), (42.9648, -78.76768), (42.94772, -78.76587), (42.88726, -78.76781), (42.88402, -78.7689), (42.88435, -78.7846), (42.87505, -78.78484), (42.87145, -78.78732), (42.87079, -78.7824), (42.86818, -78.77611), (42.8639, -78.77005), (42.86439, -78.76936)]
(45, 35)[(43.01874, -78.82288), (43.00331, -78.82247), (43.00308, -78.82426), (43.00371, -78.81938), (43.00112, -78.81299), (42.98448, -78.79394), (42.96872, -78.77053), (42.96353, -78.76733), (42.88558, -78.76785), (42.87978, -78.77253), (42.8737, -78.78929), (42.85067, -78.7927), (42.84399, -78.77182), (42.84186, -78.75419), (42.83199, -78.75368), (42.83223, -78.75007)]
(45, 36)[(43.01874, -78.82288), (43.00331, -78.82247), (43.00308, -78.82426), (43.00371, -78.81938), (43.00112, -78.81299), (42.98448, -78.79394), (42.96872, -78.77053), (42.96425, -78.76751), (42.88558, -78.76785), (42.87978, -78.77253), (42.8737, -78.78929), (42.8512, -78.7928), (42.84859, -78.78298), (42.84122, -78.78565), (42.83641, -78.77497), (42.82463, -78.77471), (42.81509, -78.76614), (42.81425, -78.77168)]
(45, 37)[(43.01874, -78.82288), (43.00331, -78.82247), (43.00308, -78.82426), (43.00402, -78.82361), (43.00371, -78.81938), (43.00112, -78.81299), (42.99179, -78.8009), (42.98448, -78.79394), (42.97815, -78.7829), (42.96872, -78.77053), (42.9648, -78.76768), (42.94772, -78.76587), (42.89289, -78.76746), (42.88402, -78.7689), (42.88376, -78.75859), (42.88505, -78.75514), (42.88236, -78.75406), (42.88011, -78.70905), (42.8744, -78.70831)]
(45, 38)[(43.01874, -78.82288), (43.00331, -78.82247), (43.00308, -78.82426), (43.00371, -78.81938), (43.00112, -78.81299), (42.9648, -78.76768), (42.94772, -78.76587), (42.88558, -78.76785), (42.87978, -78.77253), (42.8737, -78.78929), (42.85103, -78.7928), (42.84399, -78.77182), (42.84186, -78.75419), (42.83031, -78.75358), (42.8297, -78.7613), (42.82782, -78.76188)]
(45, 39)[(43.01874, -78.82288), (43.00331, -78.82247), (43.00308, -78.82426), (43.00371, -78.81938), (43.00112, -78.81299), (42.9648, -78.76768), (42.94772, -78.76587), (42.88402, -78.7689), (42.88474, -78.75453), (42.85517, -78.75465), (42.85818, -78.71451), (42.86007, -78.71449)]
(45, 40)[(43.01874, -78.82288), (43.00331, -78.82247), (43.00308, -78.82426), (43.00402, -78.82361), (43.00371, -78.81938), (43.00127, -78.81321), (42.99179, -78.8009), (42.98483, -78.79439), (42.97815, -78.7829), (42.96641, -78.76853), (42.94772, -78.76587), (42.91683, -78.7664), (42.88558, -78.76785), (42.8815, -78.77012), (42.87894, -78.77466), (42.87659, -78.78509), (42.87614, -78.80865), (42.87201, -78.81711), (42.87206, -78.81998), (42.8645, -78.82541), (42.85984, -78.82552), (42.85801, -78.82921)]
