(41, 0)[(42.97761, -78.80065), (42.97951, -78.79889), (42.98087, -78.82304), (42.98098, -78.88539), (42.96093, -78.88887), (42.96158, -78.894), (42.95996, -78.89425), (42.95379, -78.89998), (42.95341, -78.89921)]
(41, 1)[(42.97761, -78.80065), (42.98513, -78.79359), (42.98538, -78.79266), (42.98475, -78.79144), (42.98401, -78.79175), (42.98437, -78.79335), (42.99259, -78.80143), (43.00102, -78.81241), (43.00296, -78.81592), (43.00407, -78.82016), (43.00428, -78.82445), (43.00141, -78.83605), (43.00105, -78.85117), (43.00064, -78.85326), (43.01086, -78.86279), (43.01326, -78.86281), (43.02069, -78.86098), (43.03007, -78.8608), (43.03432, -78.86174), (43.03794, -78.86371), (43.03869, -78.86427), (43.03594, -78.87765), (43.03543, -78.87786)]
(41, 2)[(42.97761, -78.80065), (42.98302, -78.79541), (42.98209, -78.78995), (42.97815, -78.7829), (42.96928, -78.77125), (42.9673, -78.76914), (42.9648, -78.76768), (42.95816, -78.76651), (42.94772, -78.76587), (42.9436, -78.76652), (42.91353, -78.76658), (42.91228, -78.76726), (42.91106, -78.76931), (42.90931, -78.76964), (42.90806, -78.77442), (42.90969, -78.77449)]
(41, 3)[(42.97761, -78.80065), (42.97937, -78.79902), (42.97852, -78.78381), (42.91891, -78.78428), (42.91886, -78.77589)]
(41, 4)[(42.97761, -78.80065), (42.98513, -78.79359), (42.98538, -78.79266), (42.98475, -78.79144), (42.98401, -78.79175), (42.98437, -78.79335), (42.99259, -78.80143), (43.00102, -78.81241), (43.00296, -78.81592), (43.00407, -78.82016), (43.00428, -78.82445), (43.00141, -78.83605), (43.00105, -78.85117), (43.00064, -78.85326), (43.01011, -78.86237), (43.01186, -78.86296), (43.02224, -78.86018), (43.02109, -78.85588), (43.01884, -78.85238)]
(41, 5)[(42.97761, -78.80065), (42.98513, -78.79359), (42.98538, -78.79266), (42.98475, -78.79144), (42.98401, -78.79175), (42.98437, -78.79335), (42.99259, -78.80143), (43.00102, -78.81241), (43.00296, -78.81592), (43.00407, -78.82016), (43.00428, -78.82445), (43.00141, -78.83605), (43.00105, -78.85117), (43.00064, -78.85326), (43.01032, -78.86255), (43.01268, -78.86289), (43.01984, -78.86111), (43.02665, -78.86062), (43.02669, -78.8575), (43.02732, -78.85751), (43.02734, -78.85472), (43.02481, -78.8545), (43.02488, -78.85015)]
(41, 6)[(42.97761, -78.80065), (42.98513, -78.79359), (42.98538, -78.79266), (42.98475, -78.79144), (42.9844, -78.79136), (42.98401, -78.79175), (42.98398, -78.7924), (42.98437, -78.79335), (42.9868, -78.79621), (42.99074, -78.79948), (42.99259, -78.80143), (43.00102, -78.81241), (43.00296, -78.81592), (43.00419, -78.82101), (43.00419, -78.82561), (43.00383, -78.8275), (43.00203, -78.83294), (43.00135, -78.83655), (43.00096, -78.85225), (43.00057, -78.85344), (42.99931, -78.85266), (42.99843, -78.85264), (42.99814, -78.85358), (42.99865, -78.85425), (42.99909, -78.85416), (42.99972, -78.85321), (43.00081, -78.84942), (43.00096, -78.83887), (43.00153, -78.8342)]
(41, 7)[(42.97761, -78.80065), (42.97178, -78.80609), (42.96915, -78.80392), (42.94232, -78.80336), (42.93806, -78.79903), (42.93546, -78.79901), (42.9356, -78.7923)]
(41, 8)[(42.97761, -78.80065), (42.96304, -78.81387), (42.95945, -78.81391), (42.95753, -78.81875), (42.95246, -78.82446), (42.95403, -78.82801)]
(41, 9)[(42.97761, -78.80065), (42.97951, -78.79889), (42.98087, -78.82304), (42.98076, -78.83753), (42.98099, -78.8586), (42.9774, -78.8585), (42.9774, -78.86235)]
(41, 10)[(42.97761, -78.80065), (42.97178, -78.80609), (42.96938, -78.80398), (42.96337, -78.80394), (42.96145, -78.80884), (42.96065, -78.80819), (42.95992, -78.8081), (42.95938, -78.80746)]
(41, 11)[(42.97761, -78.80065), (42.96304, -78.81387), (42.95945, -78.81391), (42.95766, -78.81852), (42.95805, -78.81935), (42.95853, -78.84498), (42.95648, -78.84504)]
(41, 12)[(42.97761, -78.80065), (42.98244, -78.79622), (42.98308, -78.79497), (42.98209, -78.78995), (42.97711, -78.78146), (42.96872, -78.77053), (42.96641, -78.76853), (42.96353, -78.76733), (42.95153, -78.766), (42.94992, -78.76385), (42.94996, -78.7614), (42.95122, -78.75948), (42.95186, -78.75683), (42.95196, -78.74735), (42.95183, -78.74253), (42.9507, -78.73445), (42.95068, -78.70678), (42.94962, -78.69552)]
(41, 13)[(42.97761, -78.80065), (42.99127, -78.78778), (42.99108, -78.72), (42.98937, -78.70346), (42.9893, -78.69695), (43.01112, -78.69694), (43.01116, -78.6913), (43.01278, -78.68662), (43.01335, -78.6801), (43.01457, -78.68046), (43.01471, -78.67914), (43.01587, -78.67785), (43.01812, -78.67783), (43.01832, -78.67976), (43.01933, -78.68026)]
(41, 14)[(42.97761, -78.80065), (42.96304, -78.81387), (42.95945, -78.81391), (42.95737, -78.81898), (42.93446, -78.84437), (42.91535, -78.86445), (42.91125, -78.86591), (42.91127, -78.87033), (42.90985, -78.87077), (42.90985, -78.87187)]
(41, 15)[(42.97761, -78.80065), (42.98933, -78.79001), (42.99073, -78.78811), (42.99127, -78.78778), (42.99149, -78.77062), (42.99113, -78.76604), (42.99103, -78.75794), (42.99112, -78.73332), (42.99003, -78.73332)]
(41, 16)[(42.97761, -78.80065), (42.98728, -78.79167), (42.98933, -78.79001), (42.99073, -78.78811), (42.99127, -78.78778), (42.99149, -78.77062), (42.99113, -78.76604), (42.99111, -78.75978), (42.99255, -78.75953)]
(41, 17)[(42.97761, -78.80065), (42.98949, -78.78987), (42.99602, -78.78576), (42.99686, -78.78372), (42.99706, -78.77723), (42.99823, -78.77491), (43.00344, -78.77215), (43.00836, -78.77354), (43.0161, -78.76796), (43.03472, -78.74773), (43.0342, -78.70188), (43.03339, -78.69695), (43.0274, -78.69692), (43.02734, -78.69145)]
(41, 18)[(42.97761, -78.80065), (42.98302, -78.79541), (42.98209, -78.78995), (42.97815, -78.7829), (42.96928, -78.77125), (42.9648, -78.76768), (42.94772, -78.76587), (42.89289, -78.76746), (42.88402, -78.7689), (42.88376, -78.75859), (42.88505, -78.75514), (42.88236, -78.75406), (42.88214, -78.74951), (42.88567, -78.73997)]
(41, 19)[(42.97761, -78.80065), (42.97937, -78.79902), (42.9782, -78.7767), (42.97811, -78.76787), (42.97957, -78.76908), (42.98039, -78.76908), (42.98157, -78.76666), (42.98189, -78.76549), (42.98225, -78.76514), (42.98347, -78.76463)]
(41, 20)[(42.97761, -78.80065), (42.97937, -78.79902), (42.9782, -78.7767), (42.97802, -78.76004), (42.97867, -78.75367), (42.97847, -78.73154), (42.98215, -78.73123), (42.98227, -78.73249)]
(41, 21)[(42.97761, -78.80065), (42.97178, -78.80609), (42.96915, -78.80392), (42.95416, -78.80388), (42.95416, -78.79915)]
(41, 22)[(42.97761, -78.80065), (42.98302, -78.79541), (42.98209, -78.78995), (42.97815, -78.7829), (42.96928, -78.77125), (42.9648, -78.76768), (42.94772, -78.76587), (42.89289, -78.76746), (42.88402, -78.7689), (42.88376, -78.75859), (42.88505, -78.75514), (42.88236, -78.75406), (42.88155, -78.73487), (42.88307, -78.73372), (42.88586, -78.73563), (42.88795, -78.7333)]
(41, 23)[(42.97761, -78.80065), (42.98302, -78.79541), (42.98229, -78.79051), (42.97815, -78.7829), (42.96815, -78.76992), (42.96353, -78.76733), (42.94772, -78.76587), (42.93204, -78.76643), (42.93116, -78.76838), (42.93234, -78.76811), (42.93244, -78.76519), (42.93012, -78.75996), (42.93002, -78.74696), (42.92832, -78.74203), (42.92718, -78.74294), (42.92426, -78.74168), (42.90873, -78.72915), (42.90513, -78.72808), (42.90414, -78.72229), (42.90441, -78.71476), (42.90159, -78.70662), (42.89795, -78.70847), (42.89241, -78.70863), (42.89238, -78.70597), (42.88617, -78.70602)]
(41, 24)[(42.97761, -78.80065), (42.98302, -78.79541), (42.98209, -78.78995), (42.97815, -78.7829), (42.96872, -78.77053), (42.96425, -78.76751), (42.94772, -78.76587), (42.9436, -78.76652), (42.91353, -78.76658), (42.91228, -78.76726), (42.91106, -78.76931), (42.90927, -78.76971), (42.90703, -78.7784), (42.90685, -78.78145), (42.90721, -78.78218)]
(41, 25)[(42.97761, -78.80065), (42.99127, -78.78778), (42.99108, -78.72), (42.98937, -78.70346), (42.9893, -78.69695), (43.00002, -78.69691), (43.00024, -78.68199), (43.00713, -78.68223)]
(41, 26)[(42.97761, -78.80065), (42.98302, -78.79541), (42.98229, -78.79051), (42.97815, -78.7829), (42.9673, -78.76914), (42.96353, -78.76733), (42.94772, -78.76587), (42.9436, -78.76652), (42.93204, -78.76643), (42.93105, -78.76715), (42.93109, -78.7683), (42.93234, -78.76811), (42.93244, -78.76519), (42.93012, -78.75996), (42.93002, -78.74696), (42.92857, -78.74242), (42.92776, -78.74184), (42.92718, -78.74294), (42.92426, -78.74168), (42.91272, -78.73296), (42.90873, -78.72915), (42.90513, -78.72808), (42.90517, -78.72616), (42.90414, -78.72229), (42.90447, -78.71514), (42.90396, -78.71327), (42.90468, -78.7112)]
(41, 27)[(42.97761, -78.80065), (42.98308, -78.79497), (42.98209, -78.78995), (42.97711, -78.78146), (42.96641, -78.76853), (42.95187, -78.76609), (42.95003, -78.76421), (42.94987, -78.76175), (42.95146, -78.75889), (42.95198, -78.7546), (42.95062, -78.73236), (42.95067, -78.70763), (42.95016, -78.70496), (42.9478, -78.70201), (42.94701, -78.69694), (42.93426, -78.69693), (42.93262, -78.68354), (42.93326, -78.67722), (42.93058, -78.67627), (42.92771, -78.67263), (42.90324, -78.67067), (42.90222, -78.6735)]
(41, 28)[(42.97761, -78.80065), (42.96304, -78.81387), (42.95945, -78.81391), (42.95737, -78.81898), (42.94025, -78.83799), (42.94031, -78.84532), (42.93771, -78.84388), (42.9366, -78.84372), (42.93661, -78.84437)]
(41, 29)[(42.97761, -78.80065), (42.98244, -78.79622), (42.98308, -78.79497), (42.98251, -78.79354), (42.98234, -78.79071), (42.98209, -78.78995), (42.97815, -78.7829), (42.96872, -78.77053), (42.96641, -78.76853), (42.9648, -78.76768), (42.96356, -78.76753), (42.96178, -78.76894), (42.9595, -78.76867), (42.95923, -78.76923), (42.95933, -78.77003), (42.95832, -78.77024), (42.95764, -78.77077)]
(41, 30)[(42.97761, -78.80065), (42.99127, -78.78778), (42.99108, -78.72), (42.98932, -78.70225), (42.98926, -78.67935), (42.99166, -78.67964), (42.99214, -78.6802), (42.99198, -78.68136)]
(41, 31)[(42.97761, -78.80065), (42.98949, -78.78987), (42.9919, -78.78794), (42.99499, -78.78666), (42.99602, -78.78576), (42.99686, -78.78372), (42.99706, -78.77723), (42.99751, -78.77592), (42.99823, -78.77491), (43.00344, -78.77215), (43.00469, -78.77236), (43.00694, -78.77354), (43.008, -78.77363), (43.00657, -78.769), (43.00665, -78.76466), (43.00619, -78.76378), (43.00453, -78.76271), (43.00478, -78.76186), (43.00487, -78.75725), (43.0057, -78.75704), (43.00682, -78.75467), (43.00715, -78.74707), (43.0066, -78.74565), (43.00685, -78.74522)]
(41, 32)[(42.97761, -78.80065), (42.98244, -78.79622), (42.98308, -78.79497), (42.98209, -78.78995), (42.97711, -78.78146), (42.96872, -78.77053), (42.96641, -78.76853), (42.96353, -78.76733), (42.95187, -78.76609), (42.95003, -78.76421), (42.94987, -78.76175), (42.95146, -78.75889), (42.95198, -78.7546), (42.95191, -78.74358), (42.95062, -78.73236), (42.95067, -78.70763), (42.95016, -78.70496), (42.94836, -78.70334), (42.9478, -78.70201), (42.94705, -78.69956), (42.94701, -78.69694), (42.92383, -78.69691), (42.92383, -78.69949), (42.92306, -78.69947)]
(41, 33)[(42.97761, -78.80065), (42.98308, -78.79516), (42.97887, -78.78401), (42.9673, -78.76914), (42.9564, -78.76638), (42.88488, -78.76801), (42.87978, -78.77253), (42.8737, -78.78929), (42.85067, -78.7927), (42.84399, -78.77182), (42.84186, -78.75419), (42.82036, -78.75277), (42.82028, -78.71491), (42.81714, -78.7136)]
(41, 34)[(42.97761, -78.80065), (42.96304, -78.81387), (42.9331, -78.81365), (42.93016, -78.82049), (42.92964, -78.83189), (42.92681, -78.83859), (42.92253, -78.84337), (42.90898, -78.84349), (42.90126, -78.8476), (42.89709, -78.85487), (42.89279, -78.86745), (42.89003, -78.86915), (42.88878, -78.87228), (42.88314, -78.87412), (42.88395, -78.87982), (42.87574, -78.87806), (42.86946, -78.87875), (42.85227, -78.86365), (42.82737, -78.85055), (42.81726, -78.84655)]
(41, 35)[(42.97761, -78.80065), (42.98302, -78.79541), (42.98229, -78.79051), (42.96872, -78.77053), (42.96353, -78.76733), (42.94772, -78.76587), (42.8843, -78.76818), (42.87978, -78.77253), (42.8737, -78.78929), (42.8657, -78.79191), (42.85146, -78.79027), (42.84427, -78.79285), (42.82844, -78.79302), (42.82818, -78.80439), (42.81902, -78.80165), (42.81855, -78.7939)]
(41, 36)[(42.97761, -78.80065), (42.98302, -78.79541), (42.98209, -78.78995), (42.97815, -78.7829), (42.96928, -78.77125), (42.9648, -78.76768), (42.94772, -78.76587), (42.88558, -78.76785), (42.8815, -78.77012), (42.87878, -78.77523), (42.87647, -78.7859), (42.87614, -78.80865), (42.87201, -78.81711), (42.87206, -78.81998), (42.86657, -78.82394), (42.86109, -78.8173), (42.85848, -78.81987)]
(41, 37)[(42.97761, -78.80065), (42.98302, -78.79541), (42.98229, -78.79051), (42.97815, -78.7829), (42.96872, -78.77053), (42.96353, -78.76733), (42.94772, -78.76587), (42.88488, -78.76801), (42.87978, -78.77253), (42.87627, -78.78589), (42.8737, -78.78929), (42.8657, -78.79191), (42.85798, -78.79212), (42.85146, -78.79027), (42.84427, -78.79285), (42.82844, -78.79302), (42.82818, -78.80439), (42.832, -78.80562), (42.83198, -78.79878), (42.83328, -78.79874)]
(41, 38)[(42.97761, -78.80065), (42.98308, -78.79516), (42.98209, -78.78995), (42.97887, -78.78401), (42.9673, -78.76914), (42.95816, -78.76651), (42.91945, -78.76633), (42.88488, -78.76801), (42.87978, -78.77253), (42.87638, -78.78556), (42.87484, -78.78826), (42.8657, -78.79191), (42.85383, -78.79099), (42.85067, -78.7927), (42.84915, -78.78394), (42.84744, -78.78219), (42.84122, -78.78565), (42.8419, -78.78721), (42.84688, -78.78383)]
(41, 39)[(42.97761, -78.80065), (42.98302, -78.79541), (42.98209, -78.78995), (42.97815, -78.7829), (42.96872, -78.77053), (42.96353, -78.76733), (42.94772, -78.76587), (42.88488, -78.76801), (42.87978, -78.77253), (42.87638, -78.78556), (42.87484, -78.78826), (42.8657, -78.79191), (42.85399, -78.79098), (42.85052, -78.79261), (42.84925, -78.78433), (42.84815, -78.78254), (42.84625, -78.78232), (42.84122, -78.78565), (42.83988, -78.78304), (42.83973, -78.77527)]
(41, 40)[(42.97761, -78.80065), (42.98308, -78.79516), (42.98209, -78.78995), (42.97887, -78.78401), (42.9673, -78.76914), (42.95816, -78.76651), (42.91945, -78.76633), (42.88558, -78.76785), (42.88225, -78.76937), (42.87978, -78.77253), (42.87627, -78.78589), (42.8728, -78.78972), (42.8657, -78.79191), (42.85362, -78.79102), (42.85085, -78.79277), (42.84994, -78.79169), (42.84915, -78.78394), (42.84726, -78.78216), (42.84122, -78.78565), (42.84295, -78.79101), (42.84183, -78.78952), (42.83472, -78.78762)]
(42, 0)[(42.91536, -78.86511), (42.91536, -78.8655), (42.92065, -78.86384), (42.92057, -78.86693), (42.92084, -78.8679), (42.92588, -78.87363), (42.93138, -78.87378), (42.93209, -78.8744), (42.933, -78.8746), (42.93339, -78.87703), (42.93588, -78.87822), (42.93591, -78.88014), (42.93684, -78.88173), (42.93733, -78.88359), (42.93736, -78.88662), (42.93769, -78.88875), (42.93746, -78.88938), (42.93824, -78.88989), (42.93605, -78.89616), (42.9361, -78.89867), (42.93864, -78.89812), (42.94969, -78.90381), (42.95379, -78.89998), (42.95341, -78.89921)]
(42, 1)[(42.91536, -78.86511), (42.92065, -78.86384), (42.92081, -78.86758), (42.92768, -78.86773), (42.929, -78.86573), (42.93232, -78.86493), (42.93691, -78.86722), (43.0013, -78.87525), (43.00773, -78.8736), (43.01991, -78.88046), (43.02394, -78.8795), (43.0296, -78.88022), (43.03463, -78.88408), (43.03543, -78.87786)]
(42, 2)[(42.91536, -78.86511), (42.91535, -78.86445), (42.92221, -78.85727), (42.92193, -78.84281), (42.92343, -78.84257), (42.92672, -78.83846), (42.92943, -78.83231), (42.92981, -78.82149), (42.93306, -78.81082), (42.93309, -78.79827), (42.93257, -78.7923), (42.93291, -78.77441), (42.93235, -78.76906), (42.92975, -78.76686), (42.92104, -78.76631), (42.91265, -78.76695), (42.91106, -78.76931), (42.90927, -78.76971), (42.90806, -78.77442), (42.90969, -78.77449)]
(42, 3)[(42.91536, -78.86511), (42.91535, -78.86445), (42.92221, -78.85727), (42.92193, -78.84281), (42.92374, -78.84225), (42.92721, -78.83772), (42.92874, -78.83462), (42.92974, -78.83005), (42.92981, -78.82149), (42.93306, -78.81082), (42.93268, -78.78413), (42.91891, -78.78428), (42.91886, -78.77589)]
(42, 4)[(42.91536, -78.86511), (42.92065, -78.86384), (42.92081, -78.86758), (42.92768, -78.86773), (42.929, -78.86573), (42.93232, -78.86493), (42.93691, -78.86722), (42.99453, -78.87434), (42.99583, -78.86236), (42.99837, -78.85202), (43.01166, -78.86295), (43.02224, -78.86018), (43.01884, -78.85238)]
(42, 5)[(42.91536, -78.86511), (42.92065, -78.86384), (42.92081, -78.86758), (42.92768, -78.86773), (42.929, -78.86573), (42.93232, -78.86493), (42.93691, -78.86722), (42.99453, -78.87434), (42.99583, -78.86236), (42.99837, -78.85202), (43.01186, -78.86296), (43.02665, -78.86062), (43.02734, -78.85472), (43.02481, -78.8545), (43.02488, -78.85015)]
(42, 6)[(42.91536, -78.86511), (42.92065, -78.86384), (42.92081, -78.86758), (42.92768, -78.86773), (42.929, -78.86573), (42.93232, -78.86493), (42.93691, -78.86722), (42.99453, -78.87434), (42.99607, -78.86121), (43.00066, -78.8504), (43.00153, -78.8342)]
(42, 7)[(42.91536, -78.86511), (42.91535, -78.86445), (42.92221, -78.85727), (42.92193, -78.84281), (42.92343, -78.84257), (42.92602, -78.8394), (42.92815, -78.83599), (42.92926, -78.83298), (42.92974, -78.83005), (42.92981, -78.82149), (42.93271, -78.81274), (42.93304, -78.81111), (42.93306, -78.80211), (42.93279, -78.799), (42.93546, -78.79901), (42.9356, -78.7923)]
(42, 8)[(42.91536, -78.86511), (42.91535, -78.86445), (42.93365, -78.84517), (42.95246, -78.82446), (42.95403, -78.82801)]
(42, 9)[(42.91536, -78.86511), (42.92065, -78.86384), (42.92081, -78.86758), (42.92768, -78.86773), (42.929, -78.86573), (42.93232, -78.86493), (42.93691, -78.86722), (42.96282, -78.87004), (42.97206, -78.86606), (42.97633, -78.86633), (42.97657, -78.86499), (42.9774, -78.86463), (42.9774, -78.86235)]
(42, 10)[(42.91536, -78.86511), (42.91535, -78.86445), (42.95737, -78.81898), (42.96145, -78.80884), (42.95938, -78.80746)]
(42, 11)[(42.91536, -78.86511), (42.91535, -78.86445), (42.93694, -78.84158), (42.94019, -78.84332), (42.94031, -78.84414), (42.95595, -78.84388), (42.95596, -78.84505), (42.95648, -78.84504)]
(42, 12)[(42.91536, -78.86511), (42.91535, -78.86445), (42.92221, -78.85727), (42.92193, -78.84281), (42.92374, -78.84225), (42.92721, -78.83772), (42.92874, -78.83462), (42.92974, -78.83005), (42.92981, -78.82149), (42.93296, -78.81167), (42.93309, -78.79827), (42.93257, -78.7923), (42.93293, -78.77477), (42.93247, -78.76556), (42.93186, -78.76412), (42.93025, -78.76453), (42.93047, -78.76564), (42.93152, -78.76618), (42.94538, -78.7661), (42.94941, -78.76321), (42.9516, -78.75837), (42.95193, -78.74428), (42.9507, -78.73445), (42.95068, -78.70678), (42.94962, -78.69552)]
(42, 13)[(42.91536, -78.86511), (42.92221, -78.85727), (42.92193, -78.84281), (42.92374, -78.84225), (42.92874, -78.83462), (42.92981, -78.82149), (42.93304, -78.81111), (42.93247, -78.76556), (42.93012, -78.75996), (42.93002, -78.74696), (42.92828, -78.74127), (42.93012, -78.73848), (42.93502, -78.71406), (42.93697, -78.71039), (42.93794, -78.69693), (43.01112, -78.69694), (43.01116, -78.6913), (43.01278, -78.68662), (43.01335, -78.6801), (43.01457, -78.68046), (43.01587, -78.67785), (43.01812, -78.67783), (43.01933, -78.68026)]
(42, 14)[(42.91536, -78.86511), (42.91539, -78.86918), (42.90985, -78.87077), (42.90985, -78.87187)]
(42, 15)[(42.91536, -78.86511), (42.91535, -78.86445), (42.92221, -78.85727), (42.92193, -78.84281), (42.92374, -78.84225), (42.92721, -78.83772), (42.92874, -78.83462), (42.92974, -78.83005), (42.92981, -78.82149), (42.93296, -78.81167), (42.93309, -78.79827), (42.93257, -78.7923), (42.93293, -78.77477), (42.93247, -78.76556), (42.93186, -78.76412), (42.93034, -78.76432), (42.9304, -78.76553), (42.93152, -78.76618), (42.94216, -78.76626), (42.94566, -78.76586), (42.94765, -78.76333), (42.94869, -78.76283), (42.95102, -78.76333), (42.95295, -78.76538), (42.95449, -78.76607), (42.95908, -78.76437), (42.95983, -78.76307), (42.96395, -78.73803), (42.96877, -78.73941), (42.99114, -78.73951), (42.99112, -78.73332), (42.99003, -78.73332)]
(42, 16)[(42.91536, -78.86511), (42.91535, -78.86445), (42.92221, -78.85727), (42.92193, -78.84281), (42.92374, -78.84225), (42.92721, -78.83772), (42.92874, -78.83462), (42.92974, -78.83005), (42.92981, -78.82149), (42.93296, -78.81167), (42.93309, -78.79827), (42.93257, -78.7923), (42.93293, -78.77477), (42.93247, -78.76556), (42.93186, -78.76412), (42.93034, -78.76432), (42.9304, -78.76553), (42.93152, -78.76618), (42.94435, -78.76619), (42.94588, -78.7657), (42.94765, -78.76333), (42.9489, -78.76281), (42.95134, -78.76353), (42.95343, -78.7657), (42.95542, -78.76611), (42.95945, -78.76406), (42.96045, -78.75935), (42.96821, -78.7593), (42.97275, -78.76174), (42.9778, -78.76758), (42.98031, -78.76911), (42.98214, -78.76521), (42.98494, -78.76396), (42.98958, -78.7602), (42.99255, -78.75953)]
(42, 17)[(42.91536, -78.86511), (42.92221, -78.85727), (42.92193, -78.84281), (42.92374, -78.84225), (42.92874, -78.83462), (42.92981, -78.82149), (42.93304, -78.81111), (42.93247, -78.76556), (42.93012, -78.75996), (42.93002, -78.74696), (42.92828, -78.74127), (42.93012, -78.73848), (42.93502, -78.71406), (42.93697, -78.71039), (42.93794, -78.69693), (43.0274, -78.69692), (43.02734, -78.69145)]
(42, 18)[(42.91536, -78.86511), (42.91535, -78.86445), (42.92221, -78.85727), (42.92193, -78.84281), (42.92343, -78.84257), (42.92672, -78.83846), (42.92943, -78.83231), (42.92981, -78.82149), (42.93306, -78.81082), (42.93309, -78.79827), (42.93257, -78.7923), (42.93293, -78.77477), (42.93238, -78.76918), (42.9292, -78.76658), (42.9239, -78.76633), (42.88767, -78.76773), (42.88402, -78.7689), (42.88376, -78.75859), (42.88505, -78.75514), (42.88474, -78.75453), (42.88236, -78.75406), (42.88214, -78.74951), (42.88487, -78.74332), (42.88483, -78.74161), (42.88569, -78.74082), (42.88567, -78.73997)]
(42, 19)[(42.91536, -78.86511), (42.91535, -78.86445), (42.92221, -78.85727), (42.92193, -78.84281), (42.92374, -78.84225), (42.92721, -78.83772), (42.92874, -78.83462), (42.92974, -78.83005), (42.92981, -78.82149), (42.93296, -78.81167), (42.93309, -78.79827), (42.93257, -78.7923), (42.93293, -78.77477), (42.93247, -78.76556), (42.93186, -78.76412), (42.93034, -78.76432), (42.9304, -78.76553), (42.93152, -78.76618), (42.94435, -78.76619), (42.94588, -78.7657), (42.94765, -78.76333), (42.9489, -78.76281), (42.95134, -78.76353), (42.95343, -78.7657), (42.95542, -78.76611), (42.95945, -78.76406), (42.96045, -78.75935), (42.96821, -78.7593), (42.97286, -78.76184), (42.97476, -78.76449), (42.97957, -78.76908), (42.98047, -78.769), (42.98204, -78.76529), (42.98347, -78.76463)]
(42, 20)[(42.91536, -78.86511), (42.91535, -78.86445), (42.92221, -78.85727), (42.92193, -78.84281), (42.92374, -78.84225), (42.92721, -78.83772), (42.92874, -78.83462), (42.92974, -78.83005), (42.92981, -78.82149), (42.93296, -78.81167), (42.93309, -78.79827), (42.93257, -78.7923), (42.93293, -78.77477), (42.93247, -78.76556), (42.93186, -78.76412), (42.93029, -78.76441), (42.93047, -78.76564), (42.93152, -78.76618), (42.94216, -78.76626), (42.94566, -78.76586), (42.94765, -78.76333), (42.94869, -78.76283), (42.95102, -78.76333), (42.95295, -78.76538), (42.95449, -78.76607), (42.95908, -78.76437), (42.95983, -78.76307), (42.96395, -78.73803), (42.96877, -78.73941), (42.97856, -78.73952), (42.97847, -78.73154), (42.98215, -78.73123), (42.98227, -78.73249)]
(42, 21)[(42.91536, -78.86511), (42.91535, -78.86445), (42.92221, -78.85727), (42.92193, -78.84281), (42.923, -78.84282), (42.92374, -78.84225), (42.92721, -78.83772), (42.92874, -78.83462), (42.92943, -78.83231), (42.92974, -78.83005), (42.92981, -78.82149), (42.9326, -78.81308), (42.93285, -78.81044), (42.93839, -78.81043), (42.93909, -78.81089), (42.94217, -78.80331), (42.94928, -78.80341), (42.95044, -78.80389), (42.95416, -78.80388), (42.95416, -78.79915)]
(42, 22)[(42.91536, -78.86511), (42.91535, -78.86445), (42.92221, -78.85727), (42.92193, -78.84281), (42.92343, -78.84257), (42.92672, -78.83846), (42.92943, -78.83231), (42.92981, -78.82149), (42.93306, -78.81082), (42.93309, -78.79827), (42.93257, -78.7923), (42.93293, -78.77477), (42.93238, -78.76918), (42.9292, -78.76658), (42.9239, -78.76633), (42.88767, -78.76773), (42.88402, -78.7689), (42.88376, -78.75859), (42.88505, -78.75514), (42.88474, -78.75453), (42.88236, -78.75406), (42.88155, -78.73487), (42.88307, -78.73372), (42.88453, -78.73542), (42.88586, -78.73563), (42.88795, -78.7333)]
(42, 23)[(42.91536, -78.86511), (42.91535, -78.86445), (42.92221, -78.85727), (42.92193, -78.84281), (42.92374, -78.84225), (42.92721, -78.83772), (42.92874, -78.83462), (42.92974, -78.83005), (42.92981, -78.82149), (42.93304, -78.81111), (42.93309, -78.79827), (42.93257, -78.7923), (42.93293, -78.77477), (42.93237, -78.76478), (42.93009, -78.75966), (42.92994, -78.74636), (42.92821, -78.74192), (42.92752, -78.74197), (42.92718, -78.74294), (42.92426, -78.74168), (42.91272, -78.73296), (42.90873, -78.72915), (42.90513, -78.72808), (42.90517, -78.72616), (42.90414, -78.72229), (42.90441, -78.71476), (42.9018, -78.70839), (42.90159, -78.70662), (42.89795, -78.70847), (42.89241, -78.70863), (42.89238, -78.70597), (42.88617, -78.70602)]
(42, 24)[(42.91536, -78.86511), (42.91527, -78.85511), (42.91474, -78.85285), (42.91446, -78.82536), (42.91467, -78.81472), (42.90975, -78.81478), (42.90963, -78.79635), (42.90699, -78.79636), (42.90749, -78.78687), (42.90689, -78.78201), (42.90721, -78.78218)]
(42, 25)[(42.91536, -78.86511), (42.92221, -78.85727), (42.92193, -78.84281), (42.92374, -78.84225), (42.92874, -78.83462), (42.92981, -78.82149), (42.93304, -78.81111), (42.93247, -78.76556), (42.93012, -78.75996), (42.93002, -78.74696), (42.92828, -78.74127), (42.93012, -78.73848), (42.93502, -78.71406), (42.93697, -78.71039), (42.93794, -78.69693), (43.00002, -78.69691), (43.00024, -78.68199), (43.00713, -78.68223)]
(42, 26)[(42.91536, -78.86511), (42.91535, -78.86445), (42.92221, -78.85727), (42.92193, -78.84281), (42.92343, -78.84257), (42.92672, -78.83846), (42.92874, -78.83462), (42.92954, -78.83166), (42.92981, -78.82149), (42.93306, -78.81082), (42.93309, -78.79827), (42.93257, -78.7923), (42.93293, -78.77477), (42.93247, -78.76556), (42.93012, -78.75996), (42.93002, -78.74696), (42.92832, -78.74203), (42.92752, -78.74197), (42.92718, -78.74294), (42.92426, -78.74168), (42.91272, -78.73296), (42.90873, -78.72915), (42.90513, -78.72808), (42.90517, -78.72616), (42.90414, -78.72229), (42.90447, -78.71514), (42.90396, -78.71327), (42.90468, -78.7112)]
(42, 27)[(42.91536, -78.86511), (42.92221, -78.85727), (42.92193, -78.84281), (42.92343, -78.84257), (42.92672, -78.83846), (42.92954, -78.83166), (42.92981, -78.82149), (42.93306, -78.81082), (42.93247, -78.76556), (42.93012, -78.75996), (42.93002, -78.74696), (42.92832, -78.74203), (42.92718, -78.74294), (42.92426, -78.74168), (42.90873, -78.72915), (42.90513, -78.72808), (42.90414, -78.72229), (42.90441, -78.71476), (42.90159, -78.70731), (42.90146, -78.68424), (42.90037, -78.67773), (42.90082, -78.67347), (42.90222, -78.6735)]
(42, 28)[(42.91536, -78.86511), (42.91535, -78.86445), (42.93082, -78.84816), (42.93155, -78.84943), (42.93489, -78.84633), (42.93663, -78.84546), (42.93661, -78.84437)]
(42, 29)[(42.91536, -78.86511), (42.91535, -78.86445), (42.92221, -78.85727), (42.92193, -78.84281), (42.92343, -78.84257), (42.92672, -78.83846), (42.92943, -78.83231), (42.92981, -78.82149), (42.93306, -78.81082), (42.93268, -78.78413), (42.94984, -78.78397), (42.95436, -78.77489), (42.95645, -78.77486), (42.95645, -78.77295), (42.95764, -78.77077)]
(42, 30)[(42.91536, -78.86511), (42.92221, -78.85727), (42.92193, -78.84281), (42.92374, -78.84225), (42.92874, -78.83462), (42.92981, -78.82149), (42.93304, -78.81111), (42.93247, -78.76556), (42.93012, -78.75996), (42.93002, -78.74696), (42.92828, -78.74127), (42.93012, -78.73848), (42.93502, -78.71406), (42.93697, -78.71039), (42.93794, -78.69693), (42.9893, -78.69695), (42.98926, -78.67935), (42.99166, -78.67964), (42.99198, -78.68136)]
(42, 31)[(42.91536, -78.86511), (42.95737, -78.81898), (42.95976, -78.81316), (42.96304, -78.81387), (42.98746, -78.79152), (42.99579, -78.78604), (42.99686, -78.78372), (42.99706, -78.77723), (42.99823, -78.77491), (43.00344, -78.77215), (43.008, -78.77363), (43.00657, -78.769), (43.00665, -78.76466), (43.00453, -78.76271), (43.00487, -78.75725), (43.00682, -78.75467), (43.00685, -78.74522)]
(42, 32)[(42.91536, -78.86511), (42.91535, -78.86445), (42.92221, -78.85727), (42.92193, -78.84281), (42.92374, -78.84225), (42.92721, -78.83772), (42.92874, -78.83462), (42.92974, -78.83005), (42.92981, -78.82149), (42.93306, -78.81082), (42.93309, -78.79827), (42.93257, -78.7923), (42.93293, -78.77477), (42.93247, -78.76556), (42.93012, -78.75996), (42.93002, -78.74696), (42.92828, -78.74127), (42.92862, -78.74011), (42.93012, -78.73848), (42.93502, -78.71406), (42.93697, -78.71039), (42.9369, -78.7033), (42.93794, -78.69693), (42.92383, -78.69691), (42.92383, -78.69949), (42.92306, -78.69947)]
(42, 33)[(42.91536, -78.86511), (42.91533, -78.86232), (42.90156, -78.86261), (42.8913, -78.86596), (42.89003, -78.86915), (42.87716, -78.87289), (42.8676, -78.82878), (42.86641, -78.82717), (42.86513, -78.82744), (42.86404, -78.82139), (42.8587, -78.81363), (42.84638, -78.79923), (42.83988, -78.78304), (42.83949, -78.75407), (42.82036, -78.75277), (42.82028, -78.71491), (42.81714, -78.7136)]
(42, 34)[(42.91536, -78.86511), (42.91539, -78.86918), (42.88708, -78.87795), (42.88523, -78.88019), (42.87574, -78.87806), (42.8705, -78.87911), (42.86392, -78.8746), (42.85227, -78.86365), (42.82737, -78.85055), (42.81726, -78.84655)]
(42, 35)[(42.91536, -78.86511), (42.91539, -78.86918), (42.88708, -78.87795), (42.88523, -78.88019), (42.87574, -78.87806), (42.8705, -78.87911), (42.86392, -78.8746), (42.85227, -78.86365), (42.82774, -78.85092), (42.82574, -78.82704), (42.82601, -78.82142), (42.82833, -78.81322), (42.82818, -78.80439), (42.81902, -78.80165), (42.81855, -78.7939)]
(42, 36)[(42.91536, -78.86511), (42.91533, -78.86232), (42.90156, -78.86261), (42.8913, -78.86596), (42.89003, -78.86915), (42.88018, -78.87271), (42.87729, -78.87304), (42.87542, -78.86296), (42.87347, -78.8586), (42.86773, -78.82909), (42.86641, -78.82717), (42.86513, -78.82744), (42.86404, -78.82139), (42.86109, -78.8173), (42.85848, -78.81987)]
(42, 37)[(42.91536, -78.86511), (42.91539, -78.86918), (42.88708, -78.87795), (42.88523, -78.88019), (42.87574, -78.87806), (42.8705, -78.87911), (42.86392, -78.8746), (42.85227, -78.86365), (42.82774, -78.85092), (42.82587, -78.83147), (42.82594, -78.82179), (42.82833, -78.81322), (42.8283, -78.80936), (42.83195, -78.80836), (42.83198, -78.79878), (42.83328, -78.79874)]
(42, 38)[(42.91536, -78.86511), (42.91533, -78.86232), (42.90156, -78.86261), (42.8913, -78.86596), (42.89003, -78.86915), (42.88018, -78.87271), (42.87722, -78.87298), (42.87542, -78.86296), (42.87347, -78.8586), (42.8676, -78.82878), (42.86641, -78.82717), (42.86513, -78.82744), (42.86404, -78.82139), (42.8587, -78.81363), (42.84638, -78.79923), (42.8419, -78.78721), (42.84688, -78.78383)]
(42, 39)[(42.91536, -78.86511), (42.91533, -78.86232), (42.90156, -78.86261), (42.8913, -78.86596), (42.89003, -78.86915), (42.88018, -78.87271), (42.87722, -78.87298), (42.87542, -78.86296), (42.87347, -78.8586), (42.86773, -78.82909), (42.86641, -78.82717), (42.86513, -78.82744), (42.86404, -78.82139), (42.8587, -78.81363), (42.84638, -78.79923), (42.83988, -78.78304), (42.83973, -78.77527)]
(42, 40)[(42.91536, -78.86511), (42.91533, -78.86232), (42.90156, -78.86261), (42.8913, -78.86596), (42.89003, -78.86915), (42.87729, -78.87304), (42.87542, -78.86296), (42.87347, -78.8586), (42.86797, -78.82986), (42.86653, -78.82726), (42.86513, -78.82744), (42.86404, -78.82139), (42.84638, -78.79923), (42.84326, -78.79081), (42.83472, -78.78762)]
(43, 0)[(42.92247, -78.75388), (42.93037, -78.75414), (42.93028, -78.75959), (42.93245, -78.76452), (42.93306, -78.77511), (42.93273, -78.79279), (42.9332, -78.79844), (42.93317, -78.81129), (42.93007, -78.82096), (42.92939, -78.83308), (42.92745, -78.8376), (42.92355, -78.84357), (42.92995, -78.85427), (42.93248, -78.85686), (42.93333, -78.85875), (42.93466, -78.87113), (42.93397, -78.87483), (42.93438, -78.87823), (42.93706, -78.88232), (42.93746, -78.88938), (42.93824, -78.88989), (42.93605, -78.89616), (42.9361, -78.89867), (42.93864, -78.89812), (42.94969, -78.90381), (42.95379, -78.89998), (42.95341, -78.89921)]
(43, 1)[(42.92247, -78.75388), (42.93037, -78.75414), (42.93073, -78.76127), (42.93587, -78.76601), (42.94488, -78.76612), (42.9489, -78.76281), (42.95396, -78.76595), (42.96433, -78.76727), (42.96832, -78.76976), (42.97824, -78.7826), (42.98437, -78.79335), (42.99259, -78.80143), (43.00296, -78.81592), (43.00428, -78.82445), (43.00141, -78.83605), (43.00064, -78.85326), (43.01086, -78.86279), (43.03007, -78.8608), (43.03794, -78.86371), (43.03869, -78.86427), (43.03543, -78.87786)]
(43, 2)[(42.92247, -78.75388), (42.92246, -78.75415), (42.91607, -78.7542), (42.91604, -78.75715), (42.9162, -78.75777), (42.91693, -78.75917), (42.9169, -78.76153), (42.91289, -78.7708), (42.91229, -78.77122), (42.90993, -78.77128), (42.9093, -78.77167), (42.90888, -78.77166), (42.90806, -78.77442), (42.90969, -78.77449)]
(43, 3)[(42.92247, -78.75388), (42.92246, -78.75415), (42.92202, -78.75412), (42.92189, -78.75639), (42.92169, -78.75707), (42.91908, -78.76199), (42.91886, -78.76271), (42.91886, -78.77589)]
(43, 4)[(42.92247, -78.75388), (42.93037, -78.75414), (42.93073, -78.76127), (42.93587, -78.76601), (42.94488, -78.76612), (42.9489, -78.76281), (42.95396, -78.76595), (42.96433, -78.76727), (42.96832, -78.76976), (42.97824, -78.7826), (42.98437, -78.79335), (42.99259, -78.80143), (43.00296, -78.81592), (43.00428, -78.82445), (43.00141, -78.83605), (43.00064, -78.85326), (43.01186, -78.86296), (43.02224, -78.86018), (43.01884, -78.85238)]
(43, 5)[(42.92247, -78.75388), (42.93037, -78.75414), (42.93073, -78.76127), (42.93587, -78.76601), (42.94488, -78.76612), (42.9489, -78.76281), (42.95396, -78.76595), (42.96363, -78.76709), (42.96752, -78.76899), (42.97824, -78.7826), (42.98437, -78.79335), (42.99259, -78.80143), (43.00296, -78.81592), (43.00428, -78.82445), (43.00141, -78.83605), (43.00064, -78.85326), (43.01032, -78.86255), (43.01268, -78.86289), (43.02665, -78.86062), (43.02734, -78.85472), (43.02481, -78.8545), (43.02488, -78.85015)]
(43, 6)[(42.92247, -78.75388), (42.93037, -78.75414), (42.93073, -78.76127), (42.93587, -78.76601), (42.94488, -78.76612), (42.9489, -78.76281), (42.95396, -78.76595), (42.96433, -78.76727), (42.96832, -78.76976), (42.97824, -78.7826), (42.98437, -78.79335), (42.99259, -78.80143), (43.00296, -78.81592), (43.00419, -78.82561), (43.00135, -78.83655), (43.00096, -78.85225), (43.00057, -78.85344), (42.99843, -78.85264), (42.99865, -78.85425), (43.00081, -78.84942), (43.00153, -78.8342)]
(43, 7)[(42.92247, -78.75388), (42.92246, -78.75415), (42.93037, -78.75414), (42.93035, -78.76007), (42.93073, -78.76127), (42.93212, -78.76351), (42.93256, -78.76532), (42.93259, -78.76935), (42.93306, -78.77511), (42.93308, -78.78719), (42.93274, -78.79331), (42.9335, -78.799), (42.93546, -78.79901), (42.9356, -78.7923)]
(43, 8)[(42.92247, -78.75388), (42.92246, -78.75415), (42.93037, -78.75414), (42.93035, -78.76007), (42.93073, -78.76127), (42.93212, -78.76351), (42.93256, -78.76532), (42.93259, -78.76935), (42.93306, -78.77511), (42.93308, -78.78719), (42.93274, -78.79331), (42.9335, -78.799), (42.93806, -78.79903), (42.94232, -78.80336), (42.94889, -78.80343), (42.94913, -78.82133), (42.95145, -78.82559), (42.95246, -78.82446), (42.95403, -78.82801)]
(43, 9)[(42.92247, -78.75388), (42.93037, -78.75414), (42.93027, -78.75939), (42.93073, -78.76127), (42.93212, -78.76323), (42.93355, -78.76367), (42.93587, -78.76601), (42.94488, -78.76612), (42.9461, -78.76549), (42.94765, -78.76333), (42.9489, -78.76281), (42.95134, -78.76353), (42.95396, -78.76595), (42.96529, -78.76757), (42.96832, -78.76976), (42.97592, -78.77955), (42.97849, -78.7817), (42.98087, -78.82304), (42.98099, -78.8586), (42.9774, -78.8585), (42.9774, -78.86235)]
(43, 10)[(42.92247, -78.75388), (42.93037, -78.75414), (42.93035, -78.76007), (42.93256, -78.76532), (42.93306, -78.77511), (42.93274, -78.79331), (42.9335, -78.799), (42.93806, -78.79903), (42.94232, -78.80336), (42.96337, -78.80394), (42.96145, -78.80884), (42.95938, -78.80746)]
(43, 11)[(42.92247, -78.75388), (42.93037, -78.75414), (42.93035, -78.76007), (42.93252, -78.76498), (42.93306, -78.77511), (42.93273, -78.79279), (42.9332, -78.79844), (42.93321, -78.81081), (42.93016, -78.82049), (42.92986, -78.82297), (42.93019, -78.82674), (42.93266, -78.82674), (42.93272, -78.82827), (42.94032, -78.82813), (42.94493, -78.83522), (42.94503, -78.84409), (42.95595, -78.84388), (42.95596, -78.84505), (42.95648, -78.84504)]
(43, 12)[(42.92247, -78.75388), (42.92246, -78.75415), (42.92707, -78.75414), (42.93502, -78.71406), (42.93697, -78.71039), (42.9369, -78.7033), (42.93734, -78.69933), (42.93794, -78.69693), (42.94701, -78.69694), (42.94715, -78.69955), (42.94754, -78.70091), (42.94839, -78.70321), (42.94911, -78.70361), (42.9496, -78.70331), (42.94986, -78.70243), (42.9499, -78.69821), (42.94962, -78.69552)]
(43, 13)[(42.92247, -78.75388), (42.92707, -78.75414), (42.93502, -78.71406), (42.93697, -78.71039), (42.93794, -78.69693), (43.01112, -78.69694), (43.01116, -78.6913), (43.01278, -78.68662), (43.01335, -78.6801), (43.01457, -78.68046), (43.01587, -78.67785), (43.01812, -78.67783), (43.01933, -78.68026)]
(43, 14)[(42.92247, -78.75388), (42.93037, -78.75414), (42.93035, -78.76007), (42.93245, -78.76452), (42.93306, -78.77511), (42.93273, -78.79279), (42.9332, -78.79844), (42.93317, -78.81129), (42.93016, -78.82049), (42.92964, -78.83189), (42.92745, -78.8376), (42.92278, -78.84327), (42.91379, -78.84368), (42.91395, -78.865), (42.91125, -78.86591), (42.91127, -78.87033), (42.90985, -78.87077), (42.90985, -78.87187)]
(43, 15)[(42.92247, -78.75388), (42.94849, -78.75438), (42.95904, -78.75482), (42.96105, -78.75549), (42.96395, -78.73803), (42.96877, -78.73941), (42.99114, -78.73951), (42.99112, -78.73332), (42.99003, -78.73332)]
(43, 16)[(42.92247, -78.75388), (42.95904, -78.75482), (42.96511, -78.75615), (42.96821, -78.7593), (42.97286, -78.76184), (42.97476, -78.76449), (42.97967, -78.76909), (42.98047, -78.769), (42.98214, -78.76521), (42.98494, -78.76396), (42.98958, -78.7602), (42.99255, -78.75953)]
(43, 17)[(42.92247, -78.75388), (42.92707, -78.75414), (42.93502, -78.71406), (42.93697, -78.71039), (42.93794, -78.69693), (43.0274, -78.69692), (43.02734, -78.69145)]
(43, 18)[(42.92247, -78.75388), (42.8852, -78.7546), (42.88236, -78.75406), (42.88214, -78.74951), (42.88487, -78.74332), (42.88483, -78.74161), (42.88569, -78.74082), (42.88567, -78.73997)]
(43, 19)[(42.92247, -78.75388), (42.95914, -78.75484), (42.96561, -78.75638), (42.96821, -78.7593), (42.97286, -78.76184), (42.97476, -78.76449), (42.97957, -78.76908), (42.98047, -78.769), (42.98204, -78.76529), (42.98347, -78.76463)]
(43, 20)[(42.92247, -78.75388), (42.94849, -78.75438), (42.95904, -78.75482), (42.96105, -78.75549), (42.96395, -78.73803), (42.96877, -78.73941), (42.97856, -78.73952), (42.97847, -78.73154), (42.98215, -78.73123), (42.98227, -78.73249)]
(43, 21)[(42.92247, -78.75388), (42.92246, -78.75415), (42.93037, -78.75414), (42.93035, -78.76007), (42.93073, -78.76127), (42.93212, -78.76351), (42.93256, -78.76532), (42.93259, -78.76935), (42.93306, -78.77511), (42.93308, -78.78719), (42.93274, -78.79331), (42.9335, -78.799), (42.93806, -78.79903), (42.94232, -78.80336), (42.94952, -78.80342), (42.95069, -78.8039), (42.95416, -78.80388), (42.95416, -78.79915)]
(43, 22)[(42.92247, -78.75388), (42.8852, -78.7546), (42.88236, -78.75406), (42.88155, -78.73487), (42.88307, -78.73372), (42.88453, -78.73542), (42.88586, -78.73563), (42.88795, -78.7333)]
(43, 23)[(42.92247, -78.75388), (42.92246, -78.75415), (42.91885, -78.75418), (42.91877, -78.73756), (42.91272, -78.73296), (42.90873, -78.72915), (42.90513, -78.72808), (42.90517, -78.72616), (42.90414, -78.72229), (42.90441, -78.71476), (42.9018, -78.70839), (42.90159, -78.70662), (42.90055, -78.70686), (42.89795, -78.70847), (42.89241, -78.70863), (42.89238, -78.70597), (42.88617, -78.70602)]
(43, 24)[(42.92247, -78.75388), (42.92246, -78.75415), (42.91607, -78.7542), (42.91604, -78.75715), (42.9162, -78.75777), (42.91693, -78.75917), (42.9169, -78.76153), (42.91289, -78.7708), (42.91229, -78.77122), (42.90993, -78.77128), (42.9093, -78.77167), (42.90888, -78.77166), (42.90703, -78.7784), (42.90687, -78.77974), (42.90685, -78.78145), (42.90689, -78.78201), (42.90717, -78.78198), (42.90721, -78.78218)]
(43, 25)[(42.92247, -78.75388), (42.92707, -78.75414), (42.93502, -78.71406), (42.93697, -78.71039), (42.93794, -78.69693), (43.00002, -78.69691), (43.00024, -78.68199), (43.00713, -78.68223)]
(43, 26)[(42.92247, -78.75388), (42.92246, -78.75415), (42.91885, -78.75418), (42.91877, -78.73756), (42.91272, -78.73296), (42.90873, -78.72915), (42.90799, -78.72874), (42.90513, -78.72808), (42.90523, -78.72722), (42.90517, -78.72616), (42.90435, -78.72358), (42.90414, -78.72229), (42.90447, -78.71514), (42.90396, -78.71327), (42.90419, -78.71275), (42.90419, -78.71174), (42.90464, -78.71173), (42.90468, -78.7112)]
(43, 27)[(42.92247, -78.75388), (42.92246, -78.75415), (42.91885, -78.75418), (42.91877, -78.73756), (42.91272, -78.73296), (42.90873, -78.72915), (42.90513, -78.72808), (42.90517, -78.72616), (42.90414, -78.72229), (42.90441, -78.71476), (42.90183, -78.70848), (42.90159, -78.70731), (42.9019, -78.69691), (42.90146, -78.68424), (42.90037, -78.67773), (42.9009, -78.67443), (42.90082, -78.67347), (42.90219, -78.67288), (42.90222, -78.6735)]
(43, 28)[(42.92247, -78.75388), (42.93037, -78.75414), (42.93035, -78.76007), (42.93252, -78.76498), (42.93306, -78.77511), (42.93273, -78.79279), (42.9332, -78.79844), (42.93321, -78.81081), (42.93029, -78.81999), (42.92986, -78.82297), (42.93019, -78.82674), (42.93093, -78.82675), (42.93093, -78.82916), (42.93168, -78.82917), (42.93086, -78.83115), (42.93123, -78.83141), (42.93133, -78.8393), (42.93402, -78.83929), (42.9342, -78.84288), (42.93578, -78.84569), (42.93663, -78.84546), (42.93661, -78.84437)]
(43, 29)[(42.92247, -78.75388), (42.92246, -78.75415), (42.94849, -78.75438), (42.95021, -78.75479), (42.95904, -78.75482), (42.96105, -78.75549), (42.95909, -78.76771), (42.95933, -78.77003), (42.95832, -78.77024), (42.95764, -78.77077)]
(43, 30)[(42.92247, -78.75388), (42.92707, -78.75414), (42.93502, -78.71406), (42.93697, -78.71039), (42.9369, -78.7033), (42.93794, -78.69693), (42.9893, -78.69695), (42.98926, -78.67935), (42.99166, -78.67964), (42.99214, -78.6802), (42.99198, -78.68136)]
(43, 31)[(42.92247, -78.75388), (42.95904, -78.75482), (42.96511, -78.75615), (42.98031, -78.76911), (42.98204, -78.76529), (42.98976, -78.76011), (43.00206, -78.76071), (43.00211, -78.75706), (43.00542, -78.75725), (43.00672, -78.75516), (43.00685, -78.74522)]
(43, 32)[(42.92247, -78.75388), (42.92246, -78.75415), (42.92707, -78.75414), (42.93502, -78.71406), (42.93697, -78.71039), (42.9369, -78.7033), (42.93734, -78.69933), (42.93794, -78.69693), (42.92383, -78.69691), (42.92383, -78.69949), (42.92306, -78.69947)]
(43, 33)[(42.92247, -78.75388), (42.8852, -78.7546), (42.87805, -78.75319), (42.85454, -78.75466), (42.82036, -78.75277), (42.82028, -78.71491), (42.81714, -78.7136)]
(43, 34)[(42.92247, -78.75388), (42.90721, -78.75439), (42.90903, -78.76231), (42.90928, -78.76903), (42.91089, -78.76933), (42.91145, -78.76772), (42.91007, -78.76676), (42.88641, -78.76777), (42.8827, -78.76902), (42.87941, -78.7733), (42.87612, -78.78625), (42.87325, -78.78953), (42.8657, -78.79191), (42.85798, -78.79212), (42.85146, -78.79027), (42.84427, -78.79285), (42.82836, -78.79308), (42.82833, -78.81322), (42.82601, -78.82142), (42.82574, -78.82704), (42.82774, -78.85092), (42.81726, -78.84655)]
(43, 35)[(42.92247, -78.75388), (42.90721, -78.75439), (42.90903, -78.76231), (42.90928, -78.76903), (42.91089, -78.76933), (42.91145, -78.76772), (42.91007, -78.76676), (42.88641, -78.76777), (42.8827, -78.76902), (42.87941, -78.7733), (42.87591, -78.7867), (42.8728, -78.78972), (42.8657, -78.79191), (42.85798, -78.79212), (42.85146, -78.79027), (42.84427, -78.79285), (42.82844, -78.79302), (42.82818, -78.80439), (42.81902, -78.80165), (42.81855, -78.7939)]
(43, 36)[(42.92247, -78.75388), (42.90721, -78.75439), (42.90746, -78.7571), (42.90903, -78.76231), (42.90928, -78.76903), (42.91089, -78.76933), (42.91145, -78.76772), (42.91007, -78.76676), (42.88558, -78.76785), (42.88189, -78.76971), (42.87978, -78.77253), (42.87894, -78.77466), (42.87659, -78.78509), (42.87614, -78.80865), (42.8752, -78.81191), (42.87201, -78.81711), (42.87206, -78.81998), (42.86657, -78.82394), (42.86594, -78.82245), (42.86333, -78.82075), (42.86109, -78.8173), (42.85848, -78.81987)]
(43, 37)[(42.92247, -78.75388), (42.90721, -78.75439), (42.90903, -78.76231), (42.90928, -78.76903), (42.91089, -78.76933), (42.91145, -78.76772), (42.91007, -78.76676), (42.88641, -78.76777), (42.8827, -78.76902), (42.87941, -78.7733), (42.87612, -78.78625), (42.87325, -78.78953), (42.8657, -78.79191), (42.85798, -78.79212), (42.85146, -78.79027), (42.84427, -78.79285), (42.82844, -78.79302), (42.82818, -78.80439), (42.832, -78.80562), (42.83198, -78.79878), (42.83328, -78.79874)]
(43, 38)[(42.92247, -78.75388), (42.90721, -78.75439), (42.90903, -78.76231), (42.90928, -78.76903), (42.91089, -78.76933), (42.91145, -78.76772), (42.91007, -78.76676), (42.88641, -78.76777), (42.8827, -78.76902), (42.87941, -78.7733), (42.87591, -78.7867), (42.8728, -78.78972), (42.8657, -78.79191), (42.85362, -78.79102), (42.85085, -78.79277), (42.84815, -78.78254), (42.84625, -78.78232), (42.84122, -78.78565), (42.8419, -78.78721), (42.84688, -78.78383)]
(43, 39)[(42.92247, -78.75388), (42.83949, -78.75407), (42.83973, -78.77527)]
(43, 40)[(42.92247, -78.75388), (42.90273, -78.75437), (42.90381, -78.75584), (42.90049, -78.78464), (42.87505, -78.78484), (42.87092, -78.7874), (42.84736, -78.78808), (42.84289, -78.79103), (42.84183, -78.78952), (42.83472, -78.78762)]
(44, 0)[(42.97483, -78.85841), (42.98099, -78.8586), (42.98098, -78.88539), (42.96093, -78.88887), (42.96158, -78.894), (42.95996, -78.89425), (42.95379, -78.89998), (42.95341, -78.89921)]
(44, 1)[(42.97483, -78.85841), (42.98555, -78.85858), (42.9866, -78.85722), (42.98663, -78.85381), (42.98713, -78.8528), (42.99542, -78.85266), (42.99837, -78.85202), (43.0017, -78.85399), (43.01086, -78.86279), (43.01326, -78.86281), (43.02096, -78.86097), (43.03059, -78.86082), (43.03432, -78.86174), (43.03869, -78.86427), (43.03594, -78.87765), (43.03543, -78.87786)]
(44, 2)[(42.97483, -78.85841), (42.98079, -78.8586), (42.98071, -78.82304), (42.97937, -78.79902), (42.98308, -78.79497), (42.98209, -78.78995), (42.97887, -78.78401), (42.96928, -78.77125), (42.9673, -78.76914), (42.9648, -78.76768), (42.95816, -78.76651), (42.94772, -78.76587), (42.9436, -78.76652), (42.91683, -78.7664), (42.91301, -78.76677), (42.91106, -78.76931), (42.90937, -78.76955), (42.90806, -78.77442), (42.90969, -78.77449)]
(44, 3)[(42.97483, -78.85841), (42.97439, -78.85839), (42.97425, -78.8558), (42.96291, -78.84104), (42.95818, -78.83188), (42.95568, -78.82963), (42.95486, -78.82779), (42.95281, -78.82947), (42.95145, -78.82559), (42.94913, -78.82133), (42.94889, -78.80343), (42.94232, -78.80336), (42.93806, -78.79903), (42.93279, -78.799), (42.93268, -78.78413), (42.91891, -78.78428), (42.91886, -78.77589)]
(44, 4)[(42.97483, -78.85841), (42.98555, -78.85858), (42.9866, -78.85722), (42.98663, -78.85381), (42.98713, -78.8528), (42.99542, -78.85266), (42.99837, -78.85202), (43.0017, -78.85399), (43.01032, -78.86255), (43.01326, -78.86281), (43.02224, -78.86018), (43.02109, -78.85588), (43.01884, -78.85238)]
(44, 5)[(42.97483, -78.85841), (42.98555, -78.85858), (42.9866, -78.85722), (42.98663, -78.85381), (42.98713, -78.8528), (42.99542, -78.85266), (42.99837, -78.85202), (43.0017, -78.85399), (43.01086, -78.86279), (43.01326, -78.86281), (43.02069, -78.86098), (43.02542, -78.86108), (43.02665, -78.86062), (43.02669, -78.8575), (43.02732, -78.85751), (43.02734, -78.85472), (43.02481, -78.8545), (43.02488, -78.85015)]
(44, 6)[(42.97483, -78.85841), (42.98555, -78.85858), (42.9863, -78.85799), (42.9866, -78.85722), (42.98663, -78.85381), (42.98713, -78.8528), (42.99542, -78.85266), (42.99837, -78.85202), (42.99961, -78.85212), (43.00081, -78.84942), (43.00096, -78.83887), (43.00153, -78.8342)]
(44, 7)[(42.97483, -78.85841), (42.97439, -78.85839), (42.97425, -78.8558), (42.97205, -78.85238), (42.96879, -78.84877), (42.96291, -78.84104), (42.9614, -78.83862), (42.95818, -78.83188), (42.95568, -78.82963), (42.95486, -78.82779), (42.95281, -78.82947), (42.95158, -78.82679), (42.95145, -78.82559), (42.94913, -78.82133), (42.94889, -78.80343), (42.94217, -78.80331), (42.93806, -78.79903), (42.93546, -78.79901), (42.9356, -78.7923)]
(44, 8)[(42.97483, -78.85841), (42.97439, -78.85839), (42.97425, -78.8558), (42.97205, -78.85238), (42.96879, -78.84877), (42.96291, -78.84104), (42.9614, -78.83862), (42.95818, -78.83188), (42.95568, -78.82963), (42.95486, -78.82779), (42.95418, -78.82834), (42.95403, -78.82801)]
(44, 9)[(42.97483, -78.85841), (42.9774, -78.8585), (42.9774, -78.86235)]
(44, 10)[(42.97483, -78.85841), (42.97439, -78.85839), (42.97438, -78.85602), (42.97256, -78.85311), (42.96872, -78.84868), (42.96291, -78.84104), (42.9614, -78.83862), (42.95831, -78.83214), (42.95805, -78.81935), (42.95766, -78.81852), (42.96145, -78.80884), (42.96065, -78.80819), (42.95992, -78.8081), (42.95938, -78.80746)]
(44, 11)[(42.97483, -78.85841), (42.97439, -78.85839), (42.97438, -78.85602), (42.97256, -78.85311), (42.97116, -78.85128), (42.96879, -78.84877), (42.96477, -78.84357), (42.96438, -78.84384), (42.95595, -78.84388), (42.95596, -78.84505), (42.95648, -78.84504)]
(44, 12)[(42.97483, -78.85841), (42.98079, -78.8586), (42.98071, -78.82304), (42.97937, -78.79902), (42.98244, -78.79622), (42.98305, -78.79473), (42.98209, -78.78995), (42.97887, -78.78401), (42.96777, -78.76956), (42.96353, -78.76733), (42.95153, -78.766), (42.95003, -78.76421), (42.94996, -78.7614), (42.95122, -78.75948), (42.95186, -78.75683), (42.95196, -78.74735), (42.95183, -78.74253), (42.9507, -78.73445), (42.95068, -78.70678), (42.94962, -78.69552)]
(44, 13)[(42.97483, -78.85841), (42.98079, -78.8586), (42.98071, -78.82304), (42.97937, -78.79902), (42.99127, -78.78778), (42.99108, -78.72), (42.9893, -78.69695), (43.01112, -78.69694), (43.01116, -78.6913), (43.01278, -78.68662), (43.01335, -78.6801), (43.01457, -78.68046), (43.01587, -78.67785), (43.01812, -78.67783), (43.01933, -78.68026)]
(44, 14)[(42.97483, -78.85841), (42.94812, -78.85904), (42.94123, -78.85564), (42.94047, -78.86027), (42.9395, -78.8604), (42.93534, -78.86626), (42.93219, -78.86527), (42.92922, -78.86601), (42.92768, -78.86773), (42.9222, -78.86737), (42.90985, -78.87077), (42.90985, -78.87187)]
(44, 15)[(42.97483, -78.85841), (42.98079, -78.8586), (42.98071, -78.82304), (42.97937, -78.79902), (42.99127, -78.78778), (42.99112, -78.73332), (42.99003, -78.73332)]
(44, 16)[(42.97483, -78.85841), (42.98079, -78.8586), (42.98071, -78.82304), (42.97937, -78.79902), (42.99127, -78.78778), (42.99149, -78.77062), (42.99111, -78.75978), (42.99255, -78.75953)]
(44, 17)[(42.97483, -78.85841), (42.98555, -78.85858), (42.9866, -78.85722), (42.98663, -78.85381), (42.98713, -78.8528), (42.99542, -78.85266), (42.9999, -78.85172), (43.00089, -78.84866), (43.00121, -78.83606), (43.00384, -78.82651), (43.00405, -78.82204), (43.00352, -78.81855), (43.00227, -78.81506), (42.99769, -78.80909), (42.99769, -78.80638), (42.99946, -78.80405), (43.00157, -78.80289), (43.00894, -78.8029), (43.01341, -78.80182), (43.01685, -78.79975), (43.01987, -78.79667), (43.02328, -78.79086), (43.02496, -78.78524), (43.02557, -78.78005), (43.02552, -78.76759), (43.02635, -78.76424), (43.02887, -78.76139), (43.0348, -78.75907), (43.0342, -78.70188), (43.03339, -78.69695), (43.0274, -78.69692), (43.02734, -78.69145)]
(44, 18)[(42.97483, -78.85841), (42.98079, -78.8586), (42.98071, -78.82304), (42.97937, -78.79902), (42.98308, -78.79497), (42.98209, -78.78995), (42.97711, -78.78146), (42.9673, -78.76914), (42.95816, -78.76651), (42.91683, -78.7664), (42.88767, -78.76773), (42.88402, -78.7689), (42.88376, -78.75859), (42.88505, -78.75514), (42.88236, -78.75406), (42.88214, -78.74951), (42.88567, -78.73997)]
(44, 19)[(42.97483, -78.85841), (42.98079, -78.8586), (42.9807, -78.82283), (42.97843, -78.78222), (42.97811, -78.76787), (42.98039, -78.76908), (42.98189, -78.76549), (42.98347, -78.76463)]
(44, 20)[(42.97483, -78.85841), (42.98079, -78.8586), (42.9807, -78.82283), (42.97843, -78.78222), (42.97802, -78.76004), (42.97867, -78.75367), (42.97847, -78.73154), (42.98215, -78.73123), (42.98227, -78.73249)]
(44, 21)[(42.97483, -78.85841), (42.97439, -78.85839), (42.97438, -78.85602), (42.97256, -78.85311), (42.96872, -78.84868), (42.96291, -78.84104), (42.9614, -78.83862), (42.95831, -78.83214), (42.95805, -78.81935), (42.95766, -78.81852), (42.96337, -78.80394), (42.95416, -78.80388), (42.95416, -78.79915)]
(44, 22)[(42.97483, -78.85841), (42.98079, -78.8586), (42.98071, -78.82304), (42.97937, -78.79902), (42.98308, -78.79497), (42.98209, -78.78995), (42.97815, -78.7829), (42.9673, -78.76914), (42.95816, -78.76651), (42.91683, -78.7664), (42.88767, -78.76773), (42.88402, -78.7689), (42.88376, -78.75859), (42.88505, -78.75514), (42.88236, -78.75406), (42.88155, -78.73487), (42.88307, -78.73372), (42.88586, -78.73563), (42.88795, -78.7333)]
(44, 23)[(42.97483, -78.85841), (42.98079, -78.8586), (42.98071, -78.82304), (42.97937, -78.79902), (42.98308, -78.79497), (42.98209, -78.78995), (42.97887, -78.78401), (42.96872, -78.77053), (42.9648, -78.76768), (42.94772, -78.76587), (42.93204, -78.76643), (42.93116, -78.76838), (42.93234, -78.76811), (42.93244, -78.76519), (42.93012, -78.75996), (42.93002, -78.74696), (42.92832, -78.74203), (42.92718, -78.74294), (42.92426, -78.74168), (42.90873, -78.72915), (42.90513, -78.72808), (42.90414, -78.72229), (42.90441, -78.71476), (42.90159, -78.70662), (42.89795, -78.70847), (42.89241, -78.70863), (42.89238, -78.70597), (42.88617, -78.70602)]
(44, 24)[(42.97483, -78.85841), (42.98079, -78.8586), (42.98071, -78.82304), (42.97937, -78.79902), (42.98308, -78.79497), (42.98209, -78.78995), (42.97887, -78.78401), (42.96872, -78.77053), (42.9648, -78.76768), (42.95816, -78.76651), (42.94772, -78.76587), (42.9436, -78.76652), (42.91353, -78.76658), (42.91228, -78.76726), (42.91106, -78.76931), (42.90927, -78.76971), (42.90703, -78.7784), (42.90685, -78.78145), (42.90721, -78.78218)]
(44, 25)[(42.97483, -78.85841), (42.98079, -78.8586), (42.98071, -78.82304), (42.97937, -78.79902), (42.99127, -78.78778), (42.99108, -78.72), (42.9893, -78.69695), (43.00002, -78.69691), (43.00024, -78.68199), (43.00713, -78.68223)]
(44, 26)[(42.97483, -78.85841), (42.98079, -78.8586), (42.98071, -78.82304), (42.97937, -78.79902), (42.98302, -78.79541), (42.98209, -78.78995), (42.97815, -78.7829), (42.96928, -78.77125), (42.9673, -78.76914), (42.9648, -78.76768), (42.95816, -78.76651), (42.94772, -78.76587), (42.9436, -78.76652), (42.93204, -78.76643), (42.93105, -78.76715), (42.93109, -78.7683), (42.93234, -78.76811), (42.93244, -78.76519), (42.93012, -78.75996), (42.93002, -78.74696), (42.92857, -78.74242), (42.92776, -78.74184), (42.92718, -78.74294), (42.92426, -78.74168), (42.91272, -78.73296), (42.90873, -78.72915), (42.90513, -78.72808), (42.90517, -78.72616), (42.90414, -78.72229), (42.90447, -78.71514), (42.90396, -78.71327), (42.90468, -78.7112)]
(44, 27)[(42.97483, -78.85841), (42.98079, -78.8586), (42.98071, -78.82304), (42.97937, -78.79902), (42.98305, -78.79473), (42.98209, -78.78995), (42.97887, -78.78401), (42.96777, -78.76956), (42.96425, -78.76751), (42.95187, -78.76609), (42.95019, -78.76464), (42.94987, -78.76175), (42.95146, -78.75889), (42.95198, -78.7546), (42.95016, -78.70496), (42.94801, -78.70257), (42.94701, -78.69694), (42.93426, -78.69693), (42.93262, -78.68354), (42.93326, -78.67722), (42.93058, -78.67627), (42.92771, -78.67263), (42.90324, -78.67067), (42.90222, -78.6735)]
(44, 28)[(42.97483, -78.85841), (42.96375, -78.8583), (42.95936, -78.85845), (42.95788, -78.85887), (42.94774, -78.859), (42.94328, -78.85664), (42.94299, -78.85073), (42.9429, -78.85039), (42.94245, -78.85041), (42.94282, -78.85007), (42.94271, -78.84964), (42.94134, -78.8467), (42.9383, -78.8455), (42.93663, -78.84546), (42.93661, -78.84437)]
(44, 29)[(42.97483, -78.85841), (42.97439, -78.85839), (42.97438, -78.85602), (42.97256, -78.85311), (42.96291, -78.84104), (42.95831, -78.83214), (42.95805, -78.81935), (42.95766, -78.81852), (42.96452, -78.80054), (42.96342, -78.78399), (42.95933, -78.77003), (42.95764, -78.77077)]
(44, 30)[(42.97483, -78.85841), (42.98079, -78.8586), (42.98071, -78.82304), (42.97937, -78.79902), (42.99127, -78.78778), (42.99108, -78.72), (42.98932, -78.70225), (42.98926, -78.67935), (42.99166, -78.67964), (42.99198, -78.68136)]
(44, 31)[(42.97483, -78.85841), (42.98079, -78.8586), (42.98071, -78.82304), (42.97937, -78.79902), (42.99112, -78.78856), (42.99602, -78.78576), (42.99686, -78.78372), (42.99706, -78.77723), (42.99823, -78.77491), (43.00344, -78.77215), (43.008, -78.77363), (43.00657, -78.769), (43.00665, -78.76466), (43.00453, -78.76271), (43.00487, -78.75725), (43.0057, -78.75704), (43.00682, -78.75467), (43.00685, -78.74522)]
(44, 32)[(42.97483, -78.85841), (42.98079, -78.8586), (42.98071, -78.82304), (42.97937, -78.79902), (42.98302, -78.79541), (42.98229, -78.79051), (42.97815, -78.7829), (42.9673, -78.76914), (42.96353, -78.76733), (42.95187, -78.76609), (42.95019, -78.76464), (42.94987, -78.76175), (42.95146, -78.75889), (42.95198, -78.7546), (42.95191, -78.74358), (42.95062, -78.73236), (42.95067, -78.70763), (42.95016, -78.70496), (42.94836, -78.70334), (42.9478, -78.70201), (42.94705, -78.69956), (42.94701, -78.69694), (42.92383, -78.69691), (42.92383, -78.69949), (42.92306, -78.69947)]
(44, 33)[(42.97483, -78.85841), (42.98079, -78.8586), (42.97937, -78.79902), (42.98308, -78.79497), (42.97887, -78.78401), (42.96777, -78.76956), (42.94772, -78.76587), (42.88558, -78.76785), (42.87978, -78.77253), (42.8737, -78.78929), (42.85085, -78.79277), (42.84399, -78.77182), (42.84186, -78.75419), (42.82036, -78.75277), (42.82028, -78.71491), (42.81714, -78.7136)]
(44, 34)[(42.97483, -78.85841), (42.98099, -78.8586), (42.98062, -78.90222), (42.96599, -78.92248), (42.95444, -78.91056), (42.9436, -78.90807), (42.92888, -78.89887), (42.90288, -78.90096), (42.87942, -78.87927), (42.86946, -78.87875), (42.85227, -78.86365), (42.81726, -78.84655)]
(44, 35)[(42.97483, -78.85841), (42.98079, -78.8586), (42.97937, -78.79902), (42.98308, -78.79497), (42.97815, -78.7829), (42.9648, -78.76768), (42.94772, -78.76587), (42.88558, -78.76785), (42.87978, -78.77253), (42.87627, -78.78589), (42.8728, -78.78972), (42.82844, -78.79302), (42.82818, -78.80439), (42.81902, -78.80165), (42.81855, -78.7939)]
(44, 36)[(42.97483, -78.85841), (42.98099, -78.8586), (42.98062, -78.90222), (42.96586, -78.92247), (42.96162, -78.91984), (42.95444, -78.91056), (42.9436, -78.90807), (42.93357, -78.90289), (42.92888, -78.89887), (42.91507, -78.90154), (42.90454, -78.90136), (42.89848, -78.89804), (42.87963, -78.87838), (42.87347, -78.8586), (42.86773, -78.82909), (42.86641, -78.82717), (42.86513, -78.82744), (42.86404, -78.82139), (42.86109, -78.8173), (42.85848, -78.81987)]
(44, 37)[(42.97483, -78.85841), (42.98079, -78.8586), (42.98071, -78.82304), (42.97937, -78.79902), (42.98308, -78.79497), (42.98209, -78.78995), (42.97815, -78.7829), (42.96872, -78.77053), (42.9648, -78.76768), (42.94772, -78.76587), (42.88558, -78.76785), (42.88225, -78.76937), (42.87978, -78.77253), (42.87627, -78.78589), (42.8737, -78.78929), (42.8657, -78.79191), (42.85798, -78.79212), (42.85146, -78.79027), (42.84427, -78.79285), (42.82844, -78.79302), (42.82818, -78.80439), (42.832, -78.80562), (42.83198, -78.79878), (42.83328, -78.79874)]
(44, 38)[(42.97483, -78.85841), (42.98079, -78.8586), (42.98071, -78.82304), (42.97937, -78.79902), (42.98308, -78.79497), (42.98209, -78.78995), (42.97887, -78.78401), (42.96641, -78.76853), (42.94772, -78.76587), (42.88558, -78.76785), (42.88225, -78.76937), (42.87978, -78.77253), (42.87627, -78.78589), (42.87325, -78.78953), (42.8657, -78.79191), (42.85362, -78.79102), (42.85085, -78.79277), (42.84815, -78.78254), (42.84625, -78.78232), (42.84122, -78.78565), (42.8419, -78.78721), (42.84688, -78.78383)]
(44, 39)[(42.97483, -78.85841), (42.98079, -78.8586), (42.98071, -78.82304), (42.97937, -78.79902), (42.98308, -78.79497), (42.98209, -78.78995), (42.97887, -78.78401), (42.96641, -78.76853), (42.94772, -78.76587), (42.88558, -78.76785), (42.88225, -78.76937), (42.87978, -78.77253), (42.87627, -78.78589), (42.8737, -78.78929), (42.8657, -78.79191), (42.85362, -78.79102), (42.8512, -78.7928), (42.85001, -78.79193), (42.84933, -78.78468), (42.84799, -78.78243), (42.84625, -78.78232), (42.84122, -78.78565), (42.83988, -78.78304), (42.83973, -78.77527)]
(44, 40)[(42.97483, -78.85841), (42.98079, -78.8586), (42.98071, -78.82304), (42.97937, -78.79902), (42.98308, -78.79497), (42.98209, -78.78995), (42.97815, -78.7829), (42.96872, -78.77053), (42.9648, -78.76768), (42.94772, -78.76587), (42.88558, -78.76785), (42.88225, -78.76937), (42.87978, -78.77253), (42.87627, -78.78589), (42.8728, -78.78972), (42.8657, -78.79191), (42.85362, -78.79102), (42.85085, -78.79277), (42.84994, -78.79169), (42.84915, -78.78394), (42.84726, -78.78216), (42.84122, -78.78565), (42.84295, -78.79101), (42.84183, -78.78952), (42.83472, -78.78762)]
(45, 0)[(43.01874, -78.82288), (43.01874, -78.82223), (43.00472, -78.82273), (43.00426, -78.82601), (43.00141, -78.83605), (43.00094, -78.84986), (42.99993, -78.85333), (42.99686, -78.85942), (42.99602, -78.86271), (42.99558, -78.87578), (42.99596, -78.87711), (42.99669, -78.87706), (42.99702, -78.87516), (42.99632, -78.87463), (42.98097, -78.87238), (42.98098, -78.88539), (42.96093, -78.88887), (42.96158, -78.894), (42.95996, -78.89425), (42.95379, -78.89998), (42.95341, -78.89921)]
(45, 1)[(43.01874, -78.82288), (43.01874, -78.82223), (43.03186, -78.82221), (43.03606, -78.82314), (43.03575, -78.85833), (43.03543, -78.86223), (43.03869, -78.86427), (43.03594, -78.87765), (43.0355, -78.87753), (43.03543, -78.87786)]
(45, 2)[(43.01874, -78.82288), (43.00331, -78.82247), (43.00308, -78.82426), (43.00402, -78.82361), (43.00371, -78.81938), (43.00112, -78.81299), (42.99179, -78.8009), (42.98448, -78.79394), (42.97815, -78.7829), (42.96872, -78.77053), (42.9648, -78.76768), (42.94772, -78.76587), (42.91353, -78.76658), (42.90931, -78.76964), (42.90806, -78.77442), (42.90969, -78.77449)]
(45, 3)[(43.01874, -78.82288), (43.00331, -78.82247), (43.00308, -78.82426), (43.00402, -78.82361), (43.00371, -78.81938), (43.00112, -78.81299), (42.99179, -78.8009), (42.98448, -78.79394), (42.97815, -78.7829), (42.96872, -78.77053), (42.9648, -78.76768), (42.94772, -78.76587), (42.93616, -78.76663), (42.93265, -78.76933), (42.93331, -78.78413), (42.91891, -78.78428), (42.91886, -78.77589)]
(45, 4)[(43.01874, -78.82288), (43.01874, -78.82223), (43.02564, -78.82215), (43.02803, -78.8222), (43.02808, -78.82235), (43.02752, -78.8267), (43.02668, -78.82833), (43.0263, -78.82998), (43.02626, -78.83131), (43.02518, -78.83184), (43.02421, -78.83197), (43.02362, -78.83234), (43.02327, -78.83289), (43.02261, -78.83454), (43.02128, -78.83601), (43.01932, -78.83902), (43.01855, -78.84092), (43.01842, -78.84277), (43.01849, -78.84356), (43.01885, -78.84502), (43.01899, -78.84681), (43.01867, -78.84981), (43.01884, -78.85238)]
(45, 5)[(43.01874, -78.82288), (43.01878, -78.82656), (43.01965, -78.82816), (43.01818, -78.82988), (43.0149, -78.83596), (43.01266, -78.84287), (43.01241, -78.84604), (43.0117, -78.84921), (43.01146, -78.85616), (43.0115, -78.85893), (43.01172, -78.86126), (43.01067, -78.86179), (43.01054, -78.86211), (43.01059, -78.86249), (43.01086, -78.86279), (43.01166, -78.86295), (43.01268, -78.86289), (43.01362, -78.86275), (43.01593, -78.8619), (43.01984, -78.86111), (43.02096, -78.86097), (43.02511, -78.86111), (43.02665, -78.86062), (43.02669, -78.8575), (43.02732, -78.85751), (43.02734, -78.85472), (43.02481, -78.8545), (43.02488, -78.85015)]
(45, 6)[(43.01874, -78.82288), (43.01874, -78.82223), (43.0048, -78.82258), (43.00426, -78.82601), (43.00203, -78.83294), (43.00141, -78.83605), (43.00115, -78.83902), (43.00096, -78.85225), (43.00057, -78.85344), (42.99931, -78.85266), (42.99843, -78.85264), (42.99814, -78.85358), (42.99865, -78.85425), (42.99909, -78.85416), (42.99972, -78.85321), (43.00081, -78.84942), (43.00096, -78.83887), (43.00153, -78.8342)]
(45, 7)[(43.01874, -78.82288), (43.00331, -78.82247), (43.00308, -78.82426), (43.00402, -78.82361), (43.00371, -78.81938), (43.00112, -78.81299), (42.99179, -78.8009), (42.98448, -78.79394), (42.97815, -78.7829), (42.96872, -78.77053), (42.9648, -78.76768), (42.94772, -78.76587), (42.93651, -78.76649), (42.93294, -78.76872), (42.93274, -78.79331), (42.9335, -78.799), (42.93546, -78.79901), (42.9356, -78.7923)]
(45, 8)[(43.01874, -78.82288), (43.01874, -78.82223), (43.00545, -78.82236), (42.95816, -78.82382), (42.95398, -78.82275), (42.95246, -78.82446), (42.95403, -78.82801)]
(45, 9)[(43.01874, -78.82288), (43.01874, -78.82223), (43.00484, -78.82254), (43.00141, -78.83605), (43.00105, -78.85117), (43.00057, -78.85344), (42.99837, -78.85202), (42.99542, -78.85266), (42.98713, -78.8528), (42.98663, -78.85381), (42.9866, -78.85722), (42.98592, -78.85838), (42.9774, -78.8585), (42.9774, -78.86235)]
(45, 10)[(43.01874, -78.82288), (43.01874, -78.82223), (42.97974, -78.82308), (42.97725, -78.81373), (42.96008, -78.81391), (42.95976, -78.81316), (42.96145, -78.80884), (42.95938, -78.80746)]
(45, 11)[(43.01874, -78.82288), (43.01874, -78.82223), (43.00545, -78.82236), (42.95816, -78.82382), (42.95853, -78.84498), (42.95648, -78.84504)]
(45, 12)[(43.01874, -78.82288), (43.01874, -78.82223), (43.00331, -78.82247), (43.00288, -78.82291), (43.00315, -78.82432), (43.00402, -78.82361), (43.0039, -78.82056), (43.00304, -78.81694), (43.00137, -78.81337), (42.99179, -78.8009), (42.98448, -78.79394), (42.97815, -78.7829), (42.96872, -78.77053), (42.96425, -78.76751), (42.95187, -78.76609), (42.95037, -78.76498), (42.94987, -78.76175), (42.95146, -78.75889), (42.95196, -78.75582), (42.95193, -78.74428), (42.9507, -78.73445), (42.95068, -78.70678), (42.94962, -78.69552)]
(45, 13)[(43.01874, -78.82288), (43.01874, -78.82223), (43.02429, -78.82216), (43.0243, -78.82169), (43.02243, -78.8117), (43.0212, -78.80821), (43.02037, -78.80794), (43.0199, -78.80688), (43.02052, -78.8035), (43.02007, -78.79899), (43.01738, -78.79899), (43.0174, -78.7968), (43.01791, -78.79607), (43.0203, -78.79571), (43.02129, -78.79468), (43.02441, -78.78759), (43.02544, -78.78202), (43.02552, -78.76759), (43.02635, -78.76424), (43.02887, -78.76139), (43.0348, -78.75907), (43.03481, -78.75773), (43.0343, -78.70326), (43.03339, -78.69695), (43.0274, -78.69692), (43.02734, -78.69145), (43.02483, -78.69151), (43.02478, -78.68477), (43.02394, -78.68256), (43.02376, -78.68021), (43.02041, -78.67958), (43.01933, -78.68026)]
(45, 14)[(43.01874, -78.82288), (42.95816, -78.82382), (42.95398, -78.82275), (42.91535, -78.86445), (42.91125, -78.86591), (42.91127, -78.87033), (42.90985, -78.87077), (42.90985, -78.87187)]
(45, 15)[(43.01874, -78.82288), (43.01874, -78.82223), (42.99091, -78.82268), (42.99072, -78.80196), (42.99149, -78.77062), (42.99103, -78.75794), (42.99112, -78.73332), (42.99003, -78.73332)]
(45, 16)[(43.01874, -78.82288), (43.01874, -78.82223), (42.99091, -78.82268), (42.99072, -78.80196), (42.99117, -78.79528), (42.99149, -78.77062), (42.99113, -78.76604), (42.99111, -78.75978), (42.99255, -78.75953)]
(45, 17)[(43.01874, -78.82288), (43.01874, -78.82223), (43.02429, -78.82216), (43.0243, -78.82169), (43.02243, -78.8117), (43.0212, -78.80821), (43.02037, -78.80794), (43.0199, -78.80688), (43.02052, -78.8035), (43.02007, -78.79899), (43.01738, -78.79899), (43.0174, -78.7968), (43.01791, -78.79607), (43.0203, -78.79571), (43.02129, -78.79468), (43.02441, -78.78759), (43.02544, -78.78202), (43.02552, -78.76759), (43.02635, -78.76424), (43.02887, -78.76139), (43.0348, -78.75907), (43.0342, -78.70188), (43.03339, -78.69695), (43.0274, -78.69692), (43.02734, -78.69145)]
(45, 18)[(43.01874, -78.82288), (43.00331, -78.82247), (43.00308, -78.82426), (43.00402, -78.82361), (43.00371, -78.81938), (43.00112, -78.81299), (42.99179, -78.8009), (42.98448, -78.79394), (42.97815, -78.7829), (42.96872, -78.77053), (42.9648, -78.76768), (42.94772, -78.76587), (42.89289, -78.76746), (42.88402, -78.7689), (42.88376, -78.75859), (42.88505, -78.75514), (42.88236, -78.75406), (42.88214, -78.74951), (42.88567, -78.73997)]
(45, 19)[(43.01874, -78.82288), (43.01874, -78.82223), (43.00331, -78.82247), (43.00288, -78.82291), (43.00308, -78.82426), (43.00402, -78.82361), (43.00371, -78.81938), (43.00127, -78.81321), (42.99179, -78.8009), (42.98448, -78.79394), (42.97815, -78.7829), (42.9768, -78.78209), (42.97645, -78.78387), (42.97852, -78.78381), (42.97811, -78.76787), (42.98039, -78.76908), (42.98189, -78.76549), (42.98347, -78.76463)]
(45, 20)[(43.01874, -78.82288), (43.01874, -78.82223), (43.00331, -78.82247), (43.00288, -78.82291), (43.00308, -78.82426), (43.00402, -78.82361), (43.00371, -78.81938), (43.00127, -78.81321), (42.99179, -78.8009), (42.98448, -78.79394), (42.97815, -78.7829), (42.9768, -78.78209), (42.97645, -78.78387), (42.97852, -78.78381), (42.97802, -78.76004), (42.97867, -78.75367), (42.97847, -78.73154), (42.98215, -78.73123), (42.98227, -78.73249)]
(45, 21)[(43.01874, -78.82288), (43.01874, -78.82223), (42.97974, -78.82308), (42.97738, -78.81469), (42.977, -78.81155), (42.97552, -78.80931), (42.96938, -78.80398), (42.95416, -78.80388), (42.95416, -78.79915)]
(45, 22)[(43.01874, -78.82288), (43.00331, -78.82247), (43.00308, -78.82426), (43.00402, -78.82361), (43.00371, -78.81938), (43.00112, -78.81299), (42.99179, -78.8009), (42.98448, -78.79394), (42.97815, -78.7829), (42.96872, -78.77053), (42.9648, -78.76768), (42.94772, -78.76587), (42.89289, -78.76746), (42.88402, -78.7689), (42.88376, -78.75859), (42.88505, -78.75514), (42.88236, -78.75406), (42.88155, -78.73487), (42.88307, -78.73372), (42.88586, -78.73563), (42.88795, -78.7333)]
(45, 23)[(43.01874, -78.82288), (43.00331, -78.82247), (43.00308, -78.82426), (43.00402, -78.82361), (43.00371, -78.81938), (43.00127, -78.81321), (42.99179, -78.8009), (42.98483, -78.79439), (42.97815, -78.7829), (42.96641, -78.76853), (42.94772, -78.76587), (42.93204, -78.76643), (42.93116, -78.76838), (42.93234, -78.76811), (42.93244, -78.76519), (42.93012, -78.75996), (42.93002, -78.74696), (42.92832, -78.74203), (42.92718, -78.74294), (42.92426, -78.74168), (42.90873, -78.72915), (42.90513, -78.72808), (42.90414, -78.72229), (42.90441, -78.71476), (42.90159, -78.70662), (42.89795, -78.70847), (42.89241, -78.70863), (42.89238, -78.70597), (42.88617, -78.70602)]
(45, 24)[(43.01874, -78.82288), (43.00331, -78.82247), (43.00308, -78.82426), (43.00402, -78.82361), (43.00371, -78.81938), (43.00112, -78.81299), (42.99179, -78.8009), (42.98448, -78.79394), (42.97815, -78.7829), (42.96872, -78.77053), (42.9648, -78.76768), (42.94772, -78.76587), (42.91353, -78.76658), (42.90927, -78.76971), (42.90703, -78.7784), (42.90721, -78.78218)]
(45, 25)[(43.01874, -78.82288), (43.01874, -78.82223), (43.02429, -78.82216), (43.0243, -78.82169), (43.02243, -78.8117), (43.0212, -78.80821), (43.02037, -78.80794), (43.0199, -78.80688), (43.02052, -78.8035), (43.02007, -78.79899), (43.01738, -78.79899), (43.0174, -78.7968), (43.01791, -78.79607), (43.0203, -78.79571), (43.02129, -78.79468), (43.02441, -78.78759), (43.02544, -78.78202), (43.02552, -78.76759), (43.02635, -78.76424), (43.02887, -78.76139), (43.0348, -78.75907), (43.03428, -78.70265), (43.03339, -78.69695), (43.01112, -78.69694), (43.01118, -78.69112), (43.0127, -78.68698), (43.01317, -78.6824), (43.00713, -78.68223)]
(45, 26)[(43.01874, -78.82288), (43.00331, -78.82247), (43.00308, -78.82426), (43.00402, -78.82361), (43.00371, -78.81938), (43.00127, -78.81321), (42.99179, -78.8009), (42.98483, -78.79439), (42.97815, -78.7829), (42.96641, -78.76853), (42.94772, -78.76587), (42.93204, -78.76643), (42.93116, -78.76838), (42.93234, -78.76811), (42.93244, -78.76519), (42.93012, -78.75996), (42.93002, -78.74696), (42.92857, -78.74242), (42.92426, -78.74168), (42.90873, -78.72915), (42.90513, -78.72808), (42.90414, -78.72229), (42.90468, -78.7112)]
(45, 27)[(43.01874, -78.82288), (43.00331, -78.82247), (43.00315, -78.82432), (43.00402, -78.82361), (43.0039, -78.82056), (43.00137, -78.81337), (42.99179, -78.8009), (42.98448, -78.79394), (42.97815, -78.7829), (42.96872, -78.77053), (42.96425, -78.76751), (42.95037, -78.76498), (42.94987, -78.76175), (42.95146, -78.75889), (42.95198, -78.7546), (42.95062, -78.73236), (42.95051, -78.70613), (42.94801, -78.70257), (42.94701, -78.69694), (42.93426, -78.69693), (42.93262, -78.68354), (42.93326, -78.67722), (42.93107, -78.67665), (42.92644, -78.67218), (42.91162, -78.67213), (42.90317, -78.67068), (42.90222, -78.6735)]
(45, 28)[(43.01874, -78.82288), (42.95816, -78.82382), (42.95398, -78.82275), (42.94025, -78.83799), (42.94031, -78.84532), (42.93661, -78.84437)]
(45, 29)[(43.01874, -78.82288), (43.01874, -78.82223), (43.00331, -78.82247), (43.00288, -78.82291), (43.00315, -78.82432), (43.00402, -78.82361), (43.0039, -78.82056), (43.00304, -78.81694), (43.00137, -78.81337), (42.99179, -78.8009), (42.98448, -78.79394), (42.97815, -78.7829), (42.96872, -78.77053), (42.96641, -78.76853), (42.96381, -78.76749), (42.96178, -78.76894), (42.9595, -78.76867), (42.95933, -78.77003), (42.95764, -78.77077)]
(45, 30)[(43.01874, -78.82288), (43.01874, -78.82223), (42.99091, -78.82268), (42.99072, -78.80196), (42.99149, -78.77062), (42.99103, -78.75794), (42.99108, -78.72), (42.98932, -78.70225), (42.98926, -78.67935), (42.99166, -78.67964), (42.99214, -78.6802), (42.99198, -78.68136)]
(45, 31)[(43.01874, -78.82288), (43.01874, -78.82223), (43.02512, -78.82215), (43.02504, -78.82061), (43.0233, -78.81375), (43.02323, -78.81212), (43.02229, -78.80903), (43.02245, -78.80681), (43.02107, -78.8012), (43.02132, -78.80034), (43.02211, -78.79948), (43.02221, -78.79899), (43.02671, -78.79913), (43.02668, -78.79771), (43.02623, -78.79655), (43.02458, -78.79497), (43.02407, -78.79376), (43.02372, -78.78821), (43.02403, -78.78217), (43.02167, -78.78299), (43.01931, -78.78301), (43.01726, -78.78283), (43.01563, -78.78213), (43.01279, -78.77934), (43.0118, -78.77894), (43.0108, -78.77901), (43.00816, -78.77414), (43.00657, -78.769), (43.00665, -78.76466), (43.00619, -78.76378), (43.00453, -78.76271), (43.00478, -78.76186), (43.00487, -78.75725), (43.0057, -78.75704), (43.00682, -78.75467), (43.00715, -78.74707), (43.0066, -78.74565), (43.00685, -78.74522)]
(45, 32)[(43.01874, -78.82288), (43.00331, -78.82247), (43.00315, -78.82432), (43.00402, -78.82361), (43.0039, -78.82056), (43.00137, -78.81337), (42.99179, -78.8009), (42.98448, -78.79394), (42.97815, -78.7829), (42.96872, -78.77053), (42.96425, -78.76751), (42.95037, -78.76498), (42.94987, -78.76175), (42.95146, -78.75889), (42.95198, -78.7546), (42.95062, -78.73236), (42.95067, -78.70763), (42.95016, -78.70496), (42.9478, -78.70201), (42.94701, -78.69694), (42.92383, -78.69691), (42.92383, -78.69949), (42.92306, -78.69947)]
(45, 33)[(43.01874, -78.82288), (43.00331, -78.82247), (43.00308, -78.82426), (43.00371, -78.81938), (43.00112, -78.81299), (42.98448, -78.79394), (42.96872, -78.77053), (42.96353, -78.76733), (42.88558, -78.76785), (42.87978, -78.77253), (42.8737, -78.78929), (42.85067, -78.7927), (42.84399, -78.77182), (42.84186, -78.75419), (42.82036, -78.75277), (42.82028, -78.71491), (42.81714, -78.7136)]
(45, 34)[(43.01874, -78.82288), (43.00472, -78.82273), (43.00141, -78.83605), (43.00094, -78.84986), (42.99602, -78.86271), (42.99291, -78.89901), (42.98811, -78.91305), (42.98581, -78.91437), (42.98026, -78.91011), (42.9743, -78.91159), (42.96498, -78.92133), (42.95444, -78.91056), (42.9436, -78.90807), (42.92888, -78.89887), (42.90288, -78.90096), (42.87942, -78.87927), (42.86946, -78.87875), (42.85227, -78.86365), (42.81726, -78.84655)]
(45, 35)[(43.01874, -78.82288), (43.00331, -78.82247), (43.00308, -78.82426), (43.0039, -78.82056), (43.00137, -78.81337), (42.98448, -78.79394), (42.96928, -78.77125), (42.95816, -78.76651), (42.88558, -78.76785), (42.87978, -78.77253), (42.87627, -78.78589), (42.8728, -78.78972), (42.82844, -78.79302), (42.82818, -78.80439), (42.81902, -78.80165), (42.81855, -78.7939)]
(45, 36)[(43.01874, -78.82288), (43.00331, -78.82247), (43.00315, -78.82432), (43.00402, -78.82361), (43.0039, -78.82056), (43.00137, -78.81337), (42.99179, -78.8009), (42.98448, -78.79394), (42.97815, -78.7829), (42.96815, -78.76992), (42.96353, -78.76733), (42.94772, -78.76587), (42.88316, -78.76872), (42.87941, -78.7733), (42.87697, -78.78324), (42.87614, -78.80865), (42.87201, -78.81711), (42.87206, -78.81998), (42.86657, -78.82394), (42.86109, -78.8173), (42.85848, -78.81987)]
(45, 37)[(43.01874, -78.82288), (43.00331, -78.82247), (43.00308, -78.82426), (43.0039, -78.82056), (43.00137, -78.81337), (42.98448, -78.79394), (42.96928, -78.77125), (42.95816, -78.76651), (42.88488, -78.76801), (42.87978, -78.77253), (42.8737, -78.78929), (42.8657, -78.79191), (42.85146, -78.79027), (42.84427, -78.79285), (42.82844, -78.79302), (42.82818, -78.80439), (42.832, -78.80562), (42.83328, -78.79874)]
(45, 38)[(43.01874, -78.82288), (43.00331, -78.82247), (43.00308, -78.82426), (43.00371, -78.81938), (43.00112, -78.81299), (42.98448, -78.79394), (42.96872, -78.77053), (42.96353, -78.76733), (42.88488, -78.76801), (42.87978, -78.77253), (42.87484, -78.78826), (42.8657, -78.79191), (42.85067, -78.7927), (42.84744, -78.78219), (42.84122, -78.78565), (42.8419, -78.78721), (42.84688, -78.78383)]
(45, 39)[(43.01874, -78.82288), (43.00331, -78.82247), (43.00308, -78.82426), (43.00371, -78.81938), (43.00112, -78.81299), (42.98448, -78.79394), (42.96872, -78.77053), (42.96425, -78.76751), (42.94772, -78.76587), (42.88488, -78.76801), (42.87978, -78.77253), (42.87484, -78.78826), (42.8657, -78.79191), (42.85052, -78.79261), (42.84815, -78.78254), (42.84122, -78.78565), (42.83973, -78.77527)]
(45, 40)[(43.01874, -78.82288), (43.00331, -78.82247), (43.00308, -78.82426), (43.00371, -78.81938), (43.00112, -78.81299), (42.98448, -78.79394), (42.96872, -78.77053), (42.96353, -78.76733), (42.88558, -78.76785), (42.87978, -78.77253), (42.87627, -78.78589), (42.8728, -78.78972), (42.85085, -78.79277), (42.84726, -78.78216), (42.84122, -78.78565), (42.84295, -78.79101), (42.83472, -78.78762)]
