(41, 0)[(42.97761, -78.80065), (42.97951, -78.79889), (42.98087, -78.82304), (42.98098, -78.88539), (42.96093, -78.88887), (42.96158, -78.894), (42.95996, -78.89425), (42.95379, -78.89998), (42.95341, -78.89921)]
(41, 1)[(42.97761, -78.80065), (42.98949, -78.78987), (42.99602, -78.78576), (42.99686, -78.78372), (42.99706, -78.77723), (42.99845, -78.77472), (43.00344, -78.77215), (43.00836, -78.77354), (43.01594, -78.76808), (43.02422, -78.76785), (43.02422, -78.76433)]
(41, 2)[(42.97761, -78.80065), (42.98949, -78.78987), (42.99602, -78.78576), (42.99686, -78.78372), (42.99706, -78.77723), (42.99823, -78.77491), (43.00344, -78.77215), (43.00742, -78.77365), (43.00914, -78.77313), (43.0168, -78.76737), (43.02425, -78.75919), (43.02426, -78.75324), (43.02369, -78.75137), (43.02374, -78.74049), (43.02492, -78.73788), (43.01937, -78.73788), (43.01907, -78.73363), (43.01771, -78.73319)]
(41, 3)[(42.97761, -78.80065), (42.96304, -78.81387), (42.94096, -78.81366), (42.94085, -78.82162), (42.94009, -78.82295), (42.94015, -78.8189)]
(41, 4)[(42.97761, -78.80065), (42.98302, -78.79541), (42.98209, -78.78995), (42.97815, -78.7829), (42.96928, -78.77125), (42.9648, -78.76768), (42.94772, -78.76587), (42.91683, -78.7664), (42.90858, -78.76682), (42.90757, -78.7679), (42.90803, -78.76935), (42.9091, -78.76884), (42.90895, -78.76316), (42.90705, -78.7544), (42.90288, -78.7543), (42.90381, -78.75584), (42.90215, -78.76992), (42.89617, -78.77147)]
(41, 5)[(42.97761, -78.80065), (42.97937, -78.79902), (42.9782, -78.7767), (42.97802, -78.76004), (42.97867, -78.75367), (42.97844, -78.72908), (42.97769, -78.72286), (42.97808, -78.70229), (42.98096, -78.70227), (42.98167, -78.69341), (42.98453, -78.69314)]
(41, 6)[(42.97761, -78.80065), (42.97937, -78.79902), (42.97811, -78.76787), (42.97286, -78.76184), (42.96821, -78.7593), (42.96561, -78.75638), (42.96105, -78.75549), (42.96632, -78.72323), (42.96526, -78.69675), (42.96878, -78.69676), (42.96916, -78.69596), (42.9688, -78.69289), (42.96952, -78.69289), (42.96952, -78.69178)]
(41, 7)[(42.97761, -78.80065), (42.96304, -78.81387), (42.95945, -78.81391), (42.95737, -78.81898), (42.93481, -78.8439), (42.93593, -78.84634), (42.93601, -78.85215), (42.93799, -78.85352)]
(41, 8)[(42.97761, -78.80065), (42.96304, -78.81387), (42.9331, -78.81365), (42.93311, -78.81503), (42.93225, -78.81522), (42.93016, -78.82049), (42.92964, -78.83189), (42.92853, -78.83549), (42.92681, -78.83859), (42.92278, -78.84327), (42.91469, -78.84368), (42.91461, -78.83779), (42.91564, -78.8378)]
(41, 9)[(42.97761, -78.80065), (42.96304, -78.81387), (42.95945, -78.81391), (42.95737, -78.81898), (42.94314, -78.83481), (42.94382, -78.83618), (42.94392, -78.84867), (42.94448, -78.85275), (42.94459, -78.8692), (42.94504, -78.86925)]
(41, 10)[(42.97761, -78.80065), (42.97937, -78.79902), (42.97852, -78.78381), (42.95519, -78.78402), (42.95523, -78.78738), (42.95503, -78.78739)]
(41, 11)[(42.97761, -78.80065), (42.96304, -78.81387), (42.95945, -78.81391), (42.95737, -78.81898), (42.92221, -78.85727), (42.92225, -78.87392), (42.92308, -78.87391)]
(41, 12)[(42.97761, -78.80065), (42.97937, -78.79902), (42.97852, -78.78381), (42.92671, -78.78406)]
(41, 13)[(42.97761, -78.80065), (42.97937, -78.79902), (42.9782, -78.7767), (42.97811, -78.76787), (42.97476, -78.76449), (42.97286, -78.76184), (42.96821, -78.7593), (42.96561, -78.75638), (42.96105, -78.75549), (42.96255, -78.74678), (42.96134, -78.7467), (42.95682, -78.74459), (42.95354, -78.74459), (42.95342, -78.74369)]
(41, 14)[(42.97761, -78.80065), (42.98513, -78.79359), (42.98538, -78.79266), (42.98467, -78.7914), (42.98426, -78.79142), (42.98396, -78.79202), (42.98468, -78.79375), (42.9868, -78.79621), (42.99223, -78.80102), (43.00102, -78.81241), (43.0031, -78.81614), (43.00406, -78.81931), (43.00535, -78.82024), (43.00545, -78.82236), (43.01684, -78.82225), (43.01684, -78.82099), (43.01733, -78.82099)]
(41, 15)[(42.97761, -78.80065), (42.97937, -78.79902), (42.9782, -78.7767), (42.97802, -78.76004), (42.97867, -78.75367), (42.97856, -78.73952), (42.97367, -78.73946), (42.97295, -78.73842), (42.97316, -78.73794), (42.9738, -78.73816)]
(41, 16)[(42.97761, -78.80065), (42.98302, -78.79541), (42.98229, -78.79051), (42.97815, -78.7829), (42.9673, -78.76914), (42.96353, -78.76733), (42.94772, -78.76587), (42.9436, -78.76652), (42.93204, -78.76643), (42.93098, -78.76729), (42.93136, -78.7685), (42.93238, -78.76798), (42.93244, -78.76519), (42.93022, -78.76045), (42.92993, -78.75412), (42.92541, -78.75415), (42.92538, -78.75592)]
(41, 17)[(42.97761, -78.80065), (42.96304, -78.81387), (42.95945, -78.81391), (42.95737, -78.81898), (42.92221, -78.85727), (42.92228, -78.86947), (42.92425, -78.87172), (42.92423, -78.87556), (42.92456, -78.87507)]
(41, 18)[(42.97761, -78.80065), (42.98244, -78.79622), (42.98308, -78.79516), (42.98251, -78.79354), (42.98234, -78.79071), (42.98209, -78.78995), (42.97859, -78.78358), (42.96872, -78.77053), (42.9673, -78.76914), (42.9648, -78.76768), (42.96353, -78.76733), (42.95911, -78.76666), (42.95718, -78.76699), (42.95683, -78.76629), (42.95705, -78.76551), (42.95935, -78.76419), (42.95968, -78.76358), (42.95983, -78.76307), (42.95901, -78.76306), (42.95889, -78.76241), (42.95274, -78.76235)]
(41, 19)[(42.97761, -78.80065), (42.96304, -78.81387), (42.93796, -78.81364), (42.93266, -78.82674), (42.91448, -78.8265), (42.91285, -78.8264), (42.91284, -78.82556)]
(41, 20)[(42.97761, -78.80065), (42.97937, -78.79902), (42.97852, -78.78381), (42.91174, -78.78436), (42.91184, -78.79284)]
(41, 21)[(42.97761, -78.80065), (42.97178, -78.80609), (42.96335, -78.81363), (42.96341, -78.81388), (42.96423, -78.81388), (42.96421, -78.81646), (42.96382, -78.81893), (42.96386, -78.82086), (42.96194, -78.82091), (42.96194, -78.8208), (42.96225, -78.82079)]
(41, 22)[(42.97761, -78.80065), (42.98302, -78.79541), (42.98209, -78.78995), (42.97815, -78.7829), (42.96928, -78.77125), (42.9648, -78.76768), (42.94772, -78.76587), (42.91683, -78.7664), (42.90858, -78.76682), (42.90757, -78.7679), (42.90792, -78.76929), (42.9091, -78.76884), (42.90895, -78.76316), (42.90705, -78.7544), (42.89316, -78.75443), (42.89266, -78.74152), (42.89387, -78.7341)]
(41, 23)[(42.97761, -78.80065), (42.97937, -78.79902), (42.97852, -78.78381), (42.95763, -78.784), (42.95764, -78.78733), (42.95737, -78.78733)]
(41, 24)[(42.97761, -78.80065), (42.96304, -78.81387), (42.95945, -78.81391), (42.95737, -78.81898), (42.94025, -78.83799), (42.94034, -78.84785), (42.93794, -78.84727)]
(41, 25)[(42.97761, -78.80065), (42.98728, -78.79167), (42.98933, -78.79001), (42.99073, -78.78811), (42.99127, -78.78778), (42.99148, -78.77121), (42.9933, -78.77128), (42.99413, -78.77165), (42.99444, -78.77162), (42.99469, -78.77133), (42.99475, -78.7708), (42.99459, -78.77026), (42.99494, -78.76952), (42.9948, -78.76901), (42.9949, -78.76813), (42.99473, -78.76743), (42.99356, -78.76675), (42.99323, -78.76563)]
(41, 26)[(42.97761, -78.80065), (42.98933, -78.79001), (42.99073, -78.78811), (42.99127, -78.78778), (42.99149, -78.77062), (42.99113, -78.76604), (42.99103, -78.75794), (42.99108, -78.72), (42.99273, -78.71902), (42.99655, -78.71757), (43.00005, -78.71738), (43.00003, -78.71612)]
(41, 27)[(42.97761, -78.80065), (42.97951, -78.79889), (42.98035, -78.81392), (42.98518, -78.81383), (42.98649, -78.81454), (42.98714, -78.81471), (42.99087, -78.81465), (42.99087, -78.81551), (42.99063, -78.81531), (42.99014, -78.81533), (42.99014, -78.81552), (42.99061, -78.8155), (42.99062, -78.81566)]
(41, 28)[(42.97761, -78.80065), (42.97951, -78.79889), (42.98079, -78.82104), (42.98087, -78.82551), (42.9834, -78.82922), (42.98638, -78.83317), (42.99027, -78.83305)]
(41, 29)[(42.97761, -78.80065), (42.97178, -78.80609), (42.96915, -78.80392), (42.95044, -78.80389), (42.94952, -78.80342), (42.94232, -78.80336), (42.93806, -78.79903), (42.93857, -78.79806), (42.93968, -78.79824)]
(41, 30)[(42.97761, -78.80065), (42.97937, -78.79902), (42.9782, -78.7767), (42.97802, -78.76004), (42.97867, -78.75367), (42.97844, -78.72908), (42.97769, -78.72286), (42.97822, -78.68283), (42.9869, -78.68274)]
(41, 31)[(42.97761, -78.80065), (42.98244, -78.79622), (42.98308, -78.79497), (42.98209, -78.78995), (42.97711, -78.78146), (42.96872, -78.77053), (42.96641, -78.76853), (42.96353, -78.76733), (42.95187, -78.76609), (42.95003, -78.76421), (42.94987, -78.76175), (42.95146, -78.75889), (42.95198, -78.7546), (42.95191, -78.74358), (42.95062, -78.73236), (42.95051, -78.70613), (42.94987, -78.70446), (42.94801, -78.70257), (42.94705, -78.69956), (42.94701, -78.69694), (42.93426, -78.69693), (42.93262, -78.68354), (42.93324, -78.67506)]
(41, 32)[(42.97761, -78.80065), (42.97937, -78.79902), (42.9782, -78.7767), (42.97802, -78.76004), (42.97867, -78.75367), (42.97856, -78.73952), (42.97154, -78.73942), (42.97154, -78.7388)]
(41, 33)[(42.97761, -78.80065), (42.98302, -78.79541), (42.98229, -78.79051), (42.97815, -78.7829), (42.96872, -78.77053), (42.96353, -78.76733), (42.94772, -78.76587), (42.89289, -78.76746), (42.88402, -78.7689), (42.88435, -78.7846), (42.87505, -78.78484), (42.87092, -78.7874), (42.8645, -78.78724), (42.8649, -78.79064), (42.86198, -78.79792), (42.86018, -78.80643), (42.85718, -78.80182)]
(41, 34)[(42.97761, -78.80065), (42.98308, -78.79516), (42.98209, -78.78995), (42.97887, -78.78401), (42.9673, -78.76914), (42.95816, -78.76651), (42.91945, -78.76633), (42.88488, -78.76801), (42.87978, -78.77253), (42.87638, -78.78556), (42.87484, -78.78826), (42.8657, -78.79191), (42.85383, -78.79099), (42.85085, -78.79277), (42.84815, -78.78254), (42.84625, -78.78232), (42.84122, -78.78565), (42.83964, -78.78251), (42.838, -78.78285)]
(41, 35)[(42.97761, -78.80065), (42.98302, -78.79541), (42.98209, -78.78995), (42.97815, -78.7829), (42.96928, -78.77125), (42.9648, -78.76768), (42.94772, -78.76587), (42.8843, -78.76818), (42.88034, -78.77161), (42.8783, -78.77722), (42.87647, -78.7859), (42.87614, -78.80865), (42.87201, -78.81711), (42.87206, -78.81998), (42.8645, -78.82541), (42.85984, -78.82552), (42.85596, -78.82774), (42.85488, -78.83221), (42.84702, -78.83231), (42.84697, -78.83723), (42.8487, -78.83724), (42.84847, -78.83936)]
(41, 36)[(42.97761, -78.80065), (42.98302, -78.79541), (42.98209, -78.78995), (42.9648, -78.76768), (42.94772, -78.76587), (42.88641, -78.76777), (42.88034, -78.77161), (42.87612, -78.78625), (42.87229, -78.7899), (42.85877, -78.79211), (42.85071, -78.79029), (42.84381, -78.79289), (42.81613, -78.79215), (42.80474, -78.8122), (42.78949, -78.82013), (42.78922, -78.82386), (42.80493, -78.82395), (42.80473, -78.81363)]
(41, 37)[(42.97761, -78.80065), (42.98308, -78.79516), (42.97887, -78.78401), (42.9673, -78.76914), (42.9564, -78.76638), (42.88488, -78.76801), (42.87978, -78.77253), (42.8737, -78.78929), (42.85067, -78.7927), (42.84361, -78.77001), (42.83943, -78.71335), (42.83614, -78.7019), (42.83224, -78.69691), (42.80128, -78.6969), (42.80246, -78.7017)]
(41, 38)[(42.97761, -78.80065), (42.98302, -78.79541), (42.98209, -78.78995), (42.9648, -78.76768), (42.94772, -78.76587), (42.88558, -78.76785), (42.87978, -78.77253), (42.87627, -78.78589), (42.87325, -78.78953), (42.8657, -78.79191), (42.85146, -78.79027), (42.84427, -78.79285), (42.82844, -78.79302), (42.82818, -78.80439), (42.8166, -78.80093), (42.81635, -78.81543)]
(41, 39)[(42.97761, -78.80065), (42.98308, -78.79516), (42.97887, -78.78401), (42.9673, -78.76914), (42.9564, -78.76638), (42.88488, -78.76801), (42.87978, -78.77253), (42.8737, -78.78929), (42.85085, -78.79277), (42.84399, -78.77182), (42.84186, -78.75419), (42.81129, -78.75185), (42.81129, -78.74494), (42.81252, -78.74628)]
(41, 40)[(42.97761, -78.80065), (42.98302, -78.79541), (42.98209, -78.78995), (42.96872, -78.77053), (42.96425, -78.76751), (42.88558, -78.76785), (42.87978, -78.77253), (42.8737, -78.78929), (42.85103, -78.7928), (42.84399, -78.77182), (42.84186, -78.75419), (42.80801, -78.7518)]
(42, 0)[(42.91536, -78.86511), (42.91536, -78.8655), (42.92065, -78.86384), (42.92057, -78.86693), (42.92084, -78.8679), (42.92588, -78.87363), (42.93138, -78.87378), (42.93209, -78.8744), (42.933, -78.8746), (42.93339, -78.87703), (42.93588, -78.87822), (42.93591, -78.88014), (42.93684, -78.88173), (42.93733, -78.88359), (42.93736, -78.88662), (42.93769, -78.88875), (42.93746, -78.88938), (42.93824, -78.88989), (42.93605, -78.89616), (42.9361, -78.89867), (42.93864, -78.89812), (42.94969, -78.90381), (42.95379, -78.89998), (42.95341, -78.89921)]
(42, 1)[(42.91536, -78.86511), (42.95737, -78.81898), (42.95976, -78.81316), (42.96304, -78.81387), (42.98746, -78.79152), (42.99579, -78.78604), (42.99686, -78.78372), (42.99706, -78.77723), (42.99823, -78.77491), (43.00344, -78.77215), (43.00836, -78.77354), (43.01594, -78.76808), (43.02422, -78.76785), (43.02422, -78.76433)]
(42, 2)[(42.91536, -78.86511), (42.92221, -78.85727), (42.92193, -78.84281), (42.92374, -78.84225), (42.92874, -78.83462), (42.92981, -78.82149), (42.93296, -78.81167), (42.93247, -78.76556), (42.93186, -78.76412), (42.93034, -78.76432), (42.93152, -78.76618), (42.94216, -78.76626), (42.94566, -78.76586), (42.94869, -78.76283), (42.95449, -78.76607), (42.95935, -78.76419), (42.96395, -78.73803), (42.96877, -78.73941), (42.9932, -78.73951), (43.01937, -78.73788), (43.01907, -78.73363), (43.01771, -78.73319)]
(42, 3)[(42.91536, -78.86511), (42.91535, -78.86445), (42.92221, -78.85727), (42.92193, -78.84281), (42.923, -78.84282), (42.92374, -78.84225), (42.92721, -78.83772), (42.92874, -78.83462), (42.92964, -78.83097), (42.92975, -78.82239), (42.92995, -78.82001), (42.93043, -78.81843), (42.93554, -78.81843), (42.93591, -78.8187), (42.93571, -78.81919), (42.93611, -78.81947), (42.94014, -78.81944), (42.94015, -78.8189)]
(42, 4)[(42.91536, -78.86511), (42.91527, -78.85511), (42.91474, -78.85297), (42.91468, -78.81374), (42.89694, -78.81403), (42.89786, -78.80696), (42.89758, -78.80455), (42.89899, -78.79766), (42.90215, -78.76992), (42.9007, -78.76982), (42.89903, -78.77132), (42.89617, -78.77147)]
(42, 5)[(42.91536, -78.86511), (42.91535, -78.86445), (42.92221, -78.85727), (42.92193, -78.84281), (42.92374, -78.84225), (42.92721, -78.83772), (42.92874, -78.83462), (42.92974, -78.83005), (42.92981, -78.82149), (42.93304, -78.81111), (42.93309, -78.79827), (42.93257, -78.7923), (42.93293, -78.77477), (42.93247, -78.76556), (42.93012, -78.75996), (42.93002, -78.74696), (42.92828, -78.74127), (42.92862, -78.74011), (42.93012, -78.73848), (42.93502, -78.71406), (42.93697, -78.71039), (42.9369, -78.7033), (42.93794, -78.69693), (42.98148, -78.69694), (42.98172, -78.69334), (42.98453, -78.69314)]
(42, 6)[(42.91536, -78.86511), (42.91535, -78.86445), (42.92221, -78.85727), (42.92193, -78.84281), (42.92374, -78.84225), (42.92721, -78.83772), (42.92874, -78.83462), (42.92974, -78.83005), (42.92981, -78.82149), (42.93304, -78.81111), (42.93309, -78.79827), (42.93257, -78.7923), (42.93293, -78.77477), (42.93247, -78.76556), (42.93012, -78.75996), (42.93002, -78.74696), (42.92828, -78.74127), (42.92862, -78.74011), (42.93012, -78.73848), (42.93502, -78.71406), (42.93697, -78.71039), (42.9369, -78.7033), (42.93794, -78.69693), (42.96878, -78.69676), (42.96916, -78.69596), (42.9688, -78.69289), (42.96952, -78.69289), (42.96952, -78.69178)]
(42, 7)[(42.91536, -78.86511), (42.91535, -78.86445), (42.92816, -78.85097), (42.93025, -78.85448), (42.93296, -78.8519), (42.9359, -78.85101), (42.93601, -78.85215), (42.93716, -78.85251), (42.93799, -78.85352)]
(42, 8)[(42.91536, -78.86511), (42.91527, -78.85511), (42.91475, -78.85321), (42.91461, -78.83779), (42.91564, -78.8378)]
(42, 9)[(42.91536, -78.86511), (42.91536, -78.8655), (42.92065, -78.86384), (42.92057, -78.86693), (42.92081, -78.86758), (42.92245, -78.86734), (42.92768, -78.86773), (42.92804, -78.86756), (42.929, -78.86573), (42.93232, -78.86493), (42.93369, -78.86568), (42.93485, -78.86588), (42.93691, -78.86722), (42.94462, -78.86815), (42.94459, -78.8692), (42.94504, -78.86925)]
(42, 10)[(42.91536, -78.86511), (42.91535, -78.86445), (42.92221, -78.85727), (42.92193, -78.84281), (42.92343, -78.84257), (42.92672, -78.83846), (42.92846, -78.83528), (42.92943, -78.83231), (42.92974, -78.83005), (42.92981, -78.82149), (42.93271, -78.81274), (42.93306, -78.81082), (42.93309, -78.79827), (42.93255, -78.79163), (42.93268, -78.78413), (42.94447, -78.78413), (42.9449, -78.78386), (42.94933, -78.78406), (42.95024, -78.78372), (42.95072, -78.78408), (42.95519, -78.78402), (42.95523, -78.78738), (42.95503, -78.78739)]
(42, 11)[(42.91536, -78.86511), (42.91536, -78.8655), (42.92065, -78.86384), (42.92057, -78.86693), (42.92061, -78.86715), (42.92082, -78.86765), (42.92084, -78.8679), (42.92228, -78.86947), (42.92225, -78.87392), (42.92308, -78.87391)]
(42, 12)[(42.91536, -78.86511), (42.91535, -78.86445), (42.92221, -78.85727), (42.92193, -78.84281), (42.923, -78.84282), (42.92374, -78.84225), (42.92721, -78.83772), (42.92874, -78.83462), (42.92943, -78.83231), (42.92974, -78.83005), (42.92981, -78.82149), (42.933, -78.81137), (42.93309, -78.79827), (42.93257, -78.7923), (42.93268, -78.78413), (42.92671, -78.78406)]
(42, 13)[(42.91536, -78.86511), (42.91535, -78.86445), (42.92221, -78.85727), (42.92193, -78.84281), (42.92374, -78.84225), (42.92721, -78.83772), (42.92874, -78.83462), (42.92974, -78.83005), (42.92981, -78.82149), (42.93304, -78.81111), (42.93309, -78.79827), (42.93257, -78.7923), (42.93293, -78.77477), (42.93247, -78.76556), (42.93022, -78.76045), (42.92993, -78.75412), (42.94959, -78.75461), (42.94962, -78.74459), (42.95354, -78.74459), (42.95342, -78.74369)]
(42, 14)[(42.91536, -78.86511), (42.95398, -78.82275), (42.95816, -78.82382), (43.01684, -78.82225), (43.01733, -78.82099)]
(42, 15)[(42.91536, -78.86511), (42.91535, -78.86445), (42.92221, -78.85727), (42.92193, -78.84281), (42.92374, -78.84225), (42.92721, -78.83772), (42.92874, -78.83462), (42.92974, -78.83005), (42.92981, -78.82149), (42.93296, -78.81167), (42.93309, -78.79827), (42.93257, -78.7923), (42.93293, -78.77477), (42.93247, -78.76556), (42.93186, -78.76412), (42.93029, -78.76441), (42.93047, -78.76564), (42.93152, -78.76618), (42.94216, -78.76626), (42.94566, -78.76586), (42.94765, -78.76333), (42.94869, -78.76283), (42.95102, -78.76333), (42.95295, -78.76538), (42.95449, -78.76607), (42.95908, -78.76437), (42.95983, -78.76307), (42.96395, -78.73803), (42.96877, -78.73941), (42.97367, -78.73946), (42.97295, -78.73842), (42.9738, -78.73816)]
(42, 16)[(42.91536, -78.86511), (42.91535, -78.86445), (42.92221, -78.85727), (42.92193, -78.84281), (42.92374, -78.84225), (42.92721, -78.83772), (42.92874, -78.83462), (42.92974, -78.83005), (42.92981, -78.82149), (42.93304, -78.81111), (42.93309, -78.79827), (42.93257, -78.7923), (42.93293, -78.77477), (42.93244, -78.76519), (42.93022, -78.76045), (42.92993, -78.75412), (42.92541, -78.75415), (42.92538, -78.75592)]
(42, 17)[(42.91536, -78.86511), (42.91536, -78.8655), (42.92065, -78.86384), (42.92057, -78.86693), (42.92063, -78.86725), (42.92082, -78.86765), (42.92084, -78.8679), (42.92425, -78.87172), (42.92423, -78.87556), (42.92456, -78.87507)]
(42, 18)[(42.91536, -78.86511), (42.91535, -78.86445), (42.92221, -78.85727), (42.92193, -78.84281), (42.92374, -78.84225), (42.92721, -78.83772), (42.92874, -78.83462), (42.92974, -78.83005), (42.92981, -78.82149), (42.93296, -78.81167), (42.93309, -78.79827), (42.93257, -78.7923), (42.93293, -78.77477), (42.93247, -78.76556), (42.93186, -78.76412), (42.93029, -78.76441), (42.93047, -78.76564), (42.93152, -78.76618), (42.94089, -78.76624), (42.94522, -78.7652), (42.9453, -78.76079), (42.94916, -78.75929), (42.95354, -78.7593), (42.95233, -78.75976), (42.95233, -78.76235), (42.95274, -78.76235)]
(42, 19)[(42.91536, -78.86511), (42.91527, -78.85511), (42.91474, -78.85297), (42.91448, -78.8264), (42.91285, -78.8264), (42.91284, -78.82556)]
(42, 20)[(42.91536, -78.86511), (42.91527, -78.85511), (42.91474, -78.85285), (42.91446, -78.82536), (42.91467, -78.81472), (42.90975, -78.81478), (42.90963, -78.79635), (42.91121, -78.79634), (42.91119, -78.79321), (42.91185, -78.79321), (42.91184, -78.79284)]
(42, 21)[(42.91536, -78.86511), (42.91535, -78.86445), (42.95398, -78.82275), (42.95816, -78.82382), (42.96103, -78.82372), (42.96098, -78.82082), (42.96225, -78.82079)]
(42, 22)[(42.91536, -78.86511), (42.91535, -78.86445), (42.92221, -78.85727), (42.92193, -78.84281), (42.92343, -78.84257), (42.92672, -78.83846), (42.92874, -78.83462), (42.92954, -78.83166), (42.92981, -78.82149), (42.93306, -78.81082), (42.93309, -78.79827), (42.93257, -78.7923), (42.93293, -78.77477), (42.93244, -78.76519), (42.93022, -78.76045), (42.92993, -78.75412), (42.89316, -78.75443), (42.89266, -78.74152), (42.89326, -78.73879), (42.89339, -78.73428), (42.89387, -78.7341)]
(42, 23)[(42.91536, -78.86511), (42.91535, -78.86445), (42.92221, -78.85727), (42.92193, -78.84281), (42.92343, -78.84257), (42.92672, -78.83846), (42.92943, -78.83231), (42.92981, -78.82149), (42.93306, -78.81082), (42.93268, -78.78413), (42.95646, -78.78401), (42.9565, -78.78735), (42.95737, -78.78733)]
(42, 24)[(42.91536, -78.86511), (42.91535, -78.86445), (42.93082, -78.84816), (42.93155, -78.84943), (42.93299, -78.84793), (42.93354, -78.84892), (42.93588, -78.84763), (42.93794, -78.84727)]
(42, 25)[(42.91536, -78.86511), (42.91535, -78.86445), (42.95737, -78.81898), (42.95976, -78.81316), (42.96008, -78.81391), (42.96304, -78.81387), (42.99127, -78.78778), (42.99148, -78.77121), (42.99444, -78.77162), (42.99494, -78.76952), (42.99473, -78.76743), (42.99356, -78.76675), (42.99323, -78.76563)]
(42, 26)[(42.91536, -78.86511), (42.92221, -78.85727), (42.92193, -78.84281), (42.92374, -78.84225), (42.92874, -78.83462), (42.92981, -78.82149), (42.93296, -78.81167), (42.93247, -78.76556), (42.93186, -78.76412), (42.93034, -78.76432), (42.93152, -78.76618), (42.94216, -78.76626), (42.94566, -78.76586), (42.94869, -78.76283), (42.95449, -78.76607), (42.95935, -78.76419), (42.96611, -78.72469), (42.97793, -78.7248), (42.97772, -78.72089), (42.98992, -78.72072), (42.99655, -78.71757), (43.00005, -78.71738), (43.00003, -78.71612)]
(42, 27)[(42.91536, -78.86511), (42.91535, -78.86445), (42.95398, -78.82275), (42.95816, -78.82382), (42.9909, -78.82245), (42.99087, -78.81551), (42.99014, -78.81533), (42.99062, -78.81566)]
(42, 28)[(42.91536, -78.86511), (42.91535, -78.86445), (42.95398, -78.82275), (42.95816, -78.82382), (42.97968, -78.82292), (42.98087, -78.82551), (42.98638, -78.83317), (42.99027, -78.83305)]
(42, 29)[(42.91536, -78.86511), (42.91535, -78.86445), (42.92221, -78.85727), (42.92193, -78.84281), (42.92343, -78.84257), (42.92602, -78.8394), (42.92815, -78.83599), (42.92926, -78.83298), (42.92974, -78.83005), (42.92981, -78.82149), (42.93271, -78.81274), (42.93304, -78.81111), (42.93306, -78.80211), (42.93279, -78.799), (42.93806, -78.79903), (42.93857, -78.79806), (42.93968, -78.79824)]
(42, 30)[(42.91536, -78.86511), (42.92221, -78.85727), (42.92193, -78.84281), (42.92374, -78.84225), (42.92874, -78.83462), (42.92981, -78.82149), (42.93304, -78.81111), (42.93247, -78.76556), (42.93012, -78.75996), (42.93002, -78.74696), (42.92828, -78.74127), (42.93012, -78.73848), (42.93502, -78.71406), (42.93697, -78.71039), (42.93794, -78.69693), (42.97615, -78.69677), (42.97645, -78.69445), (42.97825, -78.69401), (42.97822, -78.68283), (42.9869, -78.68274)]
(42, 31)[(42.91536, -78.86511), (42.92221, -78.85727), (42.92193, -78.84281), (42.92374, -78.84225), (42.92874, -78.83462), (42.92981, -78.82149), (42.93304, -78.81111), (42.93247, -78.76556), (42.93012, -78.75996), (42.93002, -78.74696), (42.92828, -78.74127), (42.93012, -78.73848), (42.93502, -78.71406), (42.93705, -78.70975), (42.93794, -78.69693), (42.93426, -78.69693), (42.93262, -78.68354), (42.93324, -78.67506)]
(42, 32)[(42.91536, -78.86511), (42.91535, -78.86445), (42.92221, -78.85727), (42.92193, -78.84281), (42.92374, -78.84225), (42.92721, -78.83772), (42.92874, -78.83462), (42.92974, -78.83005), (42.92981, -78.82149), (42.93296, -78.81167), (42.93309, -78.79827), (42.93257, -78.7923), (42.93293, -78.77477), (42.93247, -78.76556), (42.93186, -78.76412), (42.93029, -78.76441), (42.93047, -78.76564), (42.93152, -78.76618), (42.94216, -78.76626), (42.94566, -78.76586), (42.94765, -78.76333), (42.94869, -78.76283), (42.95102, -78.76333), (42.95295, -78.76538), (42.95449, -78.76607), (42.95908, -78.76437), (42.95983, -78.76307), (42.96395, -78.73803), (42.96877, -78.73941), (42.97154, -78.73942), (42.97154, -78.7388)]
(42, 33)[(42.91536, -78.86511), (42.91533, -78.86232), (42.90156, -78.86261), (42.8913, -78.86596), (42.89003, -78.86915), (42.88018, -78.87271), (42.87722, -78.87298), (42.87542, -78.86296), (42.87347, -78.8586), (42.86797, -78.82986), (42.86653, -78.82726), (42.86513, -78.82744), (42.86404, -78.82139), (42.8584, -78.81326), (42.86018, -78.80643), (42.85722, -78.80298), (42.85718, -78.80182)]
(42, 34)[(42.91536, -78.86511), (42.91533, -78.86232), (42.90156, -78.86261), (42.8913, -78.86596), (42.89003, -78.86915), (42.88018, -78.87271), (42.87722, -78.87298), (42.87542, -78.86296), (42.87347, -78.8586), (42.8676, -78.82878), (42.86641, -78.82717), (42.86513, -78.82744), (42.86404, -78.82139), (42.8587, -78.81363), (42.84638, -78.79923), (42.84151, -78.78621), (42.83964, -78.78251), (42.838, -78.78285)]
(42, 35)[(42.91536, -78.86511), (42.91539, -78.86918), (42.88708, -78.87795), (42.88605, -78.87906), (42.88613, -78.87989), (42.88523, -78.88019), (42.88173, -78.87865), (42.87925, -78.87894), (42.87574, -78.87806), (42.87006, -78.87902), (42.86392, -78.8746), (42.85227, -78.86365), (42.83918, -78.85718), (42.84206, -78.84719), (42.84572, -78.84106), (42.84697, -78.83723), (42.8487, -78.83724), (42.84847, -78.83936)]
(42, 36)[(42.91536, -78.86511), (42.91539, -78.86918), (42.88708, -78.87795), (42.88523, -78.88019), (42.87574, -78.87806), (42.86946, -78.87875), (42.85227, -78.86365), (42.82774, -78.85092), (42.82583, -78.824), (42.80493, -78.82395), (42.80473, -78.81363)]
(42, 37)[(42.91536, -78.86511), (42.91533, -78.86232), (42.90156, -78.86261), (42.8913, -78.86596), (42.89003, -78.86915), (42.87716, -78.87289), (42.87542, -78.86296), (42.87347, -78.8586), (42.86787, -78.82863), (42.86888, -78.82117), (42.8758, -78.80975), (42.8756, -78.79155), (42.87303, -78.78983), (42.8657, -78.79191), (42.85399, -78.79098), (42.8514, -78.79277), (42.85001, -78.79193), (42.84915, -78.78394), (42.84361, -78.77001), (42.84318, -78.75065), (42.83915, -78.71135), (42.83719, -78.7043), (42.83352, -78.69975), (42.83295, -78.69719), (42.80128, -78.6969), (42.80127, -78.70176), (42.80246, -78.7017)]
(42, 38)[(42.91536, -78.86511), (42.91539, -78.86918), (42.88708, -78.87795), (42.88523, -78.88019), (42.87574, -78.87806), (42.86946, -78.87875), (42.85227, -78.86365), (42.82774, -78.85092), (42.82583, -78.824), (42.81628, -78.82401), (42.81635, -78.81543)]
(42, 39)[(42.91536, -78.86511), (42.91533, -78.86232), (42.90156, -78.86261), (42.8913, -78.86596), (42.89003, -78.86915), (42.87722, -78.87298), (42.87542, -78.86296), (42.87347, -78.8586), (42.86797, -78.82986), (42.86653, -78.82726), (42.86513, -78.82744), (42.86404, -78.82139), (42.84638, -78.79923), (42.84326, -78.79081), (42.83565, -78.78844), (42.8311, -78.77719), (42.82324, -78.77391), (42.81119, -78.76239), (42.81129, -78.74494), (42.81252, -78.74495), (42.81252, -78.74628)]
(42, 40)[(42.91536, -78.86511), (42.91533, -78.86232), (42.90156, -78.86261), (42.8913, -78.86596), (42.89003, -78.86915), (42.87722, -78.87298), (42.87542, -78.86296), (42.87347, -78.8586), (42.86797, -78.82986), (42.86653, -78.82726), (42.86513, -78.82744), (42.86404, -78.82139), (42.84638, -78.79923), (42.84326, -78.79081), (42.83565, -78.78844), (42.8311, -78.77719), (42.82324, -78.77391), (42.81119, -78.76239), (42.81129, -78.75185), (42.80801, -78.7518)]
(43, 0)[(42.92247, -78.75388), (42.93037, -78.75414), (42.93028, -78.75959), (42.93245, -78.76452), (42.93306, -78.77511), (42.93273, -78.79279), (42.9332, -78.79844), (42.93317, -78.81129), (42.93007, -78.82096), (42.92939, -78.83308), (42.92745, -78.8376), (42.92355, -78.84357), (42.92995, -78.85427), (42.93248, -78.85686), (42.93333, -78.85875), (42.93466, -78.87113), (42.93397, -78.87483), (42.93438, -78.87823), (42.93706, -78.88232), (42.93746, -78.88938), (42.93824, -78.88989), (42.93605, -78.89616), (42.9361, -78.89867), (42.93864, -78.89812), (42.94969, -78.90381), (42.95379, -78.89998), (42.95341, -78.89921)]
(43, 1)[(42.92247, -78.75388), (42.93037, -78.75414), (42.93073, -78.76127), (42.93587, -78.76601), (42.94488, -78.76612), (42.9489, -78.76281), (42.95396, -78.76595), (42.96664, -78.76835), (42.97824, -78.7826), (42.98251, -78.79003), (42.98574, -78.79273), (42.99602, -78.78576), (42.99706, -78.77723), (42.99865, -78.77457), (43.00344, -78.77215), (43.00836, -78.77354), (43.01594, -78.76808), (43.02422, -78.76785), (43.02422, -78.76433)]
(43, 2)[(42.92247, -78.75388), (42.96105, -78.75549), (42.96395, -78.73803), (42.96877, -78.73941), (42.9932, -78.73951), (43.01937, -78.73788), (43.01907, -78.73363), (43.01771, -78.73319)]
(43, 3)[(42.92247, -78.75388), (42.92246, -78.75415), (42.93037, -78.75414), (42.93035, -78.76007), (42.93073, -78.76127), (42.93212, -78.76351), (42.93256, -78.76532), (42.93259, -78.76935), (42.93306, -78.77511), (42.93308, -78.78719), (42.93274, -78.79331), (42.93316, -78.79732), (42.9332, -78.80691), (42.93346, -78.81047), (42.93385, -78.81046), (42.93397, -78.81843), (42.93554, -78.81843), (42.93591, -78.8187), (42.93571, -78.81919), (42.93611, -78.81947), (42.94014, -78.81944), (42.94015, -78.8189)]
(43, 4)[(42.92247, -78.75388), (42.92246, -78.75415), (42.90273, -78.75437), (42.90278, -78.75506), (42.90378, -78.75515), (42.90381, -78.75584), (42.90215, -78.76992), (42.9007, -78.76982), (42.89903, -78.77132), (42.89617, -78.77147)]
(43, 5)[(42.92247, -78.75388), (42.92707, -78.75414), (42.93502, -78.71406), (42.93697, -78.71039), (42.9369, -78.7033), (42.93794, -78.69693), (42.98148, -78.69694), (42.98172, -78.69334), (42.98453, -78.69314)]
(43, 6)[(42.92247, -78.75388), (42.92707, -78.75414), (42.93502, -78.71406), (42.93697, -78.71039), (42.9369, -78.7033), (42.93794, -78.69693), (42.96878, -78.69676), (42.96916, -78.69596), (42.9688, -78.69289), (42.96952, -78.69289), (42.96952, -78.69178)]
(43, 7)[(42.92247, -78.75388), (42.93037, -78.75414), (42.93028, -78.75959), (42.93245, -78.76452), (42.93306, -78.77511), (42.93273, -78.79279), (42.9332, -78.79844), (42.93317, -78.81129), (42.93007, -78.82096), (42.92939, -78.83308), (42.92745, -78.8376), (42.92355, -78.84357), (42.93009, -78.85439), (42.93296, -78.8519), (42.9359, -78.85101), (42.93601, -78.85215), (42.93799, -78.85352)]
(43, 8)[(42.92247, -78.75388), (42.93037, -78.75414), (42.93035, -78.76007), (42.93245, -78.76452), (42.93306, -78.77511), (42.93273, -78.79279), (42.9332, -78.79844), (42.93321, -78.81081), (42.93007, -78.82096), (42.92939, -78.83308), (42.92709, -78.83817), (42.92278, -78.84327), (42.91469, -78.84368), (42.91461, -78.83779), (42.91564, -78.8378)]
(43, 9)[(42.92247, -78.75388), (42.93037, -78.75414), (42.93028, -78.75959), (42.93245, -78.76452), (42.93306, -78.77511), (42.93273, -78.79279), (42.9332, -78.79844), (42.93317, -78.81129), (42.93007, -78.82096), (42.92939, -78.83308), (42.92745, -78.8376), (42.92355, -78.84357), (42.92995, -78.85427), (42.93297, -78.85763), (42.93429, -78.86656), (42.93534, -78.86626), (42.93691, -78.86722), (42.94462, -78.86815), (42.94459, -78.8692), (42.94504, -78.86925)]
(43, 10)[(42.92247, -78.75388), (42.92246, -78.75415), (42.93037, -78.75414), (42.93035, -78.76007), (42.93073, -78.76127), (42.93212, -78.76351), (42.93252, -78.76498), (42.93331, -78.78413), (42.94447, -78.78413), (42.9449, -78.78386), (42.94933, -78.78406), (42.95024, -78.78372), (42.95072, -78.78408), (42.95519, -78.78402), (42.95523, -78.78738), (42.95503, -78.78739)]
(43, 11)[(42.92247, -78.75388), (42.93037, -78.75414), (42.93035, -78.76007), (42.93256, -78.76532), (42.93306, -78.77511), (42.93274, -78.79331), (42.9332, -78.79844), (42.93317, -78.81129), (42.93007, -78.82096), (42.92939, -78.83308), (42.92745, -78.8376), (42.92355, -78.84328), (42.92764, -78.8501), (42.92765, -78.8515), (42.92221, -78.85727), (42.92225, -78.87392), (42.92308, -78.87391)]
(43, 12)[(42.92247, -78.75388), (42.92246, -78.75415), (42.92707, -78.75414), (42.9253, -78.76299), (42.92495, -78.76541), (42.92456, -78.76937), (42.92452, -78.77483), (42.92218, -78.78423), (42.92671, -78.7842), (42.92671, -78.78406)]
(43, 13)[(42.92247, -78.75388), (42.92246, -78.75415), (42.92707, -78.75414), (42.92913, -78.74374), (42.92996, -78.744), (42.95354, -78.74459), (42.95342, -78.74369)]
(43, 14)[(42.92247, -78.75388), (42.93037, -78.75414), (42.93073, -78.76127), (42.93587, -78.76601), (42.94488, -78.76612), (42.9489, -78.76281), (42.95396, -78.76595), (42.96664, -78.76835), (42.97824, -78.7826), (42.98573, -78.7951), (42.99223, -78.80102), (43.00102, -78.81241), (43.00535, -78.82024), (43.00545, -78.82236), (43.01684, -78.82225), (43.01733, -78.82099)]
(43, 15)[(42.92247, -78.75388), (42.94849, -78.75438), (42.95904, -78.75482), (42.96105, -78.75549), (42.96395, -78.73803), (42.96877, -78.73941), (42.97367, -78.73946), (42.97295, -78.73842), (42.9738, -78.73816)]
(43, 16)[(42.92247, -78.75388), (42.92246, -78.75415), (42.92541, -78.75415), (42.92538, -78.75592)]
(43, 17)[(42.92247, -78.75388), (42.93037, -78.75414), (42.93028, -78.75959), (42.93245, -78.76452), (42.93306, -78.77511), (42.93273, -78.79279), (42.9332, -78.79844), (42.93317, -78.81129), (42.93007, -78.82096), (42.92988, -78.82971), (42.92917, -78.8338), (42.92745, -78.8376), (42.92355, -78.84328), (42.92764, -78.8501), (42.92765, -78.8515), (42.92221, -78.85727), (42.92228, -78.86947), (42.92425, -78.87172), (42.92423, -78.87556), (42.92456, -78.87507)]
(43, 18)[(42.92247, -78.75388), (42.92246, -78.75415), (42.94914, -78.75449), (42.94959, -78.75461), (42.9496, -78.75928), (42.95354, -78.7593), (42.95233, -78.75976), (42.95233, -78.76235), (42.95274, -78.76235)]
(43, 19)[(42.92247, -78.75388), (42.92246, -78.75415), (42.92707, -78.75414), (42.92495, -78.76541), (42.92456, -78.76937), (42.92452, -78.77483), (42.91848, -78.79915), (42.91579, -78.80587), (42.91675, -78.8065), (42.91701, -78.80705), (42.91702, -78.81372), (42.91468, -78.81374), (42.91448, -78.82429), (42.91282, -78.82426), (42.91284, -78.82556)]
(43, 20)[(42.92247, -78.75388), (42.92246, -78.75415), (42.92707, -78.75414), (42.9253, -78.76299), (42.92495, -78.76541), (42.92456, -78.76937), (42.92452, -78.77483), (42.92218, -78.78423), (42.91174, -78.78436), (42.91184, -78.79284)]
(43, 21)[(42.92247, -78.75388), (42.92246, -78.75415), (42.93037, -78.75414), (42.93035, -78.76007), (42.93073, -78.76127), (42.93212, -78.76351), (42.93256, -78.76532), (42.93259, -78.76935), (42.93306, -78.77511), (42.93308, -78.78719), (42.93274, -78.79331), (42.9335, -78.799), (42.93806, -78.79903), (42.94232, -78.80336), (42.94889, -78.80343), (42.94898, -78.81371), (42.95945, -78.81391), (42.95766, -78.81852), (42.95803, -78.81919), (42.95807, -78.82089), (42.96225, -78.82079)]
(43, 22)[(42.92247, -78.75388), (42.92246, -78.75415), (42.89316, -78.75443), (42.89304, -78.74522), (42.89266, -78.74152), (42.89326, -78.73879), (42.89339, -78.73428), (42.89387, -78.7341)]
(43, 23)[(42.92247, -78.75388), (42.92246, -78.75415), (42.93037, -78.75414), (42.93035, -78.76007), (42.93073, -78.76127), (42.93212, -78.76351), (42.93252, -78.76498), (42.93331, -78.78413), (42.94447, -78.78413), (42.9449, -78.78386), (42.94933, -78.78406), (42.95024, -78.78372), (42.95072, -78.78408), (42.95646, -78.78401), (42.9565, -78.78735), (42.95737, -78.78733)]
(43, 24)[(42.92247, -78.75388), (42.93037, -78.75414), (42.93035, -78.76007), (42.93252, -78.76498), (42.93306, -78.77511), (42.93273, -78.79279), (42.9332, -78.79844), (42.93321, -78.81081), (42.93029, -78.81999), (42.92986, -78.82297), (42.93019, -78.82674), (42.93093, -78.82675), (42.93093, -78.82916), (42.93168, -78.82917), (42.93086, -78.83115), (42.93123, -78.83141), (42.93133, -78.8393), (42.93402, -78.83929), (42.93406, -78.84253), (42.93573, -78.84556), (42.93588, -78.84763), (42.93794, -78.84727)]
(43, 25)[(42.92247, -78.75388), (42.95904, -78.75482), (42.96511, -78.75615), (42.96821, -78.7593), (42.97286, -78.76184), (42.97476, -78.76449), (42.97967, -78.76909), (42.98052, -78.76892), (42.98204, -78.76529), (42.98539, -78.76365), (42.98958, -78.7602), (42.99111, -78.75978), (42.99148, -78.77121), (42.99432, -78.77167), (42.99472, -78.77114), (42.99488, -78.76789), (42.99356, -78.76675), (42.99323, -78.76563)]
(43, 26)[(42.92247, -78.75388), (42.94849, -78.75438), (42.95904, -78.75482), (42.96105, -78.75549), (42.96611, -78.72469), (42.97793, -78.7248), (42.97772, -78.72089), (42.98992, -78.72072), (42.99655, -78.71757), (43.00005, -78.71738), (43.00003, -78.71612)]
(43, 27)[(42.92247, -78.75388), (42.93037, -78.75414), (42.93027, -78.75939), (42.93073, -78.76127), (42.93212, -78.76323), (42.93355, -78.76367), (42.93587, -78.76601), (42.94488, -78.76612), (42.9461, -78.76549), (42.94765, -78.76333), (42.9489, -78.76281), (42.95134, -78.76353), (42.95396, -78.76595), (42.96363, -78.76709), (42.96752, -78.76899), (42.97824, -78.7826), (42.98278, -78.79031), (42.98464, -78.79113), (42.98574, -78.79273), (42.98867, -78.79054), (42.98938, -78.79236), (42.99122, -78.79222), (42.99072, -78.80196), (42.99087, -78.81551), (42.99014, -78.81533), (42.99062, -78.81566)]
(43, 28)[(42.92247, -78.75388), (42.93037, -78.75414), (42.93027, -78.75939), (42.93073, -78.76127), (42.93212, -78.76323), (42.93355, -78.76367), (42.93587, -78.76601), (42.94488, -78.76612), (42.9461, -78.76549), (42.94765, -78.76333), (42.9489, -78.76281), (42.95134, -78.76353), (42.95396, -78.76595), (42.96529, -78.76757), (42.96935, -78.77099), (42.97824, -78.7826), (42.98278, -78.79031), (42.98464, -78.79113), (42.98574, -78.79273), (42.98867, -78.79054), (42.98938, -78.79236), (42.99122, -78.79222), (42.99072, -78.80196), (42.99101, -78.83304), (42.99027, -78.83305)]
(43, 29)[(42.92247, -78.75388), (42.92246, -78.75415), (42.93037, -78.75414), (42.93035, -78.76007), (42.93073, -78.76127), (42.93212, -78.76351), (42.93256, -78.76532), (42.93259, -78.76935), (42.93306, -78.77511), (42.93308, -78.78719), (42.93274, -78.79331), (42.9335, -78.799), (42.93806, -78.79903), (42.93857, -78.79806), (42.93968, -78.79824)]
(43, 30)[(42.92247, -78.75388), (42.92707, -78.75414), (42.93502, -78.71406), (42.93697, -78.71039), (42.9369, -78.7033), (42.93794, -78.69693), (42.97615, -78.69677), (42.97645, -78.69445), (42.97825, -78.69401), (42.97822, -78.68283), (42.9869, -78.68274)]
(43, 31)[(42.92247, -78.75388), (42.92246, -78.75415), (42.92707, -78.75414), (42.93502, -78.71406), (42.93547, -78.71284), (42.93661, -78.71131), (42.93702, -78.71003), (42.9369, -78.7033), (42.93734, -78.69933), (42.93794, -78.69693), (42.93426, -78.69693), (42.93262, -78.68354), (42.93326, -78.67722), (42.93324, -78.67506)]
(43, 32)[(42.92247, -78.75388), (42.94849, -78.75438), (42.95904, -78.75482), (42.96105, -78.75549), (42.96395, -78.73803), (42.96877, -78.73941), (42.97154, -78.73942), (42.97154, -78.7388)]
(43, 33)[(42.92247, -78.75388), (42.90273, -78.75437), (42.90278, -78.75506), (42.90378, -78.75515), (42.90381, -78.75584), (42.90049, -78.78464), (42.8987, -78.78474), (42.89836, -78.78416), (42.87505, -78.78484), (42.87145, -78.78732), (42.8645, -78.78724), (42.8649, -78.79064), (42.86198, -78.79792), (42.86018, -78.80643), (42.85722, -78.80298), (42.85718, -78.80182)]
(43, 34)[(42.92247, -78.75388), (42.90721, -78.75439), (42.90903, -78.76231), (42.90928, -78.76903), (42.91089, -78.76933), (42.91145, -78.76772), (42.91007, -78.76676), (42.88641, -78.76777), (42.8827, -78.76902), (42.87941, -78.7733), (42.87591, -78.7867), (42.87229, -78.7899), (42.8657, -78.79191), (42.85362, -78.79102), (42.85085, -78.79277), (42.84815, -78.78254), (42.84625, -78.78232), (42.84122, -78.78565), (42.83964, -78.78251), (42.838, -78.78285)]
(43, 35)[(42.92247, -78.75388), (42.90721, -78.75439), (42.90746, -78.7571), (42.90903, -78.76231), (42.90928, -78.76903), (42.91089, -78.76933), (42.91145, -78.76772), (42.91007, -78.76676), (42.88558, -78.76785), (42.88316, -78.76872), (42.8815, -78.77012), (42.87894, -78.77466), (42.87659, -78.78509), (42.87614, -78.80865), (42.8752, -78.81191), (42.87201, -78.81711), (42.87206, -78.81998), (42.8645, -78.82541), (42.85984, -78.82552), (42.85596, -78.82774), (42.85488, -78.83042), (42.85488, -78.83221), (42.84702, -78.83231), (42.84697, -78.83723), (42.8487, -78.83724), (42.84847, -78.83936)]
(43, 36)[(42.92247, -78.75388), (42.90721, -78.75439), (42.90903, -78.76231), (42.90928, -78.76903), (42.91089, -78.76933), (42.91145, -78.76772), (42.91007, -78.76676), (42.88641, -78.76777), (42.8827, -78.76902), (42.87941, -78.7733), (42.87591, -78.7867), (42.8728, -78.78972), (42.86335, -78.79201), (42.85071, -78.79029), (42.84381, -78.79289), (42.83481, -78.79303), (42.82789, -78.79108), (42.81613, -78.79215), (42.81262, -78.79585), (42.80474, -78.8122), (42.80067, -78.81559), (42.79468, -78.81738), (42.79269, -78.82017), (42.78949, -78.82013), (42.78922, -78.82386), (42.80493, -78.82395), (42.80473, -78.81363)]
(43, 37)[(42.92247, -78.75388), (42.8852, -78.7546), (42.87805, -78.75319), (42.842, -78.7542), (42.84243, -78.7556), (42.84327, -78.7546), (42.84318, -78.75065), (42.83925, -78.71191), (42.83719, -78.7043), (42.83352, -78.69975), (42.83295, -78.69719), (42.80128, -78.6969), (42.80127, -78.70176), (42.80246, -78.7017)]
(43, 38)[(42.92247, -78.75388), (42.90721, -78.75439), (42.90903, -78.76231), (42.90928, -78.76903), (42.91089, -78.76933), (42.91145, -78.76772), (42.91007, -78.76676), (42.88641, -78.76777), (42.8827, -78.76902), (42.87941, -78.7733), (42.87612, -78.78625), (42.87325, -78.78953), (42.8657, -78.79191), (42.85798, -78.79212), (42.85146, -78.79027), (42.84427, -78.79285), (42.82844, -78.79302), (42.82818, -78.80439), (42.8166, -78.80093), (42.81635, -78.81543)]
(43, 39)[(42.92247, -78.75388), (42.8852, -78.7546), (42.87805, -78.75319), (42.85454, -78.75466), (42.82645, -78.75335), (42.81129, -78.75185), (42.81129, -78.74494), (42.81252, -78.74495), (42.81252, -78.74628)]
(43, 40)[(42.92247, -78.75388), (42.8852, -78.7546), (42.87805, -78.75319), (42.85454, -78.75466), (42.80801, -78.7518)]
(44, 0)[(42.97483, -78.85841), (42.98099, -78.8586), (42.98098, -78.88539), (42.96093, -78.88887), (42.96158, -78.894), (42.95996, -78.89425), (42.95379, -78.89998), (42.95341, -78.89921)]
(44, 1)[(42.97483, -78.85841), (42.98555, -78.85858), (42.9866, -78.85722), (42.98663, -78.85381), (42.98713, -78.8528), (42.99542, -78.85266), (42.9999, -78.85172), (43.00089, -78.84866), (43.00121, -78.83606), (43.00384, -78.82651), (43.00405, -78.82204), (43.00268, -78.81598), (43.00146, -78.81358), (42.99786, -78.80947), (42.9976, -78.80664), (42.99933, -78.80417), (43.00157, -78.80289), (43.00894, -78.8029), (43.01417, -78.80148), (43.01746, -78.79922), (43.02112, -78.79497), (43.0239, -78.78927), (43.02509, -78.78222), (43.02403, -78.78217), (43.02422, -78.76433)]
(44, 2)[(42.97483, -78.85841), (42.98079, -78.8586), (42.98071, -78.82304), (42.97937, -78.79902), (42.99112, -78.78856), (42.99602, -78.78576), (42.99686, -78.78372), (42.99706, -78.77723), (42.99823, -78.77491), (43.00344, -78.77215), (43.00742, -78.77365), (43.00914, -78.77313), (43.0168, -78.76737), (43.02425, -78.75919), (43.02426, -78.75324), (43.02369, -78.75137), (43.02374, -78.74049), (43.02492, -78.73788), (43.01937, -78.73788), (43.01907, -78.73363), (43.01771, -78.73319)]
(44, 3)[(42.97483, -78.85841), (42.97439, -78.85839), (42.97438, -78.85602), (42.97256, -78.85311), (42.96477, -78.84357), (42.96438, -78.84384), (42.96119, -78.84394), (42.94503, -78.84409), (42.94493, -78.83522), (42.94407, -78.83379), (42.94385, -78.83404), (42.94012, -78.82812), (42.94015, -78.8189)]
(44, 4)[(42.97483, -78.85841), (42.98079, -78.8586), (42.98071, -78.82304), (42.97937, -78.79902), (42.98308, -78.79497), (42.98209, -78.78995), (42.97887, -78.78401), (42.96872, -78.77053), (42.96353, -78.76733), (42.94772, -78.76587), (42.90858, -78.76682), (42.90757, -78.7679), (42.90803, -78.76935), (42.9091, -78.76884), (42.90895, -78.76316), (42.90705, -78.7544), (42.90288, -78.7543), (42.90381, -78.75584), (42.90215, -78.76992), (42.89617, -78.77147)]
(44, 5)[(42.97483, -78.85841), (42.98079, -78.8586), (42.9807, -78.82283), (42.9782, -78.7767), (42.97802, -78.76004), (42.97867, -78.75367), (42.97844, -78.72908), (42.97769, -78.72286), (42.97808, -78.70229), (42.98096, -78.70227), (42.98167, -78.69341), (42.98453, -78.69314)]
(44, 6)[(42.97483, -78.85841), (42.98079, -78.8586), (42.9807, -78.82283), (42.97843, -78.78222), (42.97811, -78.76787), (42.97286, -78.76184), (42.96821, -78.7593), (42.96561, -78.75638), (42.96105, -78.75549), (42.96632, -78.72323), (42.96526, -78.69675), (42.96878, -78.69676), (42.96916, -78.69596), (42.9688, -78.69289), (42.96952, -78.69289), (42.96952, -78.69178)]
(44, 7)[(42.97483, -78.85841), (42.96375, -78.8583), (42.95936, -78.85845), (42.95788, -78.85887), (42.94774, -78.859), (42.94123, -78.85564), (42.94131, -78.85371), (42.94105, -78.85223), (42.94038, -78.85122), (42.9404, -78.85075), (42.93758, -78.85065), (42.9359, -78.85101), (42.93601, -78.85215), (42.93716, -78.85251), (42.93799, -78.85352)]
(44, 8)[(42.97483, -78.85841), (42.97439, -78.85839), (42.97438, -78.85602), (42.97256, -78.85311), (42.96477, -78.84357), (42.95249, -78.84395), (42.95241, -78.83884), (42.91461, -78.83913), (42.91461, -78.83779), (42.91564, -78.8378)]
(44, 9)[(42.97483, -78.85841), (42.97439, -78.85839), (42.97443, -78.8659), (42.97206, -78.86606), (42.96525, -78.86866), (42.96282, -78.87004), (42.94566, -78.86827), (42.94562, -78.86932), (42.94504, -78.86925)]
(44, 10)[(42.97483, -78.85841), (42.97439, -78.85839), (42.97438, -78.85602), (42.97256, -78.85311), (42.96872, -78.84868), (42.96291, -78.84104), (42.9614, -78.83862), (42.95831, -78.83214), (42.95805, -78.81935), (42.95766, -78.81852), (42.96451, -78.80069), (42.96365, -78.7872), (42.95503, -78.78739)]
(44, 11)[(42.97483, -78.85841), (42.94812, -78.85904), (42.94123, -78.85564), (42.94047, -78.86027), (42.9395, -78.8604), (42.93534, -78.86626), (42.93199, -78.86529), (42.92922, -78.86601), (42.92781, -78.8677), (42.9243, -78.86748), (42.92424, -78.87392), (42.92308, -78.87391)]
(44, 12)[(42.97483, -78.85841), (42.97439, -78.85839), (42.97425, -78.8558), (42.96291, -78.84104), (42.95818, -78.83188), (42.95568, -78.82963), (42.95486, -78.82779), (42.95281, -78.82947), (42.95145, -78.82559), (42.94913, -78.82133), (42.94889, -78.80343), (42.94232, -78.80336), (42.93806, -78.79903), (42.93279, -78.799), (42.93268, -78.78413), (42.92671, -78.78406)]
(44, 13)[(42.97483, -78.85841), (42.98079, -78.8586), (42.9807, -78.82283), (42.97843, -78.78222), (42.97811, -78.76787), (42.97286, -78.76184), (42.96821, -78.7593), (42.96561, -78.75638), (42.96105, -78.75549), (42.96255, -78.74678), (42.95682, -78.74459), (42.95354, -78.74459), (42.95342, -78.74369)]
(44, 14)[(42.97483, -78.85841), (42.98555, -78.85858), (42.9866, -78.85722), (42.98663, -78.85381), (42.98713, -78.8528), (42.99961, -78.85212), (43.00089, -78.84866), (43.00096, -78.83887), (43.00145, -78.83449), (43.00402, -78.82529), (43.004, -78.82142), (43.00348, -78.82055), (43.00277, -78.82088), (43.00308, -78.82218), (43.00545, -78.82236), (43.01684, -78.82225), (43.01684, -78.82099), (43.01733, -78.82099)]
(44, 15)[(42.97483, -78.85841), (42.98079, -78.8586), (42.98078, -78.82746), (42.9782, -78.7767), (42.97802, -78.76004), (42.97867, -78.75367), (42.97856, -78.73952), (42.97367, -78.73946), (42.97295, -78.73842), (42.9738, -78.73816)]
(44, 16)[(42.97483, -78.85841), (42.98079, -78.8586), (42.98071, -78.82304), (42.97937, -78.79902), (42.98302, -78.79541), (42.98209, -78.78995), (42.97711, -78.78146), (42.96872, -78.77053), (42.96641, -78.76853), (42.96353, -78.76733), (42.95816, -78.76651), (42.94772, -78.76587), (42.9436, -78.76652), (42.93204, -78.76643), (42.93098, -78.76729), (42.93136, -78.7685), (42.93238, -78.76798), (42.93244, -78.76519), (42.93022, -78.76045), (42.92993, -78.75412), (42.92541, -78.75415), (42.92538, -78.75592)]
(44, 17)[(42.97483, -78.85841), (42.94812, -78.85904), (42.94123, -78.85564), (42.94047, -78.86027), (42.9395, -78.8604), (42.93534, -78.86626), (42.93199, -78.86529), (42.92922, -78.86601), (42.92781, -78.8677), (42.9243, -78.86748), (42.92423, -78.87556), (42.92456, -78.87507)]
(44, 18)[(42.97483, -78.85841), (42.98079, -78.8586), (42.98071, -78.82304), (42.97937, -78.79902), (42.98302, -78.79541), (42.98234, -78.79071), (42.97815, -78.7829), (42.96777, -78.76956), (42.96353, -78.76733), (42.95911, -78.76666), (42.95718, -78.76699), (42.95705, -78.76551), (42.95968, -78.76358), (42.95983, -78.76307), (42.95901, -78.76306), (42.95889, -78.76241), (42.95274, -78.76235)]
(44, 19)[(42.97483, -78.85841), (42.97439, -78.85839), (42.97438, -78.85602), (42.97256, -78.85311), (42.96477, -78.84357), (42.95249, -78.84395), (42.95241, -78.83884), (42.91461, -78.83913), (42.91448, -78.8264), (42.91285, -78.8264), (42.91284, -78.82556)]
(44, 20)[(42.97483, -78.85841), (42.97439, -78.85839), (42.97425, -78.8558), (42.96291, -78.84104), (42.95818, -78.83188), (42.95568, -78.82963), (42.95486, -78.82779), (42.95281, -78.82947), (42.95145, -78.82559), (42.94913, -78.82133), (42.94889, -78.80343), (42.94217, -78.80331), (42.93806, -78.79903), (42.92279, -78.79877), (42.92278, -78.79233), (42.91984, -78.79365), (42.91559, -78.79423), (42.91121, -78.79634), (42.91119, -78.79321), (42.91184, -78.79284)]
(44, 21)[(42.97483, -78.85841), (42.97439, -78.85839), (42.97438, -78.85602), (42.97256, -78.85311), (42.97116, -78.85128), (42.96872, -78.84868), (42.96291, -78.84104), (42.9614, -78.83862), (42.96018, -78.8358), (42.95831, -78.83214), (42.95807, -78.82089), (42.96225, -78.82079)]
(44, 22)[(42.97483, -78.85841), (42.98079, -78.8586), (42.98071, -78.82304), (42.97937, -78.79902), (42.98308, -78.79497), (42.98209, -78.78995), (42.9783, -78.78313), (42.96815, -78.76992), (42.96353, -78.76733), (42.94772, -78.76587), (42.91683, -78.7664), (42.90858, -78.76682), (42.90757, -78.7679), (42.90792, -78.76929), (42.9091, -78.76884), (42.90895, -78.76316), (42.90705, -78.7544), (42.89316, -78.75443), (42.89266, -78.74152), (42.89387, -78.7341)]
(44, 23)[(42.97483, -78.85841), (42.97439, -78.85839), (42.97438, -78.85602), (42.97256, -78.85311), (42.96872, -78.84868), (42.96291, -78.84104), (42.9614, -78.83862), (42.95831, -78.83214), (42.95805, -78.81935), (42.95766, -78.81852), (42.96422, -78.80179), (42.96452, -78.80054), (42.96365, -78.7872), (42.95737, -78.78733)]
(44, 24)[(42.97483, -78.85841), (42.96375, -78.8583), (42.95936, -78.85845), (42.95788, -78.85887), (42.94774, -78.859), (42.94123, -78.85564), (42.94133, -78.85403), (42.94105, -78.85223), (42.94038, -78.85122), (42.94034, -78.84785), (42.93794, -78.84727)]
(44, 25)[(42.97483, -78.85841), (42.98079, -78.8586), (42.98071, -78.82304), (42.97937, -78.79902), (42.99127, -78.78778), (42.99148, -78.77121), (42.99444, -78.77162), (42.99494, -78.76952), (42.99473, -78.76743), (42.99356, -78.76675), (42.99323, -78.76563)]
(44, 26)[(42.97483, -78.85841), (42.98079, -78.8586), (42.98071, -78.82304), (42.97937, -78.79902), (42.99127, -78.78778), (42.99108, -78.72), (42.99655, -78.71757), (43.00005, -78.71738), (43.00003, -78.71612)]
(44, 27)[(42.97483, -78.85841), (42.98079, -78.8586), (42.98087, -78.85052), (42.9807, -78.82283), (42.9909, -78.82245), (42.99087, -78.81551), (42.99063, -78.81531), (42.99014, -78.81533), (42.99014, -78.81552), (42.99061, -78.8155), (42.99062, -78.81566)]
(44, 28)[(42.97483, -78.85841), (42.98079, -78.8586), (42.98087, -78.85052), (42.98076, -78.83753), (42.9892, -78.83728), (42.98978, -78.83668), (42.99104, -78.83663), (42.99101, -78.83304), (42.99027, -78.83305)]
(44, 29)[(42.97483, -78.85841), (42.97439, -78.85839), (42.97425, -78.8558), (42.97205, -78.85238), (42.96879, -78.84877), (42.96291, -78.84104), (42.9614, -78.83862), (42.95818, -78.83188), (42.95568, -78.82963), (42.95486, -78.82779), (42.95281, -78.82947), (42.95158, -78.82679), (42.95145, -78.82559), (42.94913, -78.82133), (42.94889, -78.80343), (42.94217, -78.80331), (42.93806, -78.79903), (42.93857, -78.79806), (42.93968, -78.79824)]
(44, 30)[(42.97483, -78.85841), (42.98079, -78.8586), (42.9807, -78.82283), (42.9782, -78.7767), (42.97822, -78.68283), (42.9869, -78.68274)]
(44, 31)[(42.97483, -78.85841), (42.98079, -78.8586), (42.98071, -78.82304), (42.97937, -78.79902), (42.98302, -78.79541), (42.98234, -78.79071), (42.97815, -78.7829), (42.9673, -78.76914), (42.96353, -78.76733), (42.95187, -78.76609), (42.95019, -78.76464), (42.94987, -78.76175), (42.95146, -78.75889), (42.95198, -78.7546), (42.95062, -78.73236), (42.95051, -78.70613), (42.94801, -78.70257), (42.94701, -78.69694), (42.93426, -78.69693), (42.93262, -78.68354), (42.93324, -78.67506)]
(44, 32)[(42.97483, -78.85841), (42.98079, -78.8586), (42.9807, -78.82283), (42.9782, -78.7767), (42.97802, -78.76004), (42.97867, -78.75367), (42.97856, -78.73952), (42.97154, -78.73942), (42.97154, -78.7388)]
(44, 33)[(42.97483, -78.85841), (42.98099, -78.8586), (42.98062, -78.90222), (42.96599, -78.92248), (42.96162, -78.91984), (42.95444, -78.91056), (42.9436, -78.90807), (42.93357, -78.90289), (42.92888, -78.89887), (42.91507, -78.90154), (42.90288, -78.90096), (42.89491, -78.89459), (42.87963, -78.87838), (42.87347, -78.8586), (42.86797, -78.82986), (42.86653, -78.82726), (42.86513, -78.82744), (42.86404, -78.82139), (42.8584, -78.81326), (42.86018, -78.80643), (42.85718, -78.80182)]
(44, 34)[(42.97483, -78.85841), (42.98079, -78.8586), (42.98071, -78.82304), (42.97937, -78.79902), (42.98308, -78.79497), (42.98209, -78.78995), (42.97887, -78.78401), (42.96641, -78.76853), (42.94772, -78.76587), (42.88558, -78.76785), (42.88225, -78.76937), (42.87978, -78.77253), (42.87638, -78.78556), (42.87484, -78.78826), (42.8657, -78.79191), (42.85383, -78.79099), (42.85085, -78.79277), (42.84815, -78.78254), (42.84625, -78.78232), (42.84122, -78.78565), (42.83964, -78.78251), (42.838, -78.78285)]
(44, 35)[(42.97483, -78.85841), (42.98099, -78.8586), (42.98062, -78.90222), (42.96586, -78.92247), (42.96162, -78.91984), (42.95444, -78.91056), (42.9436, -78.90807), (42.93357, -78.90289), (42.92888, -78.89887), (42.91507, -78.90154), (42.90288, -78.90096), (42.89848, -78.89804), (42.87942, -78.87927), (42.87574, -78.87806), (42.86946, -78.87875), (42.85227, -78.86365), (42.83918, -78.85718), (42.84206, -78.84719), (42.84697, -78.83723), (42.8487, -78.83724), (42.84847, -78.83936)]
(44, 36)[(42.97483, -78.85841), (42.98099, -78.8586), (42.98062, -78.90222), (42.96586, -78.92247), (42.95444, -78.91056), (42.9436, -78.90807), (42.92888, -78.89887), (42.90288, -78.90096), (42.87942, -78.87927), (42.86946, -78.87875), (42.85227, -78.86365), (42.82774, -78.85092), (42.82583, -78.824), (42.80493, -78.82395), (42.80473, -78.81363)]
(44, 37)[(42.97483, -78.85841), (42.98079, -78.8586), (42.97937, -78.79902), (42.98308, -78.79497), (42.97887, -78.78401), (42.96777, -78.76956), (42.94772, -78.76587), (42.88558, -78.76785), (42.87978, -78.77253), (42.8737, -78.78929), (42.85067, -78.7927), (42.84361, -78.77001), (42.83943, -78.71335), (42.83614, -78.7019), (42.83224, -78.69691), (42.80128, -78.6969), (42.80246, -78.7017)]
(44, 38)[(42.97483, -78.85841), (42.98099, -78.8586), (42.98062, -78.90222), (42.96586, -78.92247), (42.95444, -78.91056), (42.9436, -78.90807), (42.92888, -78.89887), (42.90288, -78.90096), (42.87942, -78.87927), (42.86946, -78.87875), (42.85227, -78.86365), (42.82774, -78.85092), (42.82583, -78.824), (42.81628, -78.82401), (42.81635, -78.81543)]
(44, 39)[(42.97483, -78.85841), (42.98079, -78.8586), (42.97937, -78.79902), (42.98308, -78.79497), (42.97887, -78.78401), (42.9673, -78.76914), (42.94772, -78.76587), (42.88558, -78.76785), (42.87978, -78.77253), (42.8737, -78.78929), (42.85103, -78.7928), (42.84399, -78.77182), (42.84186, -78.75419), (42.81129, -78.75185), (42.81129, -78.74494), (42.81252, -78.74628)]
(44, 40)[(42.97483, -78.85841), (42.98079, -78.8586), (42.97937, -78.79902), (42.98308, -78.79497), (42.97887, -78.78401), (42.96641, -78.76853), (42.94772, -78.76587), (42.88558, -78.76785), (42.87978, -78.77253), (42.8737, -78.78929), (42.85103, -78.7928), (42.84399, -78.77182), (42.84186, -78.75419), (42.80801, -78.7518)]
(45, 0)[(43.01874, -78.82288), (43.01874, -78.82223), (43.00472, -78.82273), (43.00426, -78.82601), (43.00141, -78.83605), (43.00094, -78.84986), (42.99993, -78.85333), (42.99686, -78.85942), (42.99602, -78.86271), (42.99558, -78.87578), (42.99596, -78.87711), (42.99669, -78.87706), (42.99702, -78.87516), (42.99632, -78.87463), (42.98097, -78.87238), (42.98098, -78.88539), (42.96093, -78.88887), (42.96158, -78.894), (42.95996, -78.89425), (42.95379, -78.89998), (42.95341, -78.89921)]
(45, 1)[(43.01874, -78.82288), (43.01874, -78.82223), (43.02512, -78.82215), (43.02504, -78.82061), (43.0233, -78.81375), (43.02323, -78.81212), (43.02229, -78.80903), (43.02245, -78.80681), (43.02106, -78.80145), (43.02132, -78.80034), (43.02211, -78.79948), (43.02221, -78.79899), (43.02671, -78.79913), (43.02645, -78.79694), (43.02447, -78.7948), (43.02402, -78.79331), (43.02372, -78.78798), (43.02397, -78.78523), (43.02422, -78.76433)]
(45, 2)[(43.01874, -78.82288), (43.01874, -78.82223), (43.02512, -78.82215), (43.02107, -78.8012), (43.02221, -78.79899), (43.02671, -78.79913), (43.02673, -78.7982), (43.02623, -78.79655), (43.02415, -78.79412), (43.02372, -78.78821), (43.02427, -78.75349), (43.02369, -78.75137), (43.02374, -78.74049), (43.02492, -78.73788), (43.01937, -78.73788), (43.01907, -78.73363), (43.01771, -78.73319)]
(45, 3)[(43.01874, -78.82288), (43.01874, -78.82223), (43.00545, -78.82236), (42.95816, -78.82382), (42.95398, -78.82275), (42.94385, -78.83404), (42.94012, -78.82812), (42.94015, -78.8189)]
(45, 4)[(43.01874, -78.82288), (43.00331, -78.82247), (43.00308, -78.82426), (43.00402, -78.82361), (43.00371, -78.81938), (43.00112, -78.81299), (42.99179, -78.8009), (42.98448, -78.79394), (42.97815, -78.7829), (42.96872, -78.77053), (42.9648, -78.76768), (42.94772, -78.76587), (42.91683, -78.7664), (42.90858, -78.76682), (42.90757, -78.7679), (42.90803, -78.76935), (42.9091, -78.76884), (42.90895, -78.76316), (42.90705, -78.7544), (42.90288, -78.7543), (42.90381, -78.75584), (42.90215, -78.76992), (42.89617, -78.77147)]
(45, 5)[(43.01874, -78.82288), (43.01874, -78.82223), (42.99091, -78.82268), (42.99072, -78.80196), (42.99149, -78.77062), (42.99103, -78.75794), (42.99108, -78.72), (42.98937, -78.70346), (42.98929, -78.69464), (42.9882, -78.69444), (42.98803, -78.69321), (42.98453, -78.69314)]
(45, 6)[(43.01874, -78.82288), (43.01874, -78.82223), (43.00331, -78.82247), (43.00288, -78.82291), (43.00308, -78.82426), (43.00402, -78.82361), (43.0039, -78.82056), (43.00304, -78.81694), (43.00137, -78.81337), (42.99179, -78.8009), (42.98448, -78.79394), (42.97815, -78.7829), (42.96872, -78.77053), (42.9648, -78.76768), (42.95691, -78.76661), (42.95705, -78.76551), (42.95935, -78.76419), (42.95983, -78.76307), (42.96632, -78.72323), (42.96526, -78.69675), (42.96878, -78.69676), (42.96916, -78.69596), (42.9688, -78.69289), (42.96952, -78.69289), (42.96952, -78.69178)]
(45, 7)[(43.01874, -78.82288), (42.95816, -78.82382), (42.95398, -78.82275), (42.93481, -78.8439), (42.93593, -78.84634), (42.93601, -78.85215), (42.93799, -78.85352)]
(45, 8)[(43.01874, -78.82288), (42.95816, -78.82382), (42.95398, -78.82275), (42.93908, -78.83926), (42.91461, -78.83913), (42.91461, -78.83779), (42.91564, -78.8378)]
(45, 9)[(43.01874, -78.82288), (43.01874, -78.82223), (43.00472, -78.82273), (43.00426, -78.82601), (43.00141, -78.83605), (43.00094, -78.84986), (42.99993, -78.85333), (42.99686, -78.85942), (42.99602, -78.86271), (42.99558, -78.87578), (42.99586, -78.87699), (42.9965, -78.8772), (42.99698, -78.87635), (42.99682, -78.87486), (42.99129, -78.87378), (42.94566, -78.86827), (42.94562, -78.86932), (42.94504, -78.86925)]
(45, 10)[(43.01874, -78.82288), (43.01874, -78.82223), (43.00331, -78.82247), (43.00288, -78.82291), (43.00308, -78.82426), (43.00402, -78.82361), (43.0039, -78.82056), (43.00304, -78.81694), (43.00137, -78.81337), (42.99179, -78.8009), (42.98448, -78.79394), (42.97738, -78.78206), (42.97656, -78.78239), (42.97645, -78.78387), (42.95519, -78.78402), (42.95503, -78.78739)]
(45, 11)[(43.01874, -78.82288), (42.95816, -78.82382), (42.95398, -78.82275), (42.92221, -78.85727), (42.92225, -78.87392), (42.92308, -78.87391)]
(45, 12)[(43.01874, -78.82288), (43.00331, -78.82247), (43.00308, -78.82426), (43.00402, -78.82361), (43.00371, -78.81938), (43.00112, -78.81299), (42.99179, -78.8009), (42.98448, -78.79394), (42.97815, -78.7829), (42.96872, -78.77053), (42.9648, -78.76768), (42.94772, -78.76587), (42.93634, -78.76654), (42.93265, -78.76933), (42.93331, -78.78413), (42.92671, -78.78406)]
(45, 13)[(43.01874, -78.82288), (43.01874, -78.82223), (43.00331, -78.82247), (43.00288, -78.82291), (43.00302, -78.82419), (43.00357, -78.82439), (43.00402, -78.82361), (43.0039, -78.82056), (43.00304, -78.81694), (43.00137, -78.81337), (42.99179, -78.8009), (42.98448, -78.79394), (42.97815, -78.7829), (42.96872, -78.77053), (42.96467, -78.76764), (42.95701, -78.76679), (42.95705, -78.76551), (42.95935, -78.76419), (42.95983, -78.76307), (42.96255, -78.74678), (42.95682, -78.74459), (42.95354, -78.74459), (42.95342, -78.74369)]
(45, 14)[(43.01874, -78.82288), (43.01874, -78.82223), (43.01684, -78.82225), (43.01684, -78.82099), (43.01733, -78.82099)]
(45, 15)[(43.01874, -78.82288), (43.01874, -78.82223), (43.00331, -78.82247), (43.00288, -78.82291), (43.00308, -78.82426), (43.00402, -78.82361), (43.00371, -78.81938), (43.00127, -78.81321), (42.99179, -78.8009), (42.98448, -78.79394), (42.97815, -78.7829), (42.9768, -78.78209), (42.97645, -78.78387), (42.97852, -78.78381), (42.97802, -78.76004), (42.97867, -78.75367), (42.97856, -78.73952), (42.97367, -78.73946), (42.97295, -78.73842), (42.9738, -78.73816)]
(45, 16)[(43.01874, -78.82288), (43.00331, -78.82247), (43.00308, -78.82426), (43.00402, -78.82361), (43.00371, -78.81938), (43.00127, -78.81321), (42.99179, -78.8009), (42.98483, -78.79439), (42.97815, -78.7829), (42.9673, -78.76914), (42.96353, -78.76733), (42.94772, -78.76587), (42.93204, -78.76643), (42.93098, -78.76729), (42.93136, -78.7685), (42.93238, -78.76798), (42.93244, -78.76519), (42.93022, -78.76045), (42.92993, -78.75412), (42.92541, -78.75415), (42.92538, -78.75592)]
(45, 17)[(43.01874, -78.82288), (42.95816, -78.82382), (42.95398, -78.82275), (42.92221, -78.85727), (42.92228, -78.86947), (42.92425, -78.87172), (42.92456, -78.87507)]
(45, 18)[(43.01874, -78.82288), (43.01874, -78.82223), (43.00331, -78.82247), (43.00288, -78.82291), (43.00308, -78.82426), (43.00402, -78.82361), (43.0039, -78.82056), (43.00304, -78.81694), (43.00137, -78.81337), (42.99179, -78.8009), (42.98448, -78.79394), (42.97815, -78.7829), (42.96872, -78.77053), (42.96425, -78.76751), (42.95911, -78.76666), (42.95718, -78.76699), (42.95705, -78.76551), (42.95968, -78.76358), (42.95983, -78.76307), (42.95901, -78.76306), (42.95889, -78.76241), (42.95274, -78.76235)]
(45, 19)[(43.01874, -78.82288), (42.95816, -78.82382), (42.95398, -78.82275), (42.94385, -78.83404), (42.94032, -78.82813), (42.93638, -78.82822), (42.93643, -78.83048), (42.93276, -78.83052), (42.93273, -78.82918), (42.91451, -78.82909), (42.91448, -78.8264), (42.91284, -78.82556)]
(45, 20)[(43.01874, -78.82288), (43.00331, -78.82247), (43.00308, -78.82426), (43.00402, -78.82361), (43.00371, -78.81938), (43.00112, -78.81299), (42.99179, -78.8009), (42.98448, -78.79394), (42.97815, -78.7829), (42.96872, -78.77053), (42.96425, -78.76751), (42.94772, -78.76587), (42.91276, -78.76689), (42.91106, -78.76931), (42.90927, -78.76971), (42.90687, -78.77974), (42.90718, -78.79322), (42.91184, -78.79284)]
(45, 21)[(43.01874, -78.82288), (43.01874, -78.82223), (43.00545, -78.82236), (42.96103, -78.82372), (42.96098, -78.82082), (42.96225, -78.82079)]
(45, 22)[(43.01874, -78.82288), (43.00331, -78.82247), (43.00308, -78.82426), (43.00402, -78.82361), (43.00371, -78.81938), (43.00112, -78.81299), (42.99179, -78.8009), (42.98448, -78.79394), (42.97815, -78.7829), (42.96872, -78.77053), (42.9648, -78.76768), (42.94772, -78.76587), (42.91683, -78.7664), (42.90858, -78.76682), (42.90757, -78.7679), (42.90792, -78.76929), (42.9091, -78.76884), (42.90895, -78.76316), (42.90705, -78.7544), (42.89316, -78.75443), (42.89266, -78.74152), (42.89387, -78.7341)]
(45, 23)[(43.01874, -78.82288), (43.01874, -78.82223), (43.00331, -78.82247), (43.00288, -78.82291), (43.00308, -78.82426), (43.00402, -78.82361), (43.0039, -78.82056), (43.00304, -78.81694), (43.00137, -78.81337), (42.99179, -78.8009), (42.98448, -78.79394), (42.97738, -78.78206), (42.97656, -78.78239), (42.97645, -78.78387), (42.95763, -78.784), (42.95737, -78.78733)]
(45, 24)[(43.01874, -78.82288), (42.95816, -78.82382), (42.95398, -78.82275), (42.94025, -78.83799), (42.94034, -78.84785), (42.93794, -78.84727)]
(45, 25)[(43.01874, -78.82288), (43.01874, -78.82223), (42.99091, -78.82268), (42.99072, -78.80196), (42.99117, -78.79528), (42.99148, -78.77121), (42.99444, -78.77162), (42.99469, -78.77133), (42.99459, -78.77026), (42.99494, -78.76952), (42.99473, -78.76743), (42.99356, -78.76675), (42.99323, -78.76563)]
(45, 26)[(43.01874, -78.82288), (43.01874, -78.82223), (42.99091, -78.82268), (42.99072, -78.80196), (42.99149, -78.77062), (42.99103, -78.75794), (42.99108, -78.72), (42.99655, -78.71757), (43.00005, -78.71738), (43.00003, -78.71612)]
(45, 27)[(43.01874, -78.82288), (43.01874, -78.82223), (42.99091, -78.82268), (42.99087, -78.81551), (42.99014, -78.81533), (42.99062, -78.81566)]
(45, 28)[(43.01874, -78.82288), (43.01874, -78.82223), (42.99091, -78.82268), (42.99101, -78.83304), (42.99027, -78.83305)]
(45, 29)[(43.01874, -78.82288), (42.97974, -78.82308), (42.97684, -78.81116), (42.96938, -78.80398), (42.94232, -78.80336), (42.93806, -78.79903), (42.93968, -78.79824)]
(45, 30)[(43.01874, -78.82288), (43.01874, -78.82223), (42.99091, -78.82268), (42.99072, -78.80196), (42.99149, -78.77062), (42.99103, -78.75794), (42.99108, -78.72), (42.98937, -78.70346), (42.98927, -78.68429), (42.98584, -78.68432), (42.98578, -78.68275), (42.9869, -78.68274)]
(45, 31)[(43.01874, -78.82288), (43.00331, -78.82247), (43.00315, -78.82432), (43.00402, -78.82361), (43.0039, -78.82056), (43.00137, -78.81337), (42.99179, -78.8009), (42.98448, -78.79394), (42.97815, -78.7829), (42.96872, -78.77053), (42.96425, -78.76751), (42.95037, -78.76498), (42.94987, -78.76175), (42.95146, -78.75889), (42.95198, -78.7546), (42.95062, -78.73236), (42.95051, -78.70613), (42.94801, -78.70257), (42.94701, -78.69694), (42.93426, -78.69693), (42.93262, -78.68354), (42.93324, -78.67506)]
(45, 32)[(43.01874, -78.82288), (43.01874, -78.82223), (43.00331, -78.82247), (43.00288, -78.82291), (43.00308, -78.82426), (43.00402, -78.82361), (43.00371, -78.81938), (43.00127, -78.81321), (42.99179, -78.8009), (42.98448, -78.79394), (42.97815, -78.7829), (42.9768, -78.78209), (42.97645, -78.78387), (42.97852, -78.78381), (42.97802, -78.76004), (42.97867, -78.75367), (42.97856, -78.73952), (42.97154, -78.73942), (42.97154, -78.7388)]
(45, 33)[(43.01874, -78.82288), (43.00331, -78.82247), (43.00308, -78.82426), (43.0039, -78.82056), (43.00137, -78.81337), (42.98448, -78.79394), (42.96928, -78.77125), (42.95816, -78.76651), (42.88641, -78.76806), (42.88402, -78.7689), (42.88435, -78.7846), (42.8645, -78.78724), (42.86018, -78.80643), (42.85718, -78.80182)]
(45, 34)[(43.01874, -78.82288), (43.00331, -78.82247), (43.00308, -78.82426), (43.00371, -78.81938), (43.00112, -78.81299), (42.98448, -78.79394), (42.96872, -78.77053), (42.96353, -78.76733), (42.88488, -78.76801), (42.87978, -78.77253), (42.87484, -78.78826), (42.8657, -78.79191), (42.85085, -78.79277), (42.84815, -78.78254), (42.84122, -78.78565), (42.838, -78.78285)]
(45, 35)[(43.01874, -78.82288), (43.00331, -78.82247), (43.00308, -78.82426), (43.00371, -78.81938), (43.00112, -78.81299), (42.9648, -78.76768), (42.94772, -78.76587), (42.88558, -78.76785), (42.87878, -78.77523), (42.87647, -78.7859), (42.87614, -78.80865), (42.87206, -78.81998), (42.85596, -78.82774), (42.85488, -78.83221), (42.84702, -78.83231), (42.84847, -78.83936)]
(45, 36)[(43.01874, -78.82288), (43.00331, -78.82247), (43.00315, -78.82432), (43.0039, -78.82056), (43.00137, -78.81337), (42.98448, -78.79394), (42.96815, -78.76992), (42.94772, -78.76587), (42.88558, -78.76785), (42.87978, -78.77253), (42.87612, -78.78625), (42.87229, -78.7899), (42.85877, -78.79211), (42.85071, -78.79029), (42.84081, -78.79299), (42.8173, -78.79163), (42.81262, -78.79585), (42.80474, -78.8122), (42.78949, -78.82013), (42.78922, -78.82386), (42.80493, -78.82395), (42.80473, -78.81363)]
(45, 37)[(43.01874, -78.82288), (43.00331, -78.82247), (43.00308, -78.82426), (43.00371, -78.81938), (43.00112, -78.81299), (42.98448, -78.79394), (42.96872, -78.77053), (42.96353, -78.76733), (42.88558, -78.76785), (42.87978, -78.77253), (42.8737, -78.78929), (42.85067, -78.7927), (42.84361, -78.77001), (42.83943, -78.71335), (42.83614, -78.7019), (42.83224, -78.69691), (42.80128, -78.6969), (42.80246, -78.7017)]
(45, 38)[(43.01874, -78.82288), (43.00331, -78.82247), (43.00315, -78.82432), (43.0039, -78.82056), (43.00137, -78.81337), (42.98448, -78.79394), (42.96815, -78.76992), (42.94772, -78.76587), (42.88404, -78.76828), (42.87978, -78.77253), (42.87627, -78.78589), (42.87325, -78.78953), (42.8657, -78.79191), (42.85146, -78.79027), (42.84427, -78.79285), (42.82844, -78.79302), (42.82818, -78.80439), (42.8166, -78.80093), (42.81635, -78.81543)]
(45, 39)[(43.01874, -78.82288), (43.00331, -78.82247), (43.00308, -78.82426), (43.00371, -78.81938), (43.00112, -78.81299), (42.9648, -78.76768), (42.94772, -78.76587), (42.88558, -78.76785), (42.87978, -78.77253), (42.8737, -78.78929), (42.85103, -78.7928), (42.84399, -78.77182), (42.84186, -78.75419), (42.81129, -78.75185), (42.81129, -78.74494), (42.81252, -78.74628)]
(45, 40)[(43.01874, -78.82288), (43.00331, -78.82247), (43.00308, -78.82426), (43.00371, -78.81938), (43.00112, -78.81299), (42.9648, -78.76768), (42.94772, -78.76587), (42.88558, -78.76785), (42.87978, -78.77253), (42.8737, -78.78929), (42.85103, -78.7928), (42.84399, -78.77182), (42.84186, -78.75419), (42.80801, -78.7518)]
