(41, 0)[(42.87254, -78.83949), (42.8743, -78.8441), (42.87229, -78.84475), (42.87163, -78.84752), (42.87347, -78.85789), (42.87972, -78.87826), (42.89974, -78.8989), (42.90388, -78.90119), (42.91378, -78.90149), (42.92852, -78.89861), (42.93482, -78.90352), (42.94567, -78.90757), (42.95379, -78.89998), (42.95341, -78.89921)]
(41, 1)[(42.87254, -78.83949), (42.8743, -78.8441), (42.87163, -78.84752), (42.87347, -78.85789), (42.87972, -78.87826), (42.89905, -78.89836), (42.90388, -78.90119), (42.91378, -78.90149), (42.92891, -78.89873), (42.94328, -78.90777), (42.95479, -78.91061), (42.9642, -78.92116), (42.97328, -78.91186), (42.98026, -78.90989), (42.98659, -78.9127), (42.99005, -78.90836), (42.99338, -78.89504), (42.99569, -78.86333), (42.99837, -78.85202), (43.01086, -78.86279), (43.0348, -78.86192), (43.03869, -78.86427), (43.03778, -78.86866), (43.04277, -78.87178)]
(41, 2)[(42.87254, -78.83949), (42.8743, -78.8441), (42.87163, -78.84752), (42.87347, -78.85789), (42.87972, -78.87826), (42.89905, -78.89836), (42.90388, -78.90119), (42.91378, -78.90149), (42.92891, -78.89873), (42.94328, -78.90777), (42.95479, -78.91061), (42.9642, -78.92116), (42.97328, -78.91186), (42.98026, -78.90989), (42.98659, -78.9127), (42.99005, -78.90836), (42.99338, -78.89504), (42.99569, -78.86333), (42.99837, -78.85202), (43.01086, -78.86279), (43.03084, -78.86086), (43.03869, -78.86427), (43.03778, -78.86866), (43.04168, -78.86896)]
(41, 3)[(42.87254, -78.83949), (42.8743, -78.8441), (42.87229, -78.84475), (42.87163, -78.84752), (42.87347, -78.85789), (42.87972, -78.87826), (42.89905, -78.89836), (42.90388, -78.90119), (42.91378, -78.90149), (42.92891, -78.89873), (42.93362, -78.90279), (42.94328, -78.90777), (42.95479, -78.91061), (42.96389, -78.9211), (42.96694, -78.9201), (42.97143, -78.91326), (42.97372, -78.91166), (42.97983, -78.90987), (42.98599, -78.9127), (42.98809, -78.91157), (42.99121, -78.90559), (42.99366, -78.89316), (42.99494, -78.87966), (42.99323, -78.87417), (43.00135, -78.87525), (43.005, -78.8744), (43.00484, -78.86994)]
(41, 4)[(42.87254, -78.83949), (42.8743, -78.8441), (42.87229, -78.84475), (42.87163, -78.84752), (42.87347, -78.85789), (42.87972, -78.87826), (42.89763, -78.897), (42.90315, -78.90097), (42.9147, -78.90146), (42.92785, -78.89854), (42.93418, -78.90277), (42.93693, -78.89352), (42.93895, -78.89239), (42.97141, -78.88699), (42.97194, -78.87806)]
(41, 5)[(42.87254, -78.83949), (42.8743, -78.8441), (42.9038, -78.84537), (42.90895, -78.84331), (42.92214, -78.84309), (42.93297, -78.85763), (42.93434, -78.8666), (42.96282, -78.87004), (42.97206, -78.86606), (42.97405, -78.86593), (42.97412, -78.86754)]
(41, 6)[(42.87254, -78.83949), (42.8743, -78.8441), (42.9038, -78.84537), (42.90895, -78.84331), (42.92223, -78.84311), (42.93297, -78.85763), (42.93434, -78.8666), (42.96282, -78.87004), (42.96595, -78.86842)]
(41, 7)[(42.87254, -78.83949), (42.8743, -78.8441), (42.87229, -78.84475), (42.87163, -78.84752), (42.87347, -78.85789), (42.87972, -78.87826), (42.89905, -78.89836), (42.90388, -78.90119), (42.91378, -78.90149), (42.92891, -78.89873), (42.93362, -78.90279), (42.94328, -78.90777), (42.95479, -78.91061), (42.96168, -78.91967), (42.9642, -78.92116), (42.96711, -78.91991), (42.98062, -78.90222), (42.98079, -78.85575), (42.98099, -78.85827)]
(41, 8)[(42.87254, -78.83949), (42.8743, -78.8441), (42.87229, -78.84475), (42.87163, -78.84752), (42.87347, -78.85789), (42.87972, -78.87826), (42.89905, -78.89836), (42.90388, -78.90119), (42.91378, -78.90149), (42.92891, -78.89873), (42.93362, -78.90279), (42.94328, -78.90777), (42.95479, -78.91061), (42.96168, -78.91967), (42.9642, -78.92116), (42.96711, -78.91991), (42.98062, -78.90222), (42.98081, -78.85283), (42.97882, -78.85291), (42.97883, -78.85449)]
(41, 9)[(42.87254, -78.83949), (42.8743, -78.8441), (42.87229, -78.84475), (42.87163, -78.84752), (42.87347, -78.85789), (42.87972, -78.87826), (42.89905, -78.89836), (42.90388, -78.90119), (42.91378, -78.90149), (42.92891, -78.89873), (42.93362, -78.90279), (42.94328, -78.90777), (42.95479, -78.91061), (42.96168, -78.91967), (42.9642, -78.92116), (42.96711, -78.91991), (42.98062, -78.90222), (42.98133, -78.85058)]
(41, 10)[(42.87254, -78.83949), (42.8743, -78.8441), (42.9038, -78.84537), (42.90895, -78.84331), (42.92223, -78.84311), (42.93297, -78.85763), (42.93434, -78.8666), (42.96282, -78.87004), (42.96475, -78.86788)]
(41, 11)[(42.87254, -78.83949), (42.8743, -78.8441), (42.9038, -78.84537), (42.90895, -78.84331), (42.92203, -78.84306), (42.93018, -78.85445), (42.93296, -78.8519), (42.9404, -78.85075), (42.94123, -78.85564), (42.94774, -78.859), (42.96375, -78.8583), (42.9644, -78.86156)]
(41, 12)[(42.87254, -78.83949), (42.8743, -78.8441), (42.9038, -78.84537), (42.90895, -78.84331), (42.92203, -78.84306), (42.93025, -78.85448), (42.93296, -78.8519), (42.9404, -78.85075), (42.94123, -78.85564), (42.94774, -78.859), (42.96471, -78.85829), (42.96563, -78.85833), (42.96563, -78.85964)]
(41, 13)[(42.87254, -78.83949), (42.8743, -78.8441), (42.87229, -78.84475), (42.87242, -78.84588), (42.87163, -78.84752), (42.8736, -78.85851), (42.87548, -78.86265), (42.87746, -78.87266), (42.8788, -78.87532), (42.87972, -78.87826), (42.88154, -78.88079), (42.88831, -78.88768), (42.88951, -78.88847), (42.89024, -78.8882), (42.89163, -78.88649), (42.89284, -78.88423), (42.89657, -78.88772), (42.90026, -78.88036), (42.90188, -78.88183), (42.90685, -78.88193), (42.90686, -78.88161)]
(41, 14)[(42.87254, -78.83949), (42.8743, -78.8441), (42.87229, -78.84475), (42.87245, -78.84576), (42.87169, -78.84709), (42.87164, -78.84789), (42.8736, -78.85851), (42.87548, -78.86265), (42.87735, -78.87232), (42.8788, -78.87532), (42.87951, -78.87775), (42.88014, -78.87899), (42.88293, -78.88235), (42.88886, -78.8882), (42.88951, -78.88847), (42.89016, -78.88827), (42.89209, -78.88582), (42.89267, -78.88441), (42.89184, -78.88328), (42.89441, -78.87825), (42.89424, -78.87728), (42.89627, -78.87666), (42.89685, -78.87713), (42.9099, -78.87711), (42.90988, -78.87439), (42.90946, -78.87445)]
(41, 15)[(42.87254, -78.83949), (42.87676, -78.85056), (42.87752, -78.85213), (42.87819, -78.85462), (42.88029, -78.85391), (42.88185, -78.85392), (42.88359, -78.86384), (42.88498, -78.8634), (42.88947, -78.86522), (42.88978, -78.86424), (42.89076, -78.86466)]
(41, 16)[(42.87254, -78.83949), (42.87676, -78.85056), (42.87752, -78.85213), (42.87819, -78.85462), (42.88029, -78.85391), (42.88185, -78.85392), (42.88359, -78.86384), (42.88498, -78.8634), (42.88751, -78.86443), (42.88765, -78.86375)]
(41, 17)[(42.87254, -78.83949), (42.87198, -78.83805), (42.86992, -78.83953), (42.86746, -78.84033), (42.86768, -78.84156), (42.86567, -78.84225), (42.86394, -78.84412), (42.86022, -78.83866), (42.85809, -78.83218), (42.85347, -78.83224), (42.85347, -78.8315)]
(41, 18)[(42.87254, -78.83949), (42.86657, -78.82394), (42.86473, -78.82529), (42.86345, -78.82581), (42.86137, -78.82531), (42.86015, -78.82561), (42.85621, -78.8236), (42.85213, -78.82366), (42.85213, -78.82333)]
(41, 19)[(42.87254, -78.83949), (42.8743, -78.8441), (42.9038, -78.84537), (42.90895, -78.84331), (42.92242, -78.84326), (42.92721, -78.83772), (42.92926, -78.83298), (42.92981, -78.82149), (42.93138, -78.81365), (42.98603, -78.81428), (42.98964, -78.80488), (42.99862, -78.79869), (43.00429, -78.79862), (43.00463, -78.81194), (43.00603, -78.81372), (43.00687, -78.8127)]
(41, 20)[(42.87254, -78.83949), (42.8743, -78.8441), (42.86924, -78.84575), (42.87036, -78.84344), (42.86792, -78.82937), (42.86846, -78.82274), (42.8758, -78.80975), (42.87605, -78.79227), (42.8749, -78.78794), (42.87884, -78.77439), (42.88154, -78.76978), (42.88488, -78.76777), (42.94435, -78.76619), (42.9489, -78.76281), (42.95396, -78.76595), (42.96529, -78.76757), (42.96832, -78.76976), (42.97824, -78.7826), (42.98573, -78.7951), (42.99223, -78.80102), (43.00102, -78.81241), (43.00535, -78.82024), (43.00545, -78.82236), (43.01243, -78.82228), (43.01196, -78.812), (43.00958, -78.80942)]
(41, 21)[(42.87254, -78.83949), (42.8743, -78.8441), (42.9038, -78.84537), (42.90895, -78.84331), (42.92236, -78.84328), (42.92672, -78.83846), (42.92926, -78.83298), (42.92981, -78.82149), (42.93138, -78.81365), (42.98603, -78.81428), (42.98964, -78.80488), (42.9988, -78.79867), (43.00429, -78.79862), (43.00461, -78.80476), (43.00268, -78.80484), (43.00279, -78.80591)]
(41, 22)[(42.87254, -78.83949), (42.8743, -78.8441), (42.9038, -78.84537), (42.90895, -78.84331), (42.92242, -78.84326), (42.92721, -78.83772), (42.92926, -78.83298), (42.92981, -78.82149), (42.93138, -78.81365), (42.96304, -78.81387), (42.96613, -78.8111), (42.96576, -78.80977)]
(41, 23)[(42.87254, -78.83949), (42.8743, -78.8441), (42.9038, -78.84537), (42.90895, -78.84331), (42.92266, -78.84318), (42.92887, -78.83423), (42.92981, -78.82149), (42.93285, -78.81044), (42.93909, -78.81089), (42.94217, -78.80331), (42.96957, -78.80414)]
(41, 24)[(42.87254, -78.83949), (42.8743, -78.8441), (42.89163, -78.84403), (42.89229, -78.84455), (42.90373, -78.84463), (42.9038, -78.84537), (42.90895, -78.84331), (42.92242, -78.84326), (42.92392, -78.84219), (42.92721, -78.83772), (42.92926, -78.83298), (42.92974, -78.83005), (42.92981, -78.82149), (42.93135, -78.81587), (42.93138, -78.81365), (42.94344, -78.81366), (42.94353, -78.81611)]
(41, 25)[(42.87254, -78.83949), (42.8743, -78.8441), (42.89163, -78.84403), (42.89229, -78.84455), (42.90373, -78.84463), (42.9038, -78.84537), (42.90895, -78.84331), (42.92266, -78.84318), (42.92721, -78.83772), (42.92926, -78.83298), (42.92974, -78.83005), (42.92981, -78.82149), (42.93135, -78.81587), (42.93138, -78.81365), (42.94898, -78.81371), (42.94967, -78.81106), (42.95142, -78.81049), (42.95173, -78.8084)]
(41, 26)[(42.87254, -78.83949), (42.8743, -78.8441), (42.89163, -78.84403), (42.89229, -78.84455), (42.90373, -78.84463), (42.9038, -78.84537), (42.90895, -78.84331), (42.92287, -78.84308), (42.92721, -78.83772), (42.92905, -78.83365), (42.92974, -78.83005), (42.92981, -78.82149), (42.9326, -78.81308), (42.93285, -78.81044), (42.93909, -78.81089), (42.94217, -78.80331), (42.95273, -78.80388), (42.95279, -78.79727), (42.9521, -78.79726)]
(41, 27)[(42.87254, -78.83949), (42.8743, -78.8441), (42.89163, -78.84403), (42.89229, -78.84455), (42.90373, -78.84463), (42.9038, -78.84537), (42.90895, -78.84331), (42.92297, -78.84303), (42.92721, -78.83772), (42.92926, -78.83298), (42.92974, -78.83005), (42.92981, -78.82149), (42.9326, -78.81308), (42.93285, -78.81044), (42.93909, -78.81089), (42.94508, -78.79621), (42.94596, -78.79683), (42.94674, -78.79491), (42.94746, -78.79543), (42.94794, -78.79458), (42.94882, -78.79488)]
(41, 28)[(42.87254, -78.83949), (42.8743, -78.8441), (42.8757, -78.84324), (42.87881, -78.83931), (42.88499, -78.83923), (42.88682, -78.83616), (42.89187, -78.83173), (42.90356, -78.83175), (42.90355, -78.83094), (42.90575, -78.83092), (42.91496, -78.80795), (42.92271, -78.80776), (42.92271, -78.8072)]
(41, 29)[(42.87254, -78.83949), (42.8743, -78.8441), (42.8757, -78.84324), (42.87881, -78.83931), (42.88499, -78.83923), (42.88682, -78.83616), (42.89187, -78.83173), (42.90356, -78.83175), (42.90355, -78.83094), (42.90575, -78.83092), (42.91496, -78.80795), (42.9191, -78.80782), (42.91907, -78.80497), (42.92065, -78.80495)]
(41, 30)[(42.87254, -78.83949), (42.87054, -78.83432), (42.87606, -78.8304), (42.87705, -78.83294), (42.8784, -78.82873), (42.88485, -78.82411), (42.88476, -78.81416), (42.88639, -78.8142), (42.88638, -78.81326)]
(41, 31)[(42.87254, -78.83949), (42.87054, -78.83432), (42.87606, -78.8304), (42.87705, -78.83294), (42.8784, -78.82873), (42.88485, -78.82411), (42.8847, -78.80509), (42.88733, -78.80503), (42.88732, -78.80438)]
(41, 32)[(42.87254, -78.83949), (42.87054, -78.83432), (42.87606, -78.8304), (42.87705, -78.83294), (42.8784, -78.82873), (42.88485, -78.82411), (42.88468, -78.80384), (42.88515, -78.80251), (42.8873, -78.80246), (42.88728, -78.80004), (42.88821, -78.80002)]
(41, 33)[(42.87254, -78.83949), (42.86608, -78.82267), (42.86336, -78.82078), (42.8587, -78.81363), (42.85322, -78.80724), (42.85063, -78.80938), (42.84835, -78.81253), (42.84652, -78.81011), (42.832, -78.80562), (42.83202, -78.80879), (42.82938, -78.80867), (42.82681, -78.80998), (42.81924, -78.81016), (42.81899, -78.80919)]
(41, 34)[(42.87254, -78.83949), (42.86608, -78.82267), (42.86336, -78.82078), (42.8587, -78.81363), (42.85322, -78.80724), (42.85063, -78.80938), (42.84835, -78.81253), (42.84652, -78.81011), (42.82168, -78.80217), (42.8166, -78.80093), (42.81654, -78.80444), (42.81561, -78.80441)]
(41, 35)[(42.87254, -78.83949), (42.8743, -78.8441), (42.86924, -78.84575), (42.87036, -78.84344), (42.86792, -78.82937), (42.86846, -78.82274), (42.87559, -78.81054), (42.87606, -78.79251), (42.87498, -78.78737), (42.87943, -78.7729), (42.88402, -78.76807), (42.94435, -78.76619), (42.9489, -78.76281), (42.95396, -78.76595), (42.96529, -78.76757), (42.96832, -78.76976), (42.97824, -78.7826), (42.98573, -78.7951), (42.99714, -78.80537), (43.00157, -78.80289), (43.01175, -78.80239), (43.01746, -78.79922), (43.02112, -78.79497), (43.02441, -78.78759), (43.02509, -78.78222), (43.02157, -78.783), (43.02244, -78.78143)]
(41, 36)[(42.87254, -78.83949), (42.8743, -78.8441), (42.86924, -78.84575), (42.87036, -78.84344), (42.86792, -78.82937), (42.86846, -78.82274), (42.87559, -78.81054), (42.87606, -78.79251), (42.87498, -78.78737), (42.87943, -78.7729), (42.88402, -78.76807), (42.94435, -78.76619), (42.9489, -78.76281), (42.95396, -78.76595), (42.96529, -78.76757), (42.96832, -78.76976), (42.97824, -78.7826), (42.98573, -78.7951), (42.99714, -78.80537), (43.00157, -78.80289), (43.01263, -78.80212), (43.01926, -78.79738), (43.02368, -78.78987), (43.02509, -78.78222), (43.01982, -78.78301), (43.01939, -78.77964)]
(41, 37)[(42.87254, -78.83949), (42.8743, -78.8441), (42.86924, -78.84575), (42.87036, -78.84344), (42.86792, -78.82937), (42.86846, -78.82274), (42.87559, -78.81054), (42.87606, -78.79251), (42.87498, -78.78737), (42.87943, -78.7729), (42.88375, -78.76819), (42.91847, -78.76614), (42.94435, -78.76619), (42.9489, -78.76281), (42.95396, -78.76595), (42.96529, -78.76757), (42.96832, -78.76976), (42.97824, -78.7826), (42.98573, -78.7951), (42.99724, -78.80538), (43.00157, -78.80289), (43.01341, -78.80182), (43.02051, -78.79585), (43.02474, -78.7856), (43.02422, -78.76935), (43.02283, -78.76937), (43.02318, -78.77085)]
(41, 38)[(42.87254, -78.83949), (42.8743, -78.8441), (42.86924, -78.84575), (42.87036, -78.84344), (42.86792, -78.82937), (42.86846, -78.82274), (42.87559, -78.81054), (42.87606, -78.79251), (42.87498, -78.78737), (42.87943, -78.7729), (42.88375, -78.76819), (42.91847, -78.76614), (42.94435, -78.76619), (42.94813, -78.76299), (42.95063, -78.76318), (42.95396, -78.76595), (42.96363, -78.76709), (42.96752, -78.76899), (42.97824, -78.7826), (42.98251, -78.79003), (42.98574, -78.79273), (42.99602, -78.78576), (42.99715, -78.77685), (42.99885, -78.77442), (43.00344, -78.77215), (43.00836, -78.77354), (43.01594, -78.76808), (43.02218, -78.76787)]
(41, 39)[(42.87254, -78.83949), (42.8743, -78.8441), (42.86924, -78.84575), (42.87036, -78.84344), (42.86792, -78.82937), (42.86846, -78.82274), (42.87559, -78.81054), (42.87606, -78.79251), (42.87498, -78.78737), (42.87943, -78.7729), (42.88375, -78.76819), (42.91847, -78.76614), (42.94435, -78.76619), (42.94813, -78.76299), (42.95063, -78.76318), (42.95396, -78.76595), (42.96363, -78.76709), (42.96752, -78.76899), (42.97824, -78.7826), (42.98251, -78.79003), (42.98574, -78.79273), (42.99602, -78.78576), (42.99715, -78.77685), (42.99885, -78.77442), (43.00344, -78.77215), (43.00836, -78.77354), (43.01518, -78.76851), (43.0178, -78.76802), (43.01777, -78.7699), (43.01556, -78.77144)]
(41, 40)[(42.87254, -78.83949), (42.8743, -78.8441), (42.86924, -78.84575), (42.87036, -78.84344), (42.86792, -78.82937), (42.86846, -78.82274), (42.87559, -78.81054), (42.87606, -78.79251), (42.87498, -78.78737), (42.87943, -78.7729), (42.88333, -78.76839), (42.91847, -78.76614), (42.94435, -78.76619), (42.9489, -78.76281), (42.95396, -78.76595), (42.96664, -78.76835), (42.97804, -78.78161), (42.97832, -78.77648), (42.98383, -78.77669), (42.98387, -78.77785), (42.98949, -78.77742)]
(42, 0)[(43.0081, -78.81597), (43.01242, -78.81706), (43.01243, -78.82228), (43.00472, -78.82273), (43.00426, -78.82601), (43.00141, -78.83605), (43.00094, -78.84986), (42.99993, -78.85333), (42.99686, -78.85942), (42.99602, -78.86271), (42.99558, -78.87578), (42.99596, -78.87711), (42.99683, -78.87688), (42.99702, -78.87516), (42.99632, -78.87463), (42.98097, -78.87238), (42.98098, -78.88539), (42.96092, -78.88884), (42.96158, -78.894), (42.95996, -78.89425), (42.95379, -78.89998), (42.95341, -78.89921)]
(42, 1)[(43.0081, -78.81597), (43.01242, -78.81706), (43.01243, -78.82228), (43.00472, -78.82273), (43.00426, -78.82601), (43.00141, -78.83605), (43.00105, -78.85117), (43.00064, -78.85326), (43.01086, -78.86279), (43.01326, -78.86281), (43.02096, -78.86097), (43.03059, -78.86082), (43.0348, -78.86192), (43.03869, -78.86427), (43.03778, -78.86866), (43.043, -78.8706), (43.04277, -78.87178)]
(42, 2)[(43.0081, -78.81597), (43.01242, -78.81706), (43.01243, -78.82228), (43.00472, -78.82273), (43.00426, -78.82601), (43.00141, -78.83605), (43.00105, -78.85117), (43.00064, -78.85326), (43.01086, -78.86279), (43.01326, -78.86281), (43.02069, -78.86098), (43.03084, -78.86086), (43.0348, -78.86192), (43.03869, -78.86427), (43.03778, -78.86866), (43.04017, -78.86959), (43.04046, -78.8685), (43.04168, -78.86896)]
(42, 3)[(43.0081, -78.81597), (43.00996, -78.81681), (43.01242, -78.81706), (43.01243, -78.82228), (43.0048, -78.82258), (43.00426, -78.82601), (43.00203, -78.83294), (43.0012, -78.83787), (43.00115, -78.84898), (43.00098, -78.8521), (43.00064, -78.85326), (43.00258, -78.8548), (43.00228, -78.85578), (43.00253, -78.85658), (43.00632, -78.86064), (43.0049, -78.86361), (43.00484, -78.86994)]
(42, 4)[(43.0081, -78.81597), (43.01242, -78.81706), (43.01243, -78.82228), (43.00472, -78.82273), (43.00426, -78.82601), (43.00141, -78.83605), (43.00094, -78.84986), (42.99993, -78.85333), (42.99686, -78.85942), (42.99602, -78.86271), (42.99558, -78.87578), (42.99596, -78.87711), (42.99683, -78.87688), (42.99702, -78.87516), (42.99632, -78.87463), (42.98097, -78.87238), (42.98101, -78.87865), (42.97204, -78.87872), (42.97194, -78.87806)]
(42, 5)[(43.0081, -78.81597), (43.00996, -78.81681), (43.01242, -78.81706), (43.01243, -78.82228), (43.00545, -78.82236), (43.00472, -78.82273), (43.00426, -78.82601), (43.00203, -78.83294), (43.00141, -78.83605), (43.00115, -78.83902), (43.00114, -78.8483), (43.00094, -78.84986), (42.99993, -78.85333), (42.99686, -78.85942), (42.99602, -78.86271), (42.99558, -78.87578), (42.99596, -78.87711), (42.9965, -78.8772), (42.99683, -78.87688), (42.99702, -78.87516), (42.99632, -78.87463), (42.97411, -78.87146), (42.97412, -78.86754)]
(42, 6)[(43.0081, -78.81597), (43.01242, -78.81706), (43.01243, -78.82228), (43.00472, -78.82273), (43.00426, -78.82601), (43.00141, -78.83605), (43.00094, -78.84986), (42.99993, -78.85333), (42.99686, -78.85942), (42.99602, -78.86271), (42.99558, -78.87578), (42.99596, -78.87711), (42.99669, -78.87706), (42.99702, -78.87516), (42.99632, -78.87463), (42.96606, -78.87043), (42.96595, -78.86842)]
(42, 7)[(43.0081, -78.81597), (43.00996, -78.81681), (43.01242, -78.81706), (43.01243, -78.82228), (43.00545, -78.82236), (43.00472, -78.82273), (43.00426, -78.82601), (43.00203, -78.83294), (43.00141, -78.83605), (43.00115, -78.83902), (43.00105, -78.85117), (43.00057, -78.85344), (42.99837, -78.85202), (42.99542, -78.85266), (42.98727, -78.85276), (42.98681, -78.85316), (42.98623, -78.85289), (42.98098, -78.85283), (42.98099, -78.85827)]
(42, 8)[(43.0081, -78.81597), (43.00996, -78.81681), (43.01242, -78.81706), (43.01243, -78.82228), (43.00545, -78.82236), (43.00472, -78.82273), (43.00426, -78.82601), (43.00203, -78.83294), (43.00141, -78.83605), (43.00115, -78.83902), (43.00105, -78.85117), (43.00057, -78.85344), (42.99837, -78.85202), (42.99542, -78.85266), (42.98727, -78.85276), (42.98681, -78.85316), (42.98623, -78.85289), (42.9799, -78.85285), (42.97882, -78.85291), (42.97883, -78.85449)]
(42, 9)[(43.0081, -78.81597), (43.00996, -78.81681), (43.01242, -78.81706), (43.01243, -78.82228), (42.98087, -78.82304), (42.98087, -78.85033), (42.98133, -78.85058)]
(42, 10)[(43.0081, -78.81597), (43.01242, -78.81706), (43.01243, -78.82228), (43.00472, -78.82273), (43.00426, -78.82601), (43.00141, -78.83605), (43.00094, -78.84986), (42.99993, -78.85333), (42.99686, -78.85942), (42.99602, -78.86271), (42.99558, -78.87578), (42.99596, -78.87711), (42.99669, -78.87706), (42.99702, -78.87516), (42.99632, -78.87463), (42.96529, -78.87036), (42.9653, -78.86864), (42.96475, -78.8689), (42.96475, -78.86788)]
(42, 11)[(43.0081, -78.81597), (43.01242, -78.81706), (43.01243, -78.82228), (43.00472, -78.82273), (43.00426, -78.82601), (43.00141, -78.83605), (43.00105, -78.85117), (43.00057, -78.85344), (42.99837, -78.85202), (42.99542, -78.85266), (42.98727, -78.85276), (42.98668, -78.85347), (42.98653, -78.85744), (42.98555, -78.85858), (42.96471, -78.85829), (42.96473, -78.86156), (42.9644, -78.86156)]
(42, 12)[(43.0081, -78.81597), (43.01242, -78.81706), (43.01243, -78.82228), (43.00472, -78.82273), (43.00426, -78.82601), (43.00141, -78.83605), (43.00105, -78.85117), (43.00057, -78.85344), (42.99837, -78.85202), (42.99542, -78.85266), (42.98727, -78.85276), (42.98668, -78.85347), (42.98653, -78.85744), (42.98555, -78.85858), (42.96563, -78.85833), (42.96563, -78.85964)]
(42, 13)[(43.0081, -78.81597), (43.01242, -78.81706), (43.01243, -78.82228), (42.95816, -78.82382), (42.95398, -78.82275), (42.91535, -78.86445), (42.90888, -78.86677), (42.90897, -78.88198), (42.90686, -78.88161)]
(42, 14)[(43.0081, -78.81597), (43.01242, -78.81706), (43.01243, -78.82228), (42.95816, -78.82382), (42.95398, -78.82275), (42.91535, -78.86445), (42.91125, -78.86591), (42.91127, -78.87033), (42.90985, -78.87077), (42.90946, -78.87445)]
(42, 15)[(43.0081, -78.81597), (43.00471, -78.81233), (43.00429, -78.7988), (42.99811, -78.7989), (42.98977, -78.80475), (42.98603, -78.81428), (42.9331, -78.81365), (42.93016, -78.82049), (42.92917, -78.8338), (42.92386, -78.84251), (42.90898, -78.84349), (42.90226, -78.84682), (42.8979, -78.85304), (42.89402, -78.86254), (42.8942, -78.86502), (42.8913, -78.86596), (42.89167, -78.86503), (42.89076, -78.86466)]
(42, 16)[(43.0081, -78.81597), (43.00471, -78.81233), (43.00429, -78.7988), (42.99811, -78.7989), (42.98977, -78.80475), (42.98603, -78.81428), (42.9331, -78.81365), (42.93016, -78.82049), (42.92917, -78.8338), (42.92386, -78.84251), (42.90898, -78.84349), (42.90272, -78.84654), (42.90004, -78.84893), (42.8979, -78.85304), (42.89402, -78.86254), (42.8942, -78.86502), (42.8913, -78.86596), (42.89167, -78.86503), (42.88765, -78.86375)]
(42, 17)[(43.0081, -78.81597), (43.01242, -78.81706), (43.01243, -78.82228), (43.00331, -78.82247), (43.00308, -78.82426), (43.00402, -78.82361), (43.00371, -78.81938), (43.00112, -78.81299), (42.99179, -78.8009), (42.98448, -78.79394), (42.97815, -78.7829), (42.96872, -78.77053), (42.9648, -78.76768), (42.94772, -78.76587), (42.88558, -78.76785), (42.8815, -78.77012), (42.87878, -78.77523), (42.87647, -78.7859), (42.87614, -78.80865), (42.87201, -78.81711), (42.87206, -78.81998), (42.8645, -78.82541), (42.85984, -78.82552), (42.85536, -78.82923), (42.85346, -78.82924), (42.85347, -78.8315)]
(42, 18)[(43.0081, -78.81597), (43.01242, -78.81706), (43.01243, -78.82228), (43.00331, -78.82247), (43.00308, -78.82426), (43.00402, -78.82361), (43.00371, -78.81938), (43.00112, -78.81299), (42.99179, -78.8009), (42.98448, -78.79394), (42.97815, -78.7829), (42.96872, -78.77053), (42.9648, -78.76768), (42.94772, -78.76587), (42.89289, -78.76746), (42.88377, -78.7684), (42.87941, -78.7733), (42.87647, -78.7859), (42.87614, -78.80865), (42.87201, -78.81711), (42.87206, -78.81998), (42.86345, -78.82581), (42.85213, -78.82333)]
(42, 19)[(43.0081, -78.81597), (43.00696, -78.81543), (43.00676, -78.8153), (43.00641, -78.81494), (43.00497, -78.81302), (43.00512, -78.81284), (43.00561, -78.81297), (43.00576, -78.81313), (43.00595, -78.81366), (43.00609, -78.81374), (43.00636, -78.81374), (43.0065, -78.81371), (43.00653, -78.81366), (43.00662, -78.81298), (43.00667, -78.81289), (43.00687, -78.8127)]
(42, 20)[(43.0081, -78.81597), (43.00895, -78.81636), (43.0091, -78.81559), (43.00911, -78.81467), (43.00915, -78.81455), (43.00922, -78.81447), (43.00928, -78.81447), (43.01021, -78.81449), (43.01021, -78.81182), (43.01029, -78.81159), (43.01066, -78.81113), (43.00958, -78.80942)]
(42, 21)[(43.0081, -78.81597), (43.00696, -78.81543), (43.00651, -78.81506), (43.00506, -78.81315), (43.00477, -78.81252), (43.00458, -78.81148), (43.00461, -78.80476), (43.00268, -78.80484), (43.00279, -78.80591)]
(42, 22)[(43.0081, -78.81597), (43.00651, -78.81506), (43.00471, -78.81233), (43.00429, -78.7988), (42.99784, -78.79903), (42.99514, -78.80162), (42.98977, -78.80475), (42.98796, -78.80763), (42.97912, -78.80793), (42.97613, -78.81017), (42.97178, -78.80609), (42.96837, -78.8091), (42.96766, -78.80807), (42.96576, -78.80977)]
(42, 23)[(43.0081, -78.81597), (43.00651, -78.81506), (43.00471, -78.81233), (43.00429, -78.7988), (42.99811, -78.7989), (42.99514, -78.80162), (42.98977, -78.80475), (42.98802, -78.80761), (42.97912, -78.80793), (42.97613, -78.81017), (42.97552, -78.80931), (42.96957, -78.80414)]
(42, 24)[(43.0081, -78.81597), (43.00651, -78.81506), (43.00471, -78.81233), (43.00429, -78.7988), (42.99866, -78.7988), (42.98964, -78.80488), (42.98799, -78.80762), (42.98603, -78.81428), (42.98504, -78.81382), (42.94344, -78.81366), (42.94353, -78.81611)]
(42, 25)[(43.0081, -78.81597), (43.00651, -78.81506), (43.00471, -78.81233), (43.00429, -78.7988), (42.99811, -78.7989), (42.99514, -78.80162), (42.98977, -78.80475), (42.98802, -78.80761), (42.97912, -78.80793), (42.97613, -78.81017), (42.96915, -78.80392), (42.95273, -78.80388), (42.95173, -78.8084)]
(42, 26)[(43.0081, -78.81597), (43.00651, -78.81506), (43.00471, -78.81233), (43.00429, -78.7988), (42.99811, -78.7989), (42.99514, -78.80162), (42.98977, -78.80475), (42.98802, -78.80761), (42.97912, -78.80793), (42.97613, -78.81017), (42.96938, -78.80398), (42.95273, -78.80388), (42.95279, -78.79727), (42.9521, -78.79726)]
(42, 27)[(43.0081, -78.81597), (43.00651, -78.81506), (43.00471, -78.81233), (43.00429, -78.7988), (42.99811, -78.7989), (42.99514, -78.80162), (42.98977, -78.80475), (42.98802, -78.80761), (42.97912, -78.80793), (42.97613, -78.81017), (42.96938, -78.80398), (42.94889, -78.80343), (42.94882, -78.79488)]
(42, 28)[(43.0081, -78.81597), (43.00471, -78.81233), (43.00429, -78.7988), (42.99811, -78.7989), (42.98977, -78.80475), (42.98603, -78.81428), (42.93733, -78.81364), (42.93733, -78.81043), (42.92269, -78.81049), (42.92271, -78.8072)]
(42, 29)[(43.0081, -78.81597), (43.00471, -78.81233), (43.00429, -78.7988), (42.99811, -78.7989), (42.98977, -78.80475), (42.98802, -78.80761), (42.97912, -78.80793), (42.97613, -78.81017), (42.96938, -78.80398), (42.94232, -78.80336), (42.93806, -78.79903), (42.92279, -78.79877), (42.92274, -78.80493), (42.92065, -78.80495)]
(42, 30)[(43.0081, -78.81597), (43.01242, -78.81706), (43.01243, -78.82228), (43.00331, -78.82247), (43.00308, -78.82426), (43.00402, -78.82361), (43.00371, -78.81938), (43.00127, -78.81321), (42.99179, -78.8009), (42.98483, -78.79439), (42.97815, -78.7829), (42.9673, -78.76914), (42.96353, -78.76733), (42.94772, -78.76587), (42.89289, -78.76746), (42.88402, -78.7689), (42.88425, -78.79843), (42.88527, -78.80172), (42.88474, -78.80969), (42.88634, -78.80966), (42.88638, -78.81326)]
(42, 31)[(43.0081, -78.81597), (43.01242, -78.81706), (43.01243, -78.82228), (43.00331, -78.82247), (43.00308, -78.82426), (43.00402, -78.82361), (43.0039, -78.82056), (43.00137, -78.81337), (42.99179, -78.8009), (42.98448, -78.79394), (42.97815, -78.7829), (42.96928, -78.77125), (42.9648, -78.76768), (42.95816, -78.76651), (42.91683, -78.7664), (42.88767, -78.76773), (42.88402, -78.7689), (42.88425, -78.79843), (42.88527, -78.80172), (42.88468, -78.80384), (42.88732, -78.80438)]
(42, 32)[(43.0081, -78.81597), (43.01242, -78.81706), (43.01243, -78.82228), (43.00331, -78.82247), (43.00308, -78.82426), (43.00402, -78.82361), (43.0039, -78.82056), (43.00137, -78.81337), (42.99179, -78.8009), (42.98448, -78.79394), (42.97815, -78.7829), (42.96928, -78.77125), (42.9648, -78.76768), (42.95816, -78.76651), (42.91683, -78.7664), (42.88767, -78.76773), (42.88402, -78.7689), (42.88427, -78.79856), (42.88515, -78.80251), (42.8873, -78.80246), (42.88728, -78.80004), (42.88821, -78.80002)]
(42, 33)[(43.0081, -78.81597), (43.01242, -78.81706), (43.01243, -78.82228), (43.00331, -78.82247), (43.00308, -78.82426), (43.00371, -78.81938), (43.00127, -78.81321), (42.98483, -78.79439), (42.9673, -78.76914), (42.94772, -78.76587), (42.8843, -78.76818), (42.87978, -78.77253), (42.8737, -78.78929), (42.8657, -78.79191), (42.85146, -78.79027), (42.84427, -78.79285), (42.82844, -78.79302), (42.8283, -78.80936), (42.81899, -78.80919)]
(42, 34)[(43.0081, -78.81597), (43.01242, -78.81706), (43.01243, -78.82228), (43.00331, -78.82247), (43.00308, -78.82426), (43.0039, -78.82056), (43.00137, -78.81337), (42.98448, -78.79394), (42.96872, -78.77053), (42.9564, -78.76638), (42.88488, -78.76801), (42.87978, -78.77253), (42.87627, -78.78589), (42.87325, -78.78953), (42.8657, -78.79191), (42.85146, -78.79027), (42.84427, -78.79285), (42.82844, -78.79302), (42.82818, -78.80439), (42.8166, -78.80093), (42.81561, -78.80441)]
(42, 35)[(43.0081, -78.81597), (43.00651, -78.81506), (43.00471, -78.81233), (43.00429, -78.79862), (43.01738, -78.79899), (43.01756, -78.79641), (43.01803, -78.79602), (43.0203, -78.79571), (43.02129, -78.79468), (43.02328, -78.79086), (43.02441, -78.78759), (43.02509, -78.78222), (43.02403, -78.78217), (43.02157, -78.783), (43.02151, -78.78184), (43.02244, -78.78143)]
(42, 36)[(43.0081, -78.81597), (43.00651, -78.81506), (43.00471, -78.81233), (43.00429, -78.79862), (43.01738, -78.79899), (43.01738, -78.79701), (43.01763, -78.7963), (43.0203, -78.79571), (43.02129, -78.79468), (43.02262, -78.79232), (43.0239, -78.78927), (43.02457, -78.7869), (43.02509, -78.78222), (43.02403, -78.78217), (43.02167, -78.78299), (43.01982, -78.78301), (43.01941, -78.78076), (43.01968, -78.77987), (43.01939, -78.77964)]
(42, 37)[(43.0081, -78.81597), (43.00651, -78.81506), (43.00471, -78.81233), (43.00429, -78.79862), (43.01738, -78.79899), (43.01738, -78.79701), (43.01763, -78.7963), (43.0203, -78.79571), (43.02129, -78.79468), (43.02262, -78.79232), (43.0239, -78.78927), (43.02457, -78.7869), (43.02509, -78.78222), (43.02403, -78.78217), (43.02422, -78.76935), (43.02283, -78.76937), (43.02318, -78.77085)]
(42, 38)[(43.0081, -78.81597), (43.00651, -78.81506), (43.00471, -78.81233), (43.00429, -78.79862), (43.01738, -78.79899), (43.01738, -78.79701), (43.01763, -78.7963), (43.0203, -78.79571), (43.02173, -78.79392), (43.02328, -78.79086), (43.02441, -78.78759), (43.02509, -78.78222), (43.02403, -78.78217), (43.02422, -78.76785), (43.02218, -78.76787)]
(42, 39)[(43.0081, -78.81597), (43.00651, -78.81506), (43.00471, -78.81233), (43.00429, -78.7988), (43.0, -78.7988), (42.99993, -78.79662), (43.0033, -78.79637), (43.00457, -78.79538), (43.00519, -78.79308), (43.00528, -78.78589), (43.00551, -78.78511), (43.00756, -78.78107), (43.01034, -78.77894), (43.01149, -78.77869), (43.01254, -78.77891), (43.01288, -78.77755), (43.01295, -78.77463), (43.01418, -78.77455), (43.01382, -78.77257), (43.01399, -78.77153), (43.01477, -78.77073), (43.01557, -78.7706), (43.01556, -78.77144)]
(42, 40)[(43.0081, -78.81597), (43.00696, -78.81543), (43.00651, -78.81506), (43.00506, -78.81315), (43.00471, -78.81233), (43.00458, -78.81148), (43.00461, -78.80476), (43.00429, -78.80265), (43.00429, -78.7988), (43.0, -78.7988), (42.99995, -78.79705), (42.99819, -78.79704), (42.99724, -78.79659), (42.99644, -78.79562), (42.99602, -78.79463), (42.99563, -78.7928), (42.99555, -78.79089), (42.99443, -78.79094), (42.99395, -78.79125), (42.9935, -78.79191), (42.99308, -78.79219), (42.99122, -78.79222), (42.99139, -78.77706), (42.99045, -78.77707), (42.99044, -78.77735), (42.98949, -78.77742)]
(43, 0)[(42.94654, -78.80021), (42.94885, -78.80077), (42.94921, -78.82167), (42.95145, -78.82559), (42.95281, -78.82947), (42.95486, -78.82779), (42.95568, -78.82963), (42.95831, -78.83214), (42.95867, -78.8736), (42.95677, -78.87353), (42.95652, -78.88957), (42.95918, -78.89497), (42.95379, -78.89998), (42.95341, -78.89921)]
(43, 1)[(42.94654, -78.80021), (42.94885, -78.80077), (42.94889, -78.80343), (42.95044, -78.80389), (42.96938, -78.80398), (42.97552, -78.80931), (42.977, -78.81155), (42.98072, -78.82526), (42.99677, -78.84987), (43.01032, -78.86255), (43.02096, -78.86097), (43.03432, -78.86174), (43.03869, -78.86427), (43.03778, -78.86866), (43.043, -78.8706), (43.04277, -78.87178)]
(43, 2)[(42.94654, -78.80021), (42.94885, -78.80077), (42.94889, -78.80343), (42.95044, -78.80389), (42.96938, -78.80398), (42.97552, -78.80931), (42.977, -78.81155), (42.98072, -78.82526), (42.99677, -78.84987), (43.01032, -78.86255), (43.03084, -78.86086), (43.03869, -78.86427), (43.03778, -78.86866), (43.04168, -78.86896)]
(43, 3)[(42.94654, -78.80021), (42.94885, -78.80077), (42.94889, -78.80343), (42.95044, -78.80389), (42.96938, -78.80398), (42.97552, -78.80931), (42.977, -78.81155), (42.97746, -78.81499), (42.98072, -78.82526), (42.98962, -78.83791), (42.99732, -78.85068), (42.99837, -78.85202), (43.00258, -78.8548), (43.00253, -78.85658), (43.00632, -78.86064), (43.0049, -78.86361), (43.00484, -78.86994)]
(43, 4)[(42.94654, -78.80021), (42.94885, -78.80077), (42.94921, -78.82167), (42.95145, -78.82559), (42.95158, -78.82679), (42.95281, -78.82947), (42.95486, -78.82779), (42.95568, -78.82963), (42.95831, -78.83214), (42.95866, -78.85363), (42.95864, -78.87855), (42.97178, -78.87872), (42.97194, -78.87806)]
(43, 5)[(42.94654, -78.80021), (42.94885, -78.80077), (42.94921, -78.82167), (42.95145, -78.82559), (42.95158, -78.82679), (42.95281, -78.82947), (42.95486, -78.82779), (42.95568, -78.82963), (42.95802, -78.83168), (42.96291, -78.84104), (42.96872, -78.84868), (42.97205, -78.85238), (42.97438, -78.85602), (42.97444, -78.8659), (42.97405, -78.86593), (42.97412, -78.86754)]
(43, 6)[(42.94654, -78.80021), (42.94885, -78.80077), (42.94921, -78.82167), (42.95145, -78.82559), (42.95158, -78.82679), (42.95281, -78.82947), (42.95486, -78.82779), (42.95568, -78.82963), (42.95831, -78.83214), (42.9587, -78.86962), (42.96282, -78.87004), (42.96595, -78.86842)]
(43, 7)[(42.94654, -78.80021), (42.94885, -78.80077), (42.94889, -78.80343), (42.95044, -78.80389), (42.96938, -78.80398), (42.97552, -78.80931), (42.97684, -78.81116), (42.97738, -78.81469), (42.97938, -78.82191), (42.98087, -78.82551), (42.98075, -78.83635), (42.98099, -78.85827)]
(43, 8)[(42.94654, -78.80021), (42.94885, -78.80077), (42.94913, -78.82133), (42.95145, -78.82559), (42.95158, -78.82679), (42.95281, -78.82947), (42.95486, -78.82779), (42.95568, -78.82963), (42.95818, -78.83188), (42.96128, -78.83828), (42.96291, -78.84104), (42.96872, -78.84868), (42.97256, -78.85311), (42.97882, -78.85291), (42.97883, -78.85449)]
(43, 9)[(42.94654, -78.80021), (42.94885, -78.80077), (42.94889, -78.80343), (42.95044, -78.80389), (42.96938, -78.80398), (42.97552, -78.80931), (42.97657, -78.81078), (42.977, -78.81155), (42.97733, -78.81451), (42.97962, -78.82275), (42.98087, -78.82551), (42.98087, -78.85033), (42.98133, -78.85058)]
(43, 10)[(42.94654, -78.80021), (42.94885, -78.80077), (42.94921, -78.82167), (42.95145, -78.82559), (42.95158, -78.82679), (42.95281, -78.82947), (42.95486, -78.82779), (42.95568, -78.82963), (42.95831, -78.83214), (42.9587, -78.86962), (42.96282, -78.87004), (42.96475, -78.8689), (42.96475, -78.86788)]
(43, 11)[(42.94654, -78.80021), (42.94885, -78.80077), (42.94921, -78.82167), (42.95145, -78.82559), (42.95158, -78.82679), (42.95281, -78.82947), (42.95486, -78.82779), (42.95568, -78.82963), (42.95831, -78.83214), (42.95867, -78.85862), (42.96375, -78.8583), (42.96377, -78.86156), (42.9644, -78.86156)]
(43, 12)[(42.94654, -78.80021), (42.94885, -78.80077), (42.94921, -78.82167), (42.95145, -78.82559), (42.95158, -78.82679), (42.95281, -78.82947), (42.95486, -78.82779), (42.95568, -78.82963), (42.95831, -78.83214), (42.95867, -78.85862), (42.96563, -78.85833), (42.96563, -78.85964)]
(43, 13)[(42.94654, -78.80021), (42.945, -78.79918), (42.94453, -78.80035), (42.94366, -78.79972), (42.93909, -78.81089), (42.93346, -78.81047), (42.93007, -78.82096), (42.92939, -78.83308), (42.92745, -78.8376), (42.92386, -78.84251), (42.92183, -78.8435), (42.90898, -78.84349), (42.90667, -78.84428), (42.90381, -78.84631), (42.90398, -78.86604), (42.90463, -78.86818), (42.90479, -78.8819), (42.90686, -78.88161)]
(43, 14)[(42.94654, -78.80021), (42.945, -78.79918), (42.94453, -78.80035), (42.94366, -78.79972), (42.93909, -78.81089), (42.93839, -78.81043), (42.93346, -78.81047), (42.93326, -78.81201), (42.93007, -78.82096), (42.92986, -78.82297), (42.92988, -78.82971), (42.92939, -78.83308), (42.92745, -78.8376), (42.92465, -78.84149), (42.92345, -78.84285), (42.92218, -78.84346), (42.91379, -78.84368), (42.91395, -78.865), (42.91125, -78.86591), (42.91127, -78.87033), (42.90985, -78.87077), (42.90988, -78.87439), (42.90946, -78.87445)]
(43, 15)[(42.94654, -78.80021), (42.945, -78.79918), (42.94453, -78.80035), (42.94366, -78.79972), (42.93909, -78.81089), (42.93346, -78.81047), (42.93007, -78.82096), (42.92939, -78.83308), (42.92745, -78.8376), (42.92386, -78.84251), (42.92183, -78.8435), (42.90898, -78.84349), (42.90226, -78.84682), (42.90004, -78.84893), (42.8979, -78.85304), (42.89402, -78.86254), (42.8942, -78.86502), (42.8913, -78.86596), (42.89167, -78.86503), (42.89076, -78.86466)]
(43, 16)[(42.94654, -78.80021), (42.945, -78.79918), (42.94453, -78.80035), (42.94366, -78.79972), (42.93909, -78.81089), (42.93346, -78.81047), (42.93007, -78.82096), (42.92939, -78.83308), (42.92745, -78.8376), (42.92386, -78.84251), (42.92183, -78.8435), (42.90898, -78.84349), (42.90272, -78.84654), (42.90004, -78.84893), (42.8979, -78.85304), (42.89402, -78.86254), (42.8942, -78.86502), (42.8913, -78.86596), (42.89167, -78.86503), (42.88774, -78.86333), (42.88765, -78.86375)]
(43, 17)[(42.94654, -78.80021), (42.94366, -78.79972), (42.93909, -78.81089), (42.93346, -78.81047), (42.93007, -78.82096), (42.92917, -78.8338), (42.92681, -78.83859), (42.92253, -78.84337), (42.90898, -78.84349), (42.90369, -78.84637), (42.90373, -78.84463), (42.87482, -78.8439), (42.86603, -78.84764), (42.86022, -78.83866), (42.85809, -78.83218), (42.85347, -78.8315)]
(43, 18)[(42.94654, -78.80021), (42.94366, -78.79972), (42.93796, -78.81364), (42.88052, -78.81414), (42.86345, -78.82581), (42.85213, -78.82333)]
(43, 19)[(42.94654, -78.80021), (42.94885, -78.80077), (42.94889, -78.80343), (42.95044, -78.80389), (42.96938, -78.80398), (42.97613, -78.81017), (42.97912, -78.80793), (42.98799, -78.80762), (42.98973, -78.80478), (42.99514, -78.80162), (42.99784, -78.79903), (43.00429, -78.79862), (43.00463, -78.81194), (43.00497, -78.81302), (43.00603, -78.81372), (43.00687, -78.8127)]
(43, 20)[(42.94654, -78.80021), (42.94885, -78.80077), (42.94889, -78.80343), (42.95044, -78.80389), (42.96938, -78.80398), (42.97552, -78.80931), (42.97684, -78.81116), (42.97968, -78.82292), (43.01243, -78.82228), (43.01196, -78.812), (43.01108, -78.81176), (43.00958, -78.80942)]
(43, 21)[(42.94654, -78.80021), (42.94885, -78.80077), (42.94889, -78.80343), (42.95044, -78.80389), (42.96938, -78.80398), (42.97613, -78.81017), (42.97912, -78.80793), (42.98799, -78.80762), (42.98973, -78.80478), (42.99514, -78.80162), (42.99784, -78.79903), (43.00429, -78.79862), (43.00461, -78.80476), (43.00268, -78.80484), (43.00279, -78.80591)]
(43, 22)[(42.94654, -78.80021), (42.94836, -78.80079), (42.94885, -78.80077), (42.94889, -78.80343), (42.94965, -78.80345), (42.95044, -78.80389), (42.96337, -78.80394), (42.96196, -78.80755), (42.96381, -78.80887), (42.96458, -78.80914), (42.96544, -78.81004), (42.96576, -78.80977)]
(43, 23)[(42.94654, -78.80021), (42.94885, -78.80077), (42.94889, -78.80343), (42.95044, -78.80389), (42.96957, -78.80414)]
(43, 24)[(42.94654, -78.80021), (42.94627, -78.80012), (42.945, -78.79918), (42.94331, -78.80341), (42.94343, -78.80341), (42.94342, -78.81384), (42.94353, -78.81611)]
(43, 25)[(42.94654, -78.80021), (42.94836, -78.80079), (42.94885, -78.80077), (42.94889, -78.80343), (42.94965, -78.80345), (42.95044, -78.80389), (42.95273, -78.80388), (42.95274, -78.80436), (42.95264, -78.80485), (42.9522, -78.80582), (42.95195, -78.8067), (42.95173, -78.8084)]
(43, 26)[(42.94654, -78.80021), (42.94836, -78.80079), (42.94885, -78.80077), (42.94889, -78.80343), (42.94965, -78.80345), (42.95044, -78.80389), (42.95273, -78.80388), (42.9527, -78.80161), (42.95289, -78.79893), (42.95279, -78.79727), (42.9521, -78.79726)]
(43, 27)[(42.94654, -78.80021), (42.94836, -78.80079), (42.94885, -78.80077), (42.94881, -78.79903), (42.9489, -78.79838), (42.9489, -78.79786), (42.94882, -78.79488)]
(43, 28)[(42.94654, -78.80021), (42.945, -78.79918), (42.94453, -78.80035), (42.94366, -78.79972), (42.93909, -78.81089), (42.93839, -78.81043), (42.92269, -78.81049), (42.92271, -78.8072)]
(43, 29)[(42.94654, -78.80021), (42.945, -78.79918), (42.94331, -78.80341), (42.94267, -78.80339), (42.94204, -78.80323), (42.93806, -78.79903), (42.92279, -78.79877), (42.92274, -78.80493), (42.92065, -78.80495)]
(43, 30)[(42.94654, -78.80021), (42.945, -78.79918), (42.94453, -78.80035), (42.94366, -78.79972), (42.93796, -78.81364), (42.88639, -78.8142), (42.88638, -78.81326)]
(43, 31)[(42.94654, -78.80021), (42.945, -78.79918), (42.94596, -78.79683), (42.94425, -78.79557), (42.9449, -78.79335), (42.94492, -78.7847), (42.94447, -78.78413), (42.88435, -78.7846), (42.88425, -78.79843), (42.88527, -78.80172), (42.88468, -78.80384), (42.88731, -78.80377), (42.88732, -78.80438)]
(43, 32)[(42.94654, -78.80021), (42.945, -78.79918), (42.94596, -78.79683), (42.94425, -78.79557), (42.94488, -78.79368), (42.94492, -78.7847), (42.94323, -78.78409), (42.89892, -78.78419), (42.89863, -78.78468), (42.90049, -78.78464), (42.89829, -78.80243), (42.89241, -78.80238), (42.8924, -78.80116), (42.89114, -78.79998), (42.88821, -78.80002)]
(43, 33)[(42.94654, -78.80021), (42.945, -78.79918), (42.94331, -78.80341), (42.94232, -78.80336), (42.93806, -78.79903), (42.93279, -78.799), (42.93246, -78.76978), (42.92953, -78.76673), (42.88641, -78.76777), (42.8827, -78.76902), (42.87978, -78.77253), (42.87627, -78.78589), (42.8737, -78.78929), (42.8657, -78.79191), (42.85798, -78.79212), (42.85146, -78.79027), (42.84427, -78.79285), (42.82844, -78.79302), (42.8283, -78.80936), (42.81924, -78.81016), (42.81899, -78.80919)]
(43, 34)[(42.94654, -78.80021), (42.945, -78.79918), (42.94331, -78.80341), (42.94232, -78.80336), (42.93806, -78.79903), (42.93279, -78.799), (42.93222, -78.76882), (42.92852, -78.7664), (42.91683, -78.7664), (42.8843, -78.76818), (42.87978, -78.77253), (42.87627, -78.78589), (42.87325, -78.78953), (42.8657, -78.79191), (42.85798, -78.79212), (42.85146, -78.79027), (42.84427, -78.79285), (42.82844, -78.79302), (42.82818, -78.80439), (42.8166, -78.80093), (42.81654, -78.80444), (42.81561, -78.80441)]
(43, 35)[(42.94654, -78.80021), (42.94885, -78.80077), (42.94889, -78.80343), (42.95044, -78.80389), (42.96915, -78.80392), (42.97178, -78.80609), (42.98486, -78.79391), (42.98538, -78.79266), (42.98452, -78.79134), (42.98401, -78.79252), (42.98573, -78.7951), (42.99672, -78.80527), (42.99808, -78.80518), (43.00195, -78.80282), (43.01175, -78.80239), (43.01746, -78.79922), (43.02051, -78.79585), (43.02262, -78.79232), (43.02441, -78.78759), (43.02509, -78.78222), (43.02157, -78.783), (43.02151, -78.78184), (43.02244, -78.78143)]
(43, 36)[(42.94654, -78.80021), (42.94885, -78.80077), (42.94889, -78.80343), (42.95044, -78.80389), (42.96915, -78.80392), (42.97178, -78.80609), (42.98746, -78.79152), (42.9919, -78.78794), (42.99579, -78.78604), (42.99686, -78.78372), (42.99715, -78.77685), (42.99885, -78.77442), (43.00302, -78.77224), (43.00434, -78.77224), (43.008, -78.77363), (43.0107, -78.77881), (43.01254, -78.77891), (43.01637, -78.78225), (43.01982, -78.78277), (43.01939, -78.77964)]
(43, 37)[(42.94654, -78.80021), (42.94885, -78.80077), (42.94889, -78.80343), (42.95044, -78.80389), (42.96915, -78.80392), (42.97178, -78.80609), (42.98746, -78.79152), (42.9919, -78.78794), (42.99579, -78.78604), (42.99686, -78.78372), (42.99715, -78.77685), (42.99885, -78.77442), (43.00344, -78.77215), (43.00836, -78.77354), (43.01594, -78.76808), (43.02319, -78.76784), (43.02283, -78.76937), (43.02318, -78.77085)]
(43, 38)[(42.94654, -78.80021), (42.94885, -78.80077), (42.94889, -78.80343), (42.95044, -78.80389), (42.96915, -78.80392), (42.97178, -78.80609), (42.98746, -78.79152), (42.9919, -78.78794), (42.99579, -78.78604), (42.99686, -78.78372), (42.99715, -78.77685), (42.99865, -78.77457), (43.00344, -78.77215), (43.00836, -78.77354), (43.01594, -78.76808), (43.02218, -78.76787)]
(43, 39)[(42.94654, -78.80021), (42.94885, -78.80077), (42.94889, -78.80343), (42.95044, -78.80389), (42.96915, -78.80392), (42.97178, -78.80609), (42.98746, -78.79152), (42.9919, -78.78794), (42.99579, -78.78604), (42.99686, -78.78372), (42.99706, -78.77723), (42.99845, -78.77472), (43.00344, -78.77215), (43.00836, -78.77354), (43.01518, -78.76851), (43.0178, -78.76802), (43.01777, -78.7699), (43.01557, -78.7706), (43.01556, -78.77144)]
(43, 40)[(42.94654, -78.80021), (42.94885, -78.80077), (42.94889, -78.80343), (42.95044, -78.80389), (42.96915, -78.80392), (42.97178, -78.80609), (42.99127, -78.78778), (42.99139, -78.77706), (42.98949, -78.77742)]
