(41, 0)[(42.93741, -78.88719), (42.93769, -78.88875), (42.93746, -78.88938), (42.93824, -78.88989), (42.93605, -78.89616), (42.93591, -78.89707), (42.9361, -78.89867), (42.93647, -78.89877), (42.93736, -78.89832), (42.93864, -78.89812), (42.94969, -78.90381), (42.95379, -78.89998), (42.95341, -78.89921)]
(41, 1)[(42.93741, -78.88719), (42.93746, -78.88938), (42.94129, -78.89198), (43.01623, -78.87895), (43.02004, -78.88051), (43.02394, -78.8795), (43.0296, -78.88022), (43.03463, -78.88408), (43.03699, -78.87246), (43.04223, -78.87443), (43.04277, -78.87178)]
(41, 2)[(42.93741, -78.88719), (42.93746, -78.88938), (42.94129, -78.89198), (43.01623, -78.87895), (43.02004, -78.88051), (43.02394, -78.8795), (43.0296, -78.88022), (43.03463, -78.88408), (43.03699, -78.87246), (43.04074, -78.87387), (43.04168, -78.86896)]
(41, 3)[(42.93741, -78.88719), (42.93746, -78.88938), (42.94129, -78.89198), (43.00172, -78.88163), (43.00176, -78.87531), (43.005, -78.8744), (43.00484, -78.86994)]
(41, 4)[(42.93741, -78.88719), (42.93769, -78.88875), (42.93746, -78.88938), (42.94129, -78.89198), (42.97141, -78.88699), (42.97151, -78.87873), (42.97178, -78.87872), (42.97194, -78.87806)]
(41, 5)[(42.93741, -78.88719), (42.93769, -78.88875), (42.93746, -78.88938), (42.93824, -78.88989), (42.94052, -78.88355), (42.94056, -78.8786), (42.94777, -78.87822), (42.95758, -78.87837), (42.95764, -78.86951), (42.96282, -78.87004), (42.96525, -78.86866), (42.97206, -78.86606), (42.97405, -78.86593), (42.97412, -78.86754)]
(41, 6)[(42.93741, -78.88719), (42.93769, -78.88875), (42.93746, -78.88938), (42.93824, -78.88989), (42.94052, -78.88355), (42.94056, -78.8786), (42.94777, -78.87822), (42.95758, -78.87837), (42.95764, -78.86951), (42.96282, -78.87004), (42.96595, -78.86842)]
(41, 7)[(42.93741, -78.88719), (42.93746, -78.88938), (42.94129, -78.89198), (42.98082, -78.88541), (42.98079, -78.85575), (42.98099, -78.85827)]
(41, 8)[(42.93741, -78.88719), (42.93746, -78.88938), (42.94129, -78.89198), (42.98082, -78.88541), (42.98081, -78.85283), (42.97882, -78.85291), (42.97883, -78.85449)]
(41, 9)[(42.93741, -78.88719), (42.93746, -78.88938), (42.94129, -78.89198), (42.98082, -78.88541), (42.98081, -78.85048), (42.98133, -78.85058)]
(41, 10)[(42.93741, -78.88719), (42.93769, -78.88875), (42.93746, -78.88938), (42.93824, -78.88989), (42.94052, -78.88355), (42.94056, -78.8786), (42.94777, -78.87822), (42.95758, -78.87837), (42.95764, -78.86951), (42.96282, -78.87004), (42.96475, -78.8689), (42.96475, -78.86788)]
(41, 11)[(42.93741, -78.88719), (42.93769, -78.88875), (42.93746, -78.88938), (42.93824, -78.88989), (42.94052, -78.88355), (42.94056, -78.8786), (42.94777, -78.87822), (42.95864, -78.87855), (42.95868, -78.86158), (42.9644, -78.86156)]
(41, 12)[(42.93741, -78.88719), (42.93769, -78.88875), (42.93746, -78.88938), (42.93824, -78.88989), (42.94052, -78.88355), (42.94056, -78.8786), (42.94777, -78.87822), (42.95758, -78.87837), (42.95764, -78.86951), (42.95799, -78.86955), (42.95788, -78.85887), (42.95936, -78.85845), (42.96563, -78.85833), (42.96563, -78.85964)]
(41, 13)[(42.93741, -78.88719), (42.93769, -78.88875), (42.93746, -78.88938), (42.93564, -78.88837), (42.92774, -78.8894), (42.92777, -78.8872), (42.91535, -78.88831), (42.91538, -78.88619), (42.91217, -78.88315), (42.91134, -78.88316), (42.91133, -78.88204), (42.90685, -78.88193), (42.90686, -78.88161)]
(41, 14)[(42.93741, -78.88719), (42.93769, -78.88875), (42.93746, -78.88938), (42.93564, -78.88837), (42.92774, -78.8894), (42.92777, -78.8872), (42.91535, -78.88831), (42.91538, -78.88619), (42.91217, -78.88315), (42.91134, -78.88316), (42.91131, -78.8771), (42.9099, -78.87711), (42.90988, -78.87439), (42.90946, -78.87445)]
(41, 15)[(42.93741, -78.88719), (42.93746, -78.88938), (42.93755, -78.88859), (42.93703, -78.88841), (42.93391, -78.89258), (42.93145, -78.89388), (42.92882, -78.89679), (42.92795, -78.89891), (42.92345, -78.8991), (42.91507, -78.90154), (42.90288, -78.90096), (42.89848, -78.89804), (42.89038, -78.89), (42.89042, -78.8887), (42.89267, -78.88441), (42.89007, -78.88162), (42.88802, -78.86979), (42.88978, -78.86424), (42.89076, -78.86466)]
(41, 16)[(42.93741, -78.88719), (42.93746, -78.88938), (42.93755, -78.88859), (42.93703, -78.88841), (42.93391, -78.89258), (42.93145, -78.89388), (42.92882, -78.89679), (42.92795, -78.89891), (42.92345, -78.8991), (42.91507, -78.90154), (42.90288, -78.90096), (42.89848, -78.89804), (42.89038, -78.89), (42.89042, -78.8887), (42.89267, -78.88441), (42.89007, -78.88162), (42.88803, -78.86996), (42.88947, -78.86522), (42.88751, -78.86443), (42.88765, -78.86375)]
(41, 17)[(42.93741, -78.88719), (42.93746, -78.88938), (42.93703, -78.88841), (42.93391, -78.89258), (42.93145, -78.89388), (42.92795, -78.89891), (42.91394, -78.90161), (42.90386, -78.90129), (42.90001, -78.89923), (42.87963, -78.87838), (42.8736, -78.85909), (42.87043, -78.84445), (42.86603, -78.84764), (42.86022, -78.83866), (42.85809, -78.83218), (42.85347, -78.8315)]
(41, 18)[(42.93741, -78.88719), (42.93746, -78.88938), (42.93703, -78.88841), (42.93391, -78.89258), (42.93145, -78.89388), (42.92795, -78.89891), (42.91394, -78.90161), (42.90386, -78.90129), (42.89927, -78.89872), (42.87963, -78.87838), (42.87347, -78.8586), (42.86731, -78.82825), (42.86513, -78.82744), (42.86473, -78.82529), (42.86026, -78.82563), (42.85621, -78.8236), (42.85213, -78.82333)]
(41, 19)[(42.93741, -78.88719), (42.93746, -78.88938), (42.94129, -78.89198), (42.99385, -78.88306), (42.99412, -78.87881), (42.99488, -78.87857), (42.99516, -78.87774), (42.99607, -78.86121), (42.99999, -78.8526), (43.00081, -78.84942), (43.00121, -78.83606), (43.00406, -78.82484), (43.00384, -78.82095), (43.00318, -78.82051), (43.00271, -78.82102), (43.00272, -78.82181), (43.00346, -78.8223), (43.01243, -78.82228), (43.01242, -78.81706), (43.00996, -78.81681), (43.00696, -78.81543), (43.00497, -78.81302), (43.00636, -78.81374), (43.00687, -78.8127)]
(41, 20)[(42.93741, -78.88719), (42.93746, -78.88938), (42.94129, -78.89198), (42.99385, -78.88306), (42.99412, -78.87881), (42.99488, -78.87857), (42.99516, -78.87774), (42.99607, -78.86121), (42.99999, -78.8526), (43.00081, -78.84942), (43.00121, -78.83606), (43.00406, -78.82484), (43.00384, -78.82095), (43.00318, -78.82051), (43.00271, -78.82102), (43.00272, -78.82181), (43.00346, -78.8223), (43.01243, -78.82228), (43.01196, -78.812), (43.01108, -78.81176), (43.00958, -78.80942)]
(41, 21)[(42.93741, -78.88719), (42.93746, -78.88938), (42.94129, -78.89198), (42.99385, -78.88306), (42.99412, -78.87881), (42.99488, -78.87857), (42.99516, -78.87774), (42.99607, -78.86121), (42.99999, -78.8526), (43.00081, -78.84942), (43.00121, -78.83606), (43.00406, -78.82484), (43.00384, -78.82095), (43.00318, -78.82051), (43.00271, -78.82102), (43.00272, -78.82181), (43.00346, -78.8223), (43.01243, -78.82228), (43.01242, -78.81706), (43.00996, -78.81681), (43.00651, -78.81506), (43.00463, -78.81194), (43.00461, -78.80476), (43.00268, -78.80484), (43.00279, -78.80591)]
(41, 22)[(42.93741, -78.88719), (42.93769, -78.88875), (42.93746, -78.88938), (42.93824, -78.88989), (42.94057, -78.88323), (42.94048, -78.85863), (42.94134, -78.85428), (42.94105, -78.85223), (42.94038, -78.85122), (42.94025, -78.83799), (42.95737, -78.81898), (42.95976, -78.81316), (42.96008, -78.81391), (42.96304, -78.81387), (42.96613, -78.8111), (42.96544, -78.81004), (42.96576, -78.80977)]
(41, 23)[(42.93741, -78.88719), (42.93769, -78.88875), (42.93746, -78.88938), (42.93824, -78.88989), (42.94057, -78.88323), (42.94048, -78.85863), (42.94134, -78.85428), (42.94105, -78.85223), (42.94038, -78.85122), (42.94025, -78.83799), (42.95753, -78.81875), (42.96337, -78.80394), (42.96957, -78.80414)]
(41, 24)[(42.93741, -78.88719), (42.93769, -78.88875), (42.93746, -78.88938), (42.93824, -78.88989), (42.94057, -78.88323), (42.94048, -78.85863), (42.94134, -78.85428), (42.94105, -78.85223), (42.94038, -78.85122), (42.94011, -78.82156), (42.94398, -78.82165), (42.94353, -78.81611)]
(41, 25)[(42.93741, -78.88719), (42.93769, -78.88875), (42.93746, -78.88938), (42.93824, -78.88989), (42.94057, -78.88323), (42.94048, -78.85863), (42.94134, -78.85428), (42.94105, -78.85223), (42.94038, -78.85122), (42.94025, -78.83799), (42.94958, -78.82767), (42.94843, -78.82167), (42.94792, -78.81369), (42.94898, -78.81371), (42.94977, -78.81093), (42.95105, -78.81082), (42.95142, -78.81049), (42.95173, -78.8084)]
(41, 26)[(42.93741, -78.88719), (42.93746, -78.88938), (42.93824, -78.88989), (42.94057, -78.88323), (42.94048, -78.85863), (42.94134, -78.85428), (42.94105, -78.85223), (42.94038, -78.85122), (42.94025, -78.83799), (42.95076, -78.82635), (42.94913, -78.82133), (42.94889, -78.80343), (42.95273, -78.80388), (42.95279, -78.79727), (42.9521, -78.79726)]
(41, 27)[(42.93741, -78.88719), (42.93746, -78.88938), (42.93824, -78.88989), (42.94057, -78.88323), (42.94048, -78.85863), (42.94134, -78.85428), (42.94105, -78.85223), (42.94038, -78.85122), (42.94025, -78.83799), (42.95076, -78.82635), (42.94913, -78.82133), (42.94882, -78.79488)]
(41, 28)[(42.93741, -78.88719), (42.93769, -78.88875), (42.93746, -78.88938), (42.93579, -78.88837), (42.93551, -78.88837), (42.93558, -78.88899), (42.93619, -78.88922), (42.93701, -78.88801), (42.93725, -78.88704), (42.93731, -78.88415), (42.93675, -78.88172), (42.93486, -78.87973), (42.93419, -78.87763), (42.93391, -78.87482), (42.93458, -78.87138), (42.93407, -78.86865), (42.93414, -78.86508), (42.93303, -78.8581), (42.93228, -78.85688), (42.93015, -78.85484), (42.92466, -78.84609), (42.92332, -78.8448), (42.92195, -78.84408), (42.92176, -78.83411), (42.92258, -78.82429), (42.92271, -78.8072)]
(41, 29)[(42.93741, -78.88719), (42.93769, -78.88875), (42.93746, -78.88938), (42.93579, -78.88837), (42.93551, -78.88837), (42.93558, -78.88899), (42.93619, -78.88922), (42.93701, -78.88801), (42.93725, -78.88704), (42.93731, -78.88415), (42.93675, -78.88172), (42.93486, -78.87973), (42.93419, -78.87763), (42.93391, -78.87482), (42.93458, -78.87138), (42.93407, -78.86865), (42.93414, -78.86508), (42.93303, -78.8581), (42.93228, -78.85688), (42.93015, -78.85484), (42.92466, -78.84609), (42.92332, -78.8448), (42.92195, -78.84408), (42.92176, -78.83411), (42.92258, -78.82429), (42.92274, -78.80493), (42.92065, -78.80495)]
(41, 30)[(42.93741, -78.88719), (42.93746, -78.88938), (42.93755, -78.88859), (42.93703, -78.88841), (42.93391, -78.89258), (42.93145, -78.89388), (42.92882, -78.89679), (42.92795, -78.89891), (42.92345, -78.8991), (42.91507, -78.90154), (42.9041, -78.90133), (42.89848, -78.89804), (42.88025, -78.8794), (42.87724, -78.87243), (42.87542, -78.86296), (42.87347, -78.8586), (42.86797, -78.82986), (42.86653, -78.82726), (42.86513, -78.82744), (42.86473, -78.82529), (42.87991, -78.81436), (42.88639, -78.8142), (42.88638, -78.81326)]
(41, 31)[(42.93741, -78.88719), (42.93746, -78.88938), (42.93755, -78.88859), (42.93703, -78.88841), (42.93391, -78.89258), (42.93145, -78.89388), (42.92882, -78.89679), (42.92795, -78.89891), (42.92345, -78.8991), (42.91507, -78.90154), (42.9041, -78.90133), (42.89848, -78.89804), (42.88188, -78.88149), (42.87986, -78.87878), (42.87724, -78.87243), (42.87542, -78.86296), (42.87347, -78.8586), (42.86797, -78.82986), (42.86807, -78.82575), (42.86937, -78.82009), (42.87452, -78.81289), (42.87559, -78.81054), (42.87621, -78.80663), (42.87619, -78.80131), (42.87584, -78.80013), (42.87507, -78.80006), (42.87504, -78.80176), (42.88111, -78.80116), (42.883, -78.79842), (42.88382, -78.79824), (42.88525, -78.80138), (42.88468, -78.80384), (42.88731, -78.80377), (42.88732, -78.80438)]
(41, 32)[(42.93741, -78.88719), (42.93746, -78.88938), (42.93755, -78.88859), (42.93703, -78.88841), (42.93391, -78.89258), (42.93145, -78.89388), (42.92882, -78.89679), (42.92795, -78.89891), (42.92345, -78.8991), (42.91507, -78.90154), (42.9041, -78.90133), (42.89848, -78.89804), (42.88188, -78.88149), (42.87986, -78.87878), (42.87724, -78.87243), (42.87542, -78.86296), (42.87347, -78.8586), (42.86797, -78.82986), (42.86807, -78.82575), (42.86937, -78.82009), (42.87452, -78.81289), (42.87559, -78.81054), (42.87621, -78.80663), (42.87619, -78.80131), (42.87584, -78.80013), (42.87507, -78.80006), (42.87504, -78.80176), (42.88111, -78.80116), (42.883, -78.79842), (42.88382, -78.79824), (42.88521, -78.80116), (42.88515, -78.80251), (42.8873, -78.80246), (42.88728, -78.80004), (42.88821, -78.80002)]
(41, 33)[(42.93741, -78.88719), (42.93746, -78.88938), (42.93703, -78.88841), (42.93391, -78.89258), (42.93145, -78.89388), (42.92795, -78.89891), (42.91394, -78.90161), (42.90386, -78.90129), (42.90001, -78.89923), (42.87942, -78.87927), (42.87574, -78.87806), (42.86946, -78.87875), (42.85227, -78.86365), (42.82774, -78.85092), (42.82574, -78.82704), (42.8283, -78.80936), (42.81924, -78.81016), (42.81899, -78.80919)]
(41, 34)[(42.93741, -78.88719), (42.93746, -78.88938), (42.93703, -78.88841), (42.93391, -78.89258), (42.93145, -78.89388), (42.92795, -78.89891), (42.91507, -78.90154), (42.9035, -78.90122), (42.89848, -78.89804), (42.87942, -78.87927), (42.87574, -78.87806), (42.86946, -78.87875), (42.85227, -78.86365), (42.82774, -78.85092), (42.82574, -78.82704), (42.8283, -78.80936), (42.81924, -78.81016), (42.81668, -78.80745), (42.81654, -78.80444), (42.81561, -78.80441)]
(41, 35)[(42.93741, -78.88719), (42.93746, -78.88938), (42.94129, -78.89198), (42.99385, -78.88306), (42.99538, -78.87557), (42.99583, -78.86236), (43.00066, -78.8504), (43.00121, -78.83606), (43.00411, -78.82392), (43.00284, -78.81639), (42.99786, -78.80947), (42.9976, -78.80664), (43.00094, -78.80312), (43.01175, -78.80239), (43.01835, -78.79836), (43.02186, -78.79369), (43.02441, -78.78759), (43.02509, -78.78222), (43.02157, -78.783), (43.02244, -78.78143)]
(41, 36)[(42.93741, -78.88719), (42.93746, -78.88938), (42.94129, -78.89198), (42.99385, -78.88306), (42.99538, -78.87557), (42.99583, -78.86236), (43.00066, -78.8504), (43.00121, -78.83606), (43.00411, -78.82392), (43.00284, -78.81639), (42.99786, -78.80947), (42.99756, -78.80679), (43.00157, -78.80289), (43.01417, -78.80148), (43.01987, -78.79667), (43.0239, -78.78927), (43.02509, -78.78222), (43.01982, -78.78301), (43.01939, -78.77964)]
(41, 37)[(42.93741, -78.88719), (42.93746, -78.88938), (42.94129, -78.89198), (42.99385, -78.88306), (42.99538, -78.87557), (42.99583, -78.86236), (43.00066, -78.8504), (43.00121, -78.83606), (43.00411, -78.82392), (43.00284, -78.81639), (42.99786, -78.80947), (42.99756, -78.80679), (43.00157, -78.80289), (43.01417, -78.80148), (43.02051, -78.79585), (43.02474, -78.7856), (43.02422, -78.76935), (43.02283, -78.76937), (43.02318, -78.77085)]
(41, 38)[(42.93741, -78.88719), (42.93746, -78.88938), (42.94129, -78.89198), (42.99385, -78.88306), (42.99538, -78.87557), (42.99583, -78.86236), (43.00066, -78.8504), (43.00121, -78.83606), (43.00411, -78.82392), (43.00284, -78.81639), (42.99786, -78.80947), (42.99756, -78.80679), (43.00157, -78.80289), (43.01417, -78.80148), (43.02112, -78.79497), (43.0239, -78.78927), (43.02509, -78.78222), (43.02403, -78.78217), (43.02422, -78.76785), (43.02218, -78.76787)]
(41, 39)[(42.93741, -78.88719), (42.93746, -78.88938), (42.94129, -78.89198), (42.98082, -78.88541), (42.98071, -78.82304), (42.97937, -78.79902), (42.99112, -78.78856), (42.99602, -78.78576), (42.99706, -78.77723), (42.99865, -78.77457), (43.00344, -78.77215), (43.00836, -78.77354), (43.01518, -78.76851), (43.0178, -78.76802), (43.01777, -78.7699), (43.01556, -78.77144)]
(41, 40)[(42.93741, -78.88719), (42.93746, -78.88938), (42.94129, -78.89198), (42.98082, -78.88541), (42.98071, -78.82304), (42.97937, -78.79902), (42.99127, -78.78778), (42.99139, -78.77706), (42.98949, -78.77742)]
(42, 0)[(42.96416, -78.88265), (42.96409, -78.88828), (42.96092, -78.88884), (42.9613, -78.89275), (42.96158, -78.894), (42.96119, -78.89419), (42.95996, -78.89425), (42.95379, -78.89998), (42.95341, -78.89921)]
(42, 1)[(42.96416, -78.88265), (42.96409, -78.88828), (43.01623, -78.87895), (43.02004, -78.88051), (43.02394, -78.8795), (43.0296, -78.88022), (43.03463, -78.88408), (43.03699, -78.87246), (43.04223, -78.87443), (43.04277, -78.87178)]
(42, 2)[(42.96416, -78.88265), (42.96409, -78.88828), (43.01623, -78.87895), (43.02004, -78.88051), (43.02394, -78.8795), (43.0296, -78.88022), (43.03463, -78.88408), (43.03699, -78.87246), (43.04074, -78.87387), (43.04168, -78.86896)]
(42, 3)[(42.96416, -78.88265), (42.96409, -78.88828), (43.00172, -78.88163), (43.00176, -78.87531), (43.005, -78.8744), (43.00484, -78.86994)]
(42, 4)[(42.96416, -78.88265), (42.96423, -78.87875), (42.97178, -78.87872), (42.97179, -78.87805), (42.97194, -78.87806)]
(42, 5)[(42.96416, -78.88265), (42.96423, -78.87875), (42.97345, -78.87871), (42.97353, -78.87138), (42.97411, -78.87146), (42.97412, -78.86754)]
(42, 6)[(42.96416, -78.88265), (42.96423, -78.87875), (42.96524, -78.87874), (42.9653, -78.86864), (42.96595, -78.86842)]
(42, 7)[(42.96416, -78.88265), (42.96423, -78.87875), (42.98081, -78.87865), (42.98079, -78.85575), (42.98098, -78.85575), (42.98099, -78.85827)]
(42, 8)[(42.96416, -78.88265), (42.96423, -78.87875), (42.98081, -78.87865), (42.98081, -78.85283), (42.97882, -78.85291), (42.97883, -78.85449)]
(42, 9)[(42.96416, -78.88265), (42.96423, -78.87875), (42.98081, -78.87865), (42.98081, -78.85048), (42.98087, -78.85033), (42.98133, -78.85058)]
(42, 10)[(42.96416, -78.88265), (42.96423, -78.87875), (42.96276, -78.87874), (42.96282, -78.87004), (42.96286, -78.86987), (42.96299, -78.86976), (42.96475, -78.8689), (42.96475, -78.86788)]
(42, 11)[(42.96416, -78.88265), (42.96423, -78.87875), (42.96276, -78.87874), (42.96282, -78.87004), (42.96286, -78.86987), (42.96299, -78.86976), (42.96475, -78.8689), (42.96473, -78.86156), (42.9644, -78.86156)]
(42, 12)[(42.96416, -78.88265), (42.96423, -78.87875), (42.96524, -78.87874), (42.9653, -78.86864), (42.96567, -78.86852), (42.96563, -78.85964)]
(42, 13)[(42.96416, -78.88265), (42.96423, -78.87875), (42.9487, -78.87822), (42.93793, -78.87859), (42.93314, -78.87699), (42.9237, -78.87703), (42.92034, -78.88219), (42.90686, -78.88161)]
(42, 14)[(42.96416, -78.88265), (42.96423, -78.87875), (42.9487, -78.87822), (42.93793, -78.87859), (42.93314, -78.87699), (42.9099, -78.87711), (42.90988, -78.87439), (42.90946, -78.87445)]
(42, 15)[(42.96416, -78.88265), (42.96409, -78.88828), (42.94617, -78.89118), (42.94514, -78.89504), (42.94028, -78.90677), (42.9335, -78.90284), (42.93018, -78.89961), (42.92845, -78.89875), (42.92345, -78.8991), (42.91507, -78.90154), (42.9035, -78.90122), (42.89907, -78.89855), (42.89038, -78.89), (42.89042, -78.8887), (42.89267, -78.88441), (42.89007, -78.88162), (42.88802, -78.86979), (42.88978, -78.86424), (42.89076, -78.86466)]
(42, 16)[(42.96416, -78.88265), (42.96409, -78.88828), (42.94617, -78.89118), (42.94514, -78.89504), (42.94028, -78.90677), (42.9335, -78.90284), (42.93018, -78.89961), (42.92845, -78.89875), (42.92345, -78.8991), (42.91507, -78.90154), (42.9035, -78.90122), (42.89907, -78.89855), (42.89038, -78.89), (42.89042, -78.8887), (42.89267, -78.88441), (42.89007, -78.88162), (42.88803, -78.86996), (42.88947, -78.86522), (42.88751, -78.86443), (42.88765, -78.86375)]
(42, 17)[(42.96416, -78.88265), (42.96409, -78.88828), (42.94617, -78.89118), (42.94028, -78.90677), (42.92845, -78.89875), (42.91507, -78.90154), (42.90288, -78.90096), (42.89848, -78.89804), (42.87986, -78.87878), (42.87724, -78.87243), (42.87043, -78.84445), (42.86603, -78.84764), (42.86022, -78.83866), (42.85809, -78.83218), (42.85347, -78.8315)]
(42, 18)[(42.96416, -78.88265), (42.96409, -78.88828), (42.94617, -78.89118), (42.94028, -78.90677), (42.92845, -78.89875), (42.91507, -78.90154), (42.90288, -78.90096), (42.89491, -78.89459), (42.87963, -78.87838), (42.87347, -78.8586), (42.86731, -78.82825), (42.86513, -78.82744), (42.86473, -78.82529), (42.86026, -78.82563), (42.85621, -78.8236), (42.85213, -78.82333)]
(42, 19)[(42.96416, -78.88265), (42.96409, -78.88828), (42.99385, -78.88306), (42.99412, -78.87881), (42.99488, -78.87857), (42.99516, -78.87774), (42.99607, -78.86121), (42.99999, -78.8526), (43.00081, -78.84942), (43.00121, -78.83606), (43.00406, -78.82484), (43.00384, -78.82095), (43.00318, -78.82051), (43.00271, -78.82102), (43.00272, -78.82181), (43.00346, -78.8223), (43.01243, -78.82228), (43.01242, -78.81706), (43.00996, -78.81681), (43.00696, -78.81543), (43.00497, -78.81302), (43.00636, -78.81374), (43.00687, -78.8127)]
(42, 20)[(42.96416, -78.88265), (42.96409, -78.88828), (42.99385, -78.88306), (42.99412, -78.87881), (42.99488, -78.87857), (42.99516, -78.87774), (42.99607, -78.86121), (42.99999, -78.8526), (43.00081, -78.84942), (43.00121, -78.83606), (43.00406, -78.82484), (43.00384, -78.82095), (43.00318, -78.82051), (43.00271, -78.82102), (43.00272, -78.82181), (43.00346, -78.8223), (43.01243, -78.82228), (43.01196, -78.812), (43.01108, -78.81176), (43.00958, -78.80942)]
(42, 21)[(42.96416, -78.88265), (42.96409, -78.88828), (42.99385, -78.88306), (42.99412, -78.87881), (42.99488, -78.87857), (42.99516, -78.87774), (42.99607, -78.86121), (42.99999, -78.8526), (43.00081, -78.84942), (43.00121, -78.83606), (43.00406, -78.82484), (43.00384, -78.82095), (43.00318, -78.82051), (43.00271, -78.82102), (43.00272, -78.82181), (43.00346, -78.8223), (43.01243, -78.82228), (43.01242, -78.81706), (43.00996, -78.81681), (43.00651, -78.81506), (43.00463, -78.81194), (43.00461, -78.80476), (43.00268, -78.80484), (43.00279, -78.80591)]
(42, 22)[(42.96416, -78.88265), (42.96423, -78.87875), (42.95864, -78.87855), (42.95852, -78.84384), (42.95805, -78.81935), (42.95766, -78.81852), (42.95976, -78.81316), (42.96008, -78.81391), (42.96304, -78.81387), (42.96613, -78.8111), (42.96544, -78.81004), (42.96576, -78.80977)]
(42, 23)[(42.96416, -78.88265), (42.96423, -78.87875), (42.98081, -78.87865), (42.98072, -78.82526), (42.97968, -78.82292), (42.97751, -78.81519), (42.97684, -78.81116), (42.97552, -78.80931), (42.96957, -78.80414)]
(42, 24)[(42.96416, -78.88265), (42.96423, -78.87875), (42.95864, -78.87855), (42.95866, -78.85363), (42.95831, -78.83214), (42.95568, -78.82963), (42.95486, -78.82779), (42.95281, -78.82947), (42.95158, -78.82679), (42.95145, -78.82559), (42.94921, -78.82167), (42.94903, -78.81768), (42.94363, -78.81758), (42.94353, -78.81611)]
(42, 25)[(42.96416, -78.88265), (42.96423, -78.87875), (42.95864, -78.87855), (42.95866, -78.85363), (42.95831, -78.83214), (42.95568, -78.82963), (42.95486, -78.82779), (42.95281, -78.82947), (42.95158, -78.82679), (42.95145, -78.82559), (42.94921, -78.82167), (42.94898, -78.81371), (42.94938, -78.81286), (42.94967, -78.81106), (42.95142, -78.81049), (42.95173, -78.8084)]
(42, 26)[(42.96416, -78.88265), (42.96423, -78.87875), (42.95864, -78.87855), (42.95852, -78.84384), (42.95805, -78.81935), (42.95766, -78.81852), (42.96337, -78.80394), (42.95273, -78.80388), (42.95279, -78.79727), (42.9521, -78.79726)]
(42, 27)[(42.96416, -78.88265), (42.96423, -78.87875), (42.95864, -78.87855), (42.95866, -78.85363), (42.95831, -78.83214), (42.95568, -78.82963), (42.95486, -78.82779), (42.95281, -78.82947), (42.95158, -78.82679), (42.95145, -78.82559), (42.94921, -78.82167), (42.94882, -78.79488)]
(42, 28)[(42.96416, -78.88265), (42.96423, -78.87875), (42.9487, -78.87822), (42.93793, -78.87859), (42.93339, -78.87703), (42.933, -78.8746), (42.93405, -78.8737), (42.93458, -78.87158), (42.93303, -78.8581), (42.93015, -78.85484), (42.92466, -78.84609), (42.92195, -78.84408), (42.92176, -78.83411), (42.92258, -78.82429), (42.92271, -78.8072)]
(42, 29)[(42.96416, -78.88265), (42.96423, -78.87875), (42.9487, -78.87822), (42.93793, -78.87859), (42.93339, -78.87703), (42.933, -78.8746), (42.93405, -78.8737), (42.93458, -78.87158), (42.93303, -78.8581), (42.93015, -78.85484), (42.92466, -78.84609), (42.92195, -78.84408), (42.92176, -78.83411), (42.92258, -78.82429), (42.92274, -78.80493), (42.92065, -78.80495)]
(42, 30)[(42.96416, -78.88265), (42.96423, -78.87875), (42.9487, -78.87822), (42.93793, -78.87859), (42.93339, -78.87703), (42.933, -78.8746), (42.93405, -78.8737), (42.93458, -78.87158), (42.93316, -78.85847), (42.93015, -78.85484), (42.92417, -78.84525), (42.92069, -78.84355), (42.90935, -78.84346), (42.90667, -78.84428), (42.90369, -78.84637), (42.90347, -78.82422), (42.90487, -78.8138), (42.88639, -78.8142), (42.88638, -78.81326)]
(42, 31)[(42.96416, -78.88265), (42.96409, -78.88828), (42.94617, -78.89118), (42.94028, -78.90677), (42.92845, -78.89875), (42.91507, -78.90154), (42.9035, -78.90122), (42.89907, -78.89855), (42.8882, -78.88793), (42.88025, -78.8794), (42.87724, -78.87243), (42.87542, -78.86296), (42.87347, -78.8586), (42.86787, -78.82863), (42.86888, -78.82117), (42.8758, -78.80975), (42.87619, -78.80131), (42.87507, -78.80006), (42.87504, -78.80176), (42.88111, -78.80116), (42.88382, -78.79824), (42.88525, -78.80138), (42.88468, -78.80384), (42.88732, -78.80438)]
(42, 32)[(42.96416, -78.88265), (42.96409, -78.88828), (42.94617, -78.89118), (42.94028, -78.90677), (42.92845, -78.89875), (42.91507, -78.90154), (42.90312, -78.90107), (42.89848, -78.89804), (42.88188, -78.88149), (42.87724, -78.87243), (42.87542, -78.86296), (42.87347, -78.8586), (42.86797, -78.82696), (42.86888, -78.82117), (42.8758, -78.80975), (42.87619, -78.80131), (42.87507, -78.80006), (42.87504, -78.80176), (42.88111, -78.80116), (42.88382, -78.79824), (42.88515, -78.80251), (42.8873, -78.80246), (42.88728, -78.80004), (42.88821, -78.80002)]
(42, 33)[(42.96416, -78.88265), (42.96409, -78.88828), (42.94617, -78.89118), (42.94028, -78.90677), (42.92845, -78.89875), (42.91507, -78.90154), (42.90288, -78.90096), (42.89848, -78.89804), (42.87942, -78.87927), (42.87574, -78.87806), (42.86946, -78.87875), (42.85227, -78.86365), (42.82774, -78.85092), (42.82574, -78.82704), (42.8283, -78.80936), (42.81924, -78.81016), (42.81899, -78.80919)]
(42, 34)[(42.96416, -78.88265), (42.96409, -78.88828), (42.94617, -78.89118), (42.94028, -78.90677), (42.92845, -78.89875), (42.91507, -78.90154), (42.90288, -78.90096), (42.89848, -78.89804), (42.87942, -78.87927), (42.87574, -78.87806), (42.86946, -78.87875), (42.85227, -78.86365), (42.82774, -78.85092), (42.82574, -78.82704), (42.8283, -78.80936), (42.81924, -78.81016), (42.81668, -78.80745), (42.81654, -78.80444), (42.81561, -78.80441)]
(42, 35)[(42.96416, -78.88265), (42.96409, -78.88828), (42.99385, -78.88306), (42.99412, -78.87881), (42.99503, -78.87833), (42.99538, -78.87557), (42.99583, -78.86236), (42.99666, -78.85927), (43.00066, -78.8504), (43.00121, -78.83606), (43.00358, -78.8276), (43.00411, -78.82392), (43.00371, -78.81938), (43.00284, -78.81639), (43.00146, -78.81358), (42.99786, -78.80947), (42.9976, -78.80664), (42.99925, -78.80425), (43.00094, -78.80312), (43.01175, -78.80239), (43.01521, -78.80089), (43.01835, -78.79836), (43.02186, -78.79369), (43.02441, -78.78759), (43.02509, -78.78222), (43.02157, -78.783), (43.02151, -78.78184), (43.02244, -78.78143)]
(42, 36)[(42.96416, -78.88265), (42.96409, -78.88828), (42.99385, -78.88306), (42.99412, -78.87881), (42.99503, -78.87833), (42.99538, -78.87557), (42.99583, -78.86236), (42.99666, -78.85927), (43.00066, -78.8504), (43.00121, -78.83606), (43.00358, -78.8276), (43.00411, -78.82392), (43.00371, -78.81938), (43.00284, -78.81639), (43.00146, -78.81358), (42.99786, -78.80947), (42.99756, -78.80679), (42.99933, -78.80417), (43.00157, -78.80289), (43.00894, -78.8029), (43.01417, -78.80148), (43.01685, -78.79975), (43.01987, -78.79667), (43.0239, -78.78927), (43.02509, -78.78222), (43.01982, -78.78301), (43.01939, -78.77964)]
(42, 37)[(42.96416, -78.88265), (42.96409, -78.88828), (42.99385, -78.88306), (42.99412, -78.87881), (42.99503, -78.87833), (42.99538, -78.87557), (42.99583, -78.86236), (42.99666, -78.85927), (43.00066, -78.8504), (43.00121, -78.83606), (43.00358, -78.8276), (43.00411, -78.82392), (43.00371, -78.81938), (43.00284, -78.81639), (43.00146, -78.81358), (42.99786, -78.80947), (42.99756, -78.80679), (42.99933, -78.80417), (43.00157, -78.80289), (43.00894, -78.8029), (43.01417, -78.80148), (43.01746, -78.79922), (43.02051, -78.79585), (43.02328, -78.79086), (43.02474, -78.7856), (43.02509, -78.78222), (43.02403, -78.78217), (43.02422, -78.76935), (43.02283, -78.76937), (43.02318, -78.77085)]
(42, 38)[(42.96416, -78.88265), (42.96409, -78.88828), (42.99385, -78.88306), (42.99412, -78.87881), (42.99503, -78.87833), (42.99538, -78.87557), (42.99583, -78.86236), (42.99666, -78.85927), (43.00066, -78.8504), (43.00121, -78.83606), (43.00358, -78.8276), (43.00411, -78.82392), (43.00371, -78.81938), (43.00284, -78.81639), (43.00146, -78.81358), (42.99786, -78.80947), (42.99756, -78.80679), (42.99933, -78.80417), (43.00157, -78.80289), (43.00894, -78.8029), (43.01417, -78.80148), (43.01746, -78.79922), (43.02112, -78.79497), (43.0239, -78.78927), (43.02509, -78.78222), (43.02403, -78.78217), (43.02422, -78.76785), (43.02218, -78.76787)]
(42, 39)[(42.96416, -78.88265), (42.96423, -78.87875), (42.98081, -78.87865), (42.98071, -78.82304), (42.97937, -78.79902), (42.99112, -78.78856), (42.99602, -78.78576), (42.99686, -78.78372), (42.99706, -78.77723), (42.99865, -78.77457), (43.00344, -78.77215), (43.00836, -78.77354), (43.01518, -78.76851), (43.0178, -78.76802), (43.01777, -78.7699), (43.01557, -78.7706), (43.01556, -78.77144)]
(42, 40)[(42.96416, -78.88265), (42.96423, -78.87875), (42.98081, -78.87865), (42.98071, -78.82304), (42.97937, -78.79902), (42.99127, -78.78778), (42.99139, -78.77706), (42.98949, -78.77742)]
(43, 0)[(42.95192, -78.87934), (42.95152, -78.87933), (42.95153, -78.87825), (42.95673, -78.87837), (42.95671, -78.88424), (42.95656, -78.88579), (42.95653, -78.88967), (42.95918, -78.89497), (42.95379, -78.89998), (42.95341, -78.89921)]
(43, 1)[(42.95192, -78.87934), (42.95153, -78.87825), (42.95864, -78.87855), (42.95857, -78.88925), (43.01623, -78.87895), (43.02004, -78.88051), (43.02394, -78.8795), (43.0296, -78.88022), (43.03463, -78.88408), (43.03699, -78.87246), (43.04223, -78.87443), (43.04277, -78.87178)]
(43, 2)[(42.95192, -78.87934), (42.95153, -78.87825), (42.9947, -78.87872), (42.99569, -78.86333), (42.99837, -78.85202), (43.01086, -78.86279), (43.02069, -78.86098), (43.03084, -78.86086), (43.03869, -78.86427), (43.03778, -78.86866), (43.04168, -78.86896)]
(43, 3)[(42.95192, -78.87934), (42.95152, -78.87933), (42.95153, -78.87825), (42.98081, -78.87865), (42.98077, -78.87235), (43.00207, -78.87518), (43.005, -78.8744), (43.00484, -78.86994)]
(43, 4)[(42.95192, -78.87934), (42.95152, -78.87933), (42.95153, -78.87825), (42.95808, -78.87838), (42.95897, -78.87874), (42.97151, -78.87873), (42.97178, -78.87872), (42.97194, -78.87806)]
(43, 5)[(42.95192, -78.87934), (42.95152, -78.87933), (42.95153, -78.87825), (42.95758, -78.87837), (42.95764, -78.86951), (42.96282, -78.87004), (42.96525, -78.86866), (42.97206, -78.86606), (42.97405, -78.86593), (42.97412, -78.86754)]
(43, 6)[(42.95192, -78.87934), (42.95152, -78.87933), (42.95153, -78.87825), (42.95758, -78.87837), (42.95764, -78.86951), (42.96282, -78.87004), (42.96299, -78.86976), (42.96595, -78.86842)]
(43, 7)[(42.95192, -78.87934), (42.95152, -78.87933), (42.95153, -78.87825), (42.95808, -78.87838), (42.95897, -78.87874), (42.98081, -78.87865), (42.98079, -78.85575), (42.98098, -78.85575), (42.98099, -78.85827)]
(43, 8)[(42.95192, -78.87934), (42.95152, -78.87933), (42.95153, -78.87825), (42.95758, -78.87837), (42.95764, -78.86951), (42.96282, -78.87004), (42.96525, -78.86866), (42.97206, -78.86606), (42.97444, -78.8659), (42.97439, -78.8584), (42.97883, -78.85854), (42.97883, -78.85449)]
(43, 9)[(42.95192, -78.87934), (42.95152, -78.87933), (42.95153, -78.87825), (42.95808, -78.87838), (42.95897, -78.87874), (42.98081, -78.87865), (42.98081, -78.85048), (42.98133, -78.85058)]
(43, 10)[(42.95192, -78.87934), (42.95152, -78.87933), (42.95153, -78.87825), (42.95758, -78.87837), (42.95764, -78.86951), (42.96282, -78.87004), (42.96299, -78.86976), (42.96475, -78.8689), (42.96475, -78.86788)]
(43, 11)[(42.95192, -78.87934), (42.95152, -78.87933), (42.95153, -78.87825), (42.95795, -78.87838), (42.95864, -78.87855), (42.95868, -78.86158), (42.9644, -78.86156)]
(43, 12)[(42.95192, -78.87934), (42.95152, -78.87933), (42.95153, -78.87825), (42.95758, -78.87837), (42.95764, -78.86951), (42.95799, -78.86955), (42.95788, -78.85887), (42.95936, -78.85845), (42.96563, -78.85833), (42.96563, -78.85964)]
(43, 13)[(42.95192, -78.87934), (42.95152, -78.87933), (42.95153, -78.87825), (42.93793, -78.87859), (42.93314, -78.87699), (42.9237, -78.87703), (42.92034, -78.88219), (42.90686, -78.88161)]
(43, 14)[(42.95192, -78.87934), (42.95152, -78.87933), (42.95153, -78.87825), (42.93793, -78.87859), (42.93314, -78.87699), (42.9099, -78.87711), (42.90988, -78.87439), (42.90946, -78.87445)]
(43, 15)[(42.95192, -78.87934), (42.95152, -78.87933), (42.95153, -78.87825), (42.93561, -78.87818), (42.93339, -78.87703), (42.933, -78.8746), (42.93167, -78.87402), (42.92562, -78.87401), (42.92066, -78.86818), (42.91539, -78.86918), (42.91533, -78.86232), (42.90156, -78.86261), (42.8913, -78.86596), (42.89167, -78.86503), (42.89076, -78.86466)]
(43, 16)[(42.95192, -78.87934), (42.95152, -78.87933), (42.95153, -78.87825), (42.93561, -78.87818), (42.93339, -78.87703), (42.933, -78.8746), (42.93167, -78.87402), (42.92562, -78.87401), (42.92066, -78.86818), (42.91539, -78.86918), (42.91533, -78.86232), (42.90156, -78.86261), (42.8913, -78.86596), (42.89167, -78.86503), (42.88774, -78.86333), (42.88765, -78.86375)]
(43, 17)[(42.95192, -78.87934), (42.95153, -78.87825), (42.94777, -78.87822), (42.94659, -78.88958), (42.94028, -78.90677), (42.92845, -78.89875), (42.91507, -78.90154), (42.90288, -78.90096), (42.89848, -78.89804), (42.87986, -78.87878), (42.87724, -78.87243), (42.87043, -78.84445), (42.86603, -78.84764), (42.86022, -78.83866), (42.85809, -78.83218), (42.85347, -78.8315)]
(43, 18)[(42.95192, -78.87934), (42.95153, -78.87825), (42.94777, -78.87822), (42.94659, -78.88958), (42.94028, -78.90677), (42.92845, -78.89875), (42.91446, -78.90159), (42.90183, -78.90037), (42.89491, -78.89459), (42.87963, -78.87838), (42.87347, -78.8586), (42.86731, -78.82825), (42.86513, -78.82744), (42.86473, -78.82529), (42.86026, -78.82563), (42.85621, -78.8236), (42.85213, -78.82333)]
(43, 19)[(42.95192, -78.87934), (42.95152, -78.87933), (42.95153, -78.87825), (42.99488, -78.87857), (42.99538, -78.87557), (42.99583, -78.86236), (42.99729, -78.85771), (43.00021, -78.85203), (43.00081, -78.84942), (43.00121, -78.83606), (43.00406, -78.82484), (43.00384, -78.82095), (43.00318, -78.82051), (43.00271, -78.82102), (43.00272, -78.82181), (43.00346, -78.8223), (43.01243, -78.82228), (43.01242, -78.81706), (43.00996, -78.81681), (43.00696, -78.81543), (43.00497, -78.81302), (43.00636, -78.81374), (43.00687, -78.8127)]
(43, 20)[(42.95192, -78.87934), (42.95152, -78.87933), (42.95153, -78.87825), (42.99488, -78.87857), (42.99538, -78.87557), (42.99583, -78.86236), (42.99729, -78.85771), (43.00021, -78.85203), (43.00081, -78.84942), (43.00121, -78.83606), (43.00406, -78.82484), (43.00384, -78.82095), (43.00318, -78.82051), (43.00271, -78.82102), (43.00272, -78.82181), (43.00346, -78.8223), (43.01243, -78.82228), (43.01196, -78.812), (43.01108, -78.81176), (43.00958, -78.80942)]
(43, 21)[(42.95192, -78.87934), (42.95152, -78.87933), (42.95153, -78.87825), (42.98081, -78.87865), (42.9807, -78.82283), (42.9909, -78.82245), (42.99073, -78.8042), (42.99514, -78.80162), (42.99853, -78.79872), (43.00429, -78.79862), (43.00461, -78.80476), (43.00268, -78.80484), (43.00279, -78.80591)]
(43, 22)[(42.95192, -78.87934), (42.95152, -78.87933), (42.95153, -78.87825), (42.95864, -78.87855), (42.95852, -78.84384), (42.95805, -78.81935), (42.95766, -78.81852), (42.95976, -78.81316), (42.96008, -78.81391), (42.96304, -78.81387), (42.96613, -78.8111), (42.96544, -78.81004), (42.96576, -78.80977)]
(43, 23)[(42.95192, -78.87934), (42.95152, -78.87933), (42.95153, -78.87825), (42.95864, -78.87855), (42.95852, -78.84384), (42.95805, -78.81935), (42.95766, -78.81852), (42.96337, -78.80394), (42.96957, -78.80414)]
(43, 24)[(42.95192, -78.87934), (42.95152, -78.87933), (42.95153, -78.87825), (42.94777, -78.87822), (42.94747, -78.83553), (42.94681, -78.83296), (42.94598, -78.83169), (42.94759, -78.82992), (42.94606, -78.82591), (42.94531, -78.81764), (42.94363, -78.81758), (42.94353, -78.81611)]
(43, 25)[(42.95192, -78.87934), (42.95152, -78.87933), (42.95153, -78.87825), (42.94777, -78.87822), (42.94747, -78.83553), (42.94681, -78.83296), (42.94598, -78.83169), (42.94958, -78.82767), (42.94843, -78.82167), (42.94792, -78.81369), (42.94898, -78.81371), (42.94977, -78.81093), (42.95105, -78.81082), (42.95142, -78.81049), (42.95173, -78.8084)]
(43, 26)[(42.95192, -78.87934), (42.95152, -78.87933), (42.95153, -78.87825), (42.94777, -78.87822), (42.94747, -78.83553), (42.94681, -78.83296), (42.94598, -78.83169), (42.95076, -78.82635), (42.95, -78.82478), (42.94976, -78.82351), (42.95007, -78.82316), (42.94913, -78.82133), (42.94889, -78.80343), (42.95044, -78.80389), (42.95273, -78.80388), (42.95279, -78.79727), (42.9521, -78.79726)]
(43, 27)[(42.95192, -78.87934), (42.95152, -78.87933), (42.95153, -78.87825), (42.94777, -78.87822), (42.94747, -78.83553), (42.94681, -78.83296), (42.94598, -78.83169), (42.95076, -78.82635), (42.95, -78.82478), (42.94976, -78.82351), (42.95007, -78.82316), (42.94913, -78.82133), (42.94882, -78.79488)]
(43, 28)[(42.95192, -78.87934), (42.95152, -78.87933), (42.95153, -78.87825), (42.93793, -78.87859), (42.93539, -78.87811), (42.93339, -78.87703), (42.933, -78.8746), (42.93405, -78.8737), (42.93458, -78.87158), (42.93407, -78.86865), (42.93414, -78.86508), (42.93303, -78.8581), (42.93228, -78.85688), (42.93015, -78.85484), (42.92466, -78.84609), (42.92332, -78.8448), (42.92195, -78.84408), (42.92176, -78.83411), (42.92258, -78.82429), (42.92271, -78.8072)]
(43, 29)[(42.95192, -78.87934), (42.95152, -78.87933), (42.95153, -78.87825), (42.93793, -78.87859), (42.93539, -78.87811), (42.93339, -78.87703), (42.933, -78.8746), (42.93405, -78.8737), (42.93458, -78.87158), (42.93407, -78.86865), (42.93414, -78.86508), (42.93303, -78.8581), (42.93228, -78.85688), (42.93015, -78.85484), (42.92466, -78.84609), (42.92332, -78.8448), (42.92195, -78.84408), (42.92176, -78.83411), (42.92258, -78.82429), (42.92274, -78.80493), (42.92065, -78.80495)]
(43, 30)[(42.95192, -78.87934), (42.95152, -78.87933), (42.95153, -78.87825), (42.93793, -78.87859), (42.93339, -78.87703), (42.933, -78.8746), (42.93405, -78.8737), (42.93458, -78.87158), (42.93316, -78.85847), (42.93015, -78.85484), (42.92463, -78.84577), (42.92321, -78.84443), (42.92069, -78.84355), (42.90898, -78.84349), (42.90667, -78.84428), (42.90369, -78.84637), (42.90347, -78.82422), (42.90487, -78.8138), (42.88639, -78.8142), (42.88638, -78.81326)]
(43, 31)[(42.95192, -78.87934), (42.95152, -78.87933), (42.95153, -78.87825), (42.93793, -78.87859), (42.93339, -78.87703), (42.933, -78.8746), (42.93405, -78.8737), (42.93458, -78.87158), (42.93316, -78.85847), (42.93015, -78.85484), (42.92463, -78.84577), (42.92321, -78.84443), (42.92069, -78.84355), (42.90898, -78.84349), (42.90667, -78.84428), (42.90369, -78.84637), (42.90347, -78.82422), (42.90487, -78.8138), (42.89138, -78.81413), (42.89133, -78.80956), (42.88736, -78.80964), (42.88732, -78.80438)]
(43, 32)[(42.95192, -78.87934), (42.95152, -78.87933), (42.95153, -78.87825), (42.93793, -78.87859), (42.93339, -78.87703), (42.933, -78.8746), (42.93405, -78.8737), (42.93458, -78.87158), (42.93316, -78.85847), (42.93015, -78.85484), (42.92463, -78.84577), (42.92321, -78.84443), (42.92069, -78.84355), (42.90898, -78.84349), (42.90667, -78.84428), (42.90369, -78.84637), (42.90347, -78.82422), (42.90487, -78.8138), (42.8922, -78.81412), (42.8924, -78.80116), (42.89114, -78.79998), (42.88821, -78.80002)]
(43, 33)[(42.95192, -78.87934), (42.95153, -78.87825), (42.94777, -78.87822), (42.94659, -78.88958), (42.94028, -78.90677), (42.92845, -78.89875), (42.91507, -78.90154), (42.90288, -78.90096), (42.89848, -78.89804), (42.87942, -78.87927), (42.87574, -78.87806), (42.86946, -78.87875), (42.85227, -78.86365), (42.82774, -78.85092), (42.82574, -78.82704), (42.8283, -78.80936), (42.81924, -78.81016), (42.81899, -78.80919)]
(43, 34)[(42.95192, -78.87934), (42.95153, -78.87825), (42.94777, -78.87822), (42.94659, -78.88958), (42.94028, -78.90677), (42.92845, -78.89875), (42.91507, -78.90154), (42.90288, -78.90096), (42.89848, -78.89804), (42.87942, -78.87927), (42.87574, -78.87806), (42.86946, -78.87875), (42.85227, -78.86365), (42.82774, -78.85092), (42.82574, -78.82704), (42.8283, -78.80936), (42.81924, -78.81016), (42.81668, -78.80745), (42.81654, -78.80444), (42.81561, -78.80441)]
(43, 35)[(42.95192, -78.87934), (42.95152, -78.87933), (42.95153, -78.87825), (42.99488, -78.87857), (42.99538, -78.87557), (42.99583, -78.86236), (42.99666, -78.85927), (43.00066, -78.8504), (43.00121, -78.83606), (43.00358, -78.8276), (43.00411, -78.82392), (43.00371, -78.81938), (43.00284, -78.81639), (43.00146, -78.81358), (42.99786, -78.80947), (42.9976, -78.80664), (42.99925, -78.80425), (43.00094, -78.80312), (43.01175, -78.80239), (43.01521, -78.80089), (43.01835, -78.79836), (43.02186, -78.79369), (43.02441, -78.78759), (43.02509, -78.78222), (43.02157, -78.783), (43.02151, -78.78184), (43.02244, -78.78143)]
(43, 36)[(42.95192, -78.87934), (42.95152, -78.87933), (42.95153, -78.87825), (42.99488, -78.87857), (42.99538, -78.87557), (42.99583, -78.86236), (42.99666, -78.85927), (43.00066, -78.8504), (43.00121, -78.83606), (43.00358, -78.8276), (43.00411, -78.82392), (43.00371, -78.81938), (43.00284, -78.81639), (43.00146, -78.81358), (42.99786, -78.80947), (42.99756, -78.80679), (42.99933, -78.80417), (43.00157, -78.80289), (43.00894, -78.8029), (43.01417, -78.80148), (43.01685, -78.79975), (43.01987, -78.79667), (43.0239, -78.78927), (43.02509, -78.78222), (43.01982, -78.78301), (43.01939, -78.77964)]
(43, 37)[(42.95192, -78.87934), (42.95152, -78.87933), (42.95153, -78.87825), (42.95897, -78.87874), (42.99495, -78.87847), (42.99583, -78.86236), (42.99666, -78.85927), (43.00066, -78.8504), (43.00121, -78.83606), (43.00358, -78.8276), (43.00411, -78.82392), (43.00371, -78.81938), (43.00284, -78.81639), (43.00146, -78.81358), (42.99786, -78.80947), (42.99756, -78.80679), (42.99933, -78.80417), (43.00157, -78.80289), (43.00894, -78.8029), (43.01417, -78.80148), (43.01746, -78.79922), (43.02051, -78.79585), (43.02328, -78.79086), (43.02474, -78.7856), (43.02509, -78.78222), (43.02403, -78.78217), (43.02422, -78.76935), (43.02283, -78.76937), (43.02318, -78.77085)]
(43, 38)[(42.95192, -78.87934), (42.95152, -78.87933), (42.95153, -78.87825), (42.95897, -78.87874), (42.99495, -78.87847), (42.99583, -78.86236), (42.99666, -78.85927), (43.00066, -78.8504), (43.00121, -78.83606), (43.00358, -78.8276), (43.00411, -78.82392), (43.00371, -78.81938), (43.00284, -78.81639), (43.00146, -78.81358), (42.99786, -78.80947), (42.99756, -78.80679), (42.99933, -78.80417), (43.00157, -78.80289), (43.00894, -78.8029), (43.01417, -78.80148), (43.01746, -78.79922), (43.02112, -78.79497), (43.0239, -78.78927), (43.02509, -78.78222), (43.02403, -78.78217), (43.02422, -78.76785), (43.02218, -78.76787)]
(43, 39)[(42.95192, -78.87934), (42.95152, -78.87933), (42.95153, -78.87825), (42.98081, -78.87865), (42.98071, -78.82304), (42.97937, -78.79902), (42.99112, -78.78856), (42.99602, -78.78576), (42.99686, -78.78372), (42.99706, -78.77723), (42.99865, -78.77457), (43.00344, -78.77215), (43.00836, -78.77354), (43.01518, -78.76851), (43.0178, -78.76802), (43.01777, -78.7699), (43.01557, -78.7706), (43.01556, -78.77144)]
(43, 40)[(42.95192, -78.87934), (42.95152, -78.87933), (42.95153, -78.87825), (42.98081, -78.87865), (42.98071, -78.82304), (42.97937, -78.79902), (42.99127, -78.78778), (42.99139, -78.77706), (42.98949, -78.77742)]
