(41, 0)[(42.97761, -78.80065), (42.97951, -78.79889), (42.98087, -78.82304), (42.98098, -78.88539), (42.96093, -78.88887), (42.96158, -78.894), (42.95996, -78.89425), (42.95379, -78.89998), (42.95341, -78.89921)]
(41, 1)[(42.97761, -78.80065), (42.98244, -78.79622), (42.98308, -78.79497), (42.98209, -78.78995), (42.97711, -78.78146), (42.96872, -78.77053), (42.96641, -78.76853), (42.96353, -78.76733), (42.95187, -78.76609), (42.95003, -78.76421), (42.94987, -78.76175), (42.95146, -78.75889), (42.95198, -78.7546), (42.95191, -78.74358), (42.95062, -78.73236), (42.95067, -78.70763), (42.95016, -78.70496), (42.94836, -78.70334), (42.9478, -78.70201), (42.94705, -78.69956), (42.94701, -78.69694), (42.92579, -78.69692), (42.92576, -78.69509), (42.92469, -78.6949), (42.92348, -78.69281), (42.9209, -78.69264)]
(41, 2)[(42.97761, -78.80065), (42.97951, -78.79889), (42.98, -78.80785), (42.98799, -78.80762), (42.98802, -78.80795), (42.98731, -78.81023)]
(41, 3)[(42.97761, -78.80065), (42.97937, -78.79902), (42.9782, -78.7767), (42.97802, -78.76004), (42.97867, -78.75367), (42.97844, -78.72908), (42.97769, -78.72286), (42.97797, -78.70859), (42.97643, -78.70842), (42.97644, -78.70754)]
(41, 4)[(42.97761, -78.80065), (42.98513, -78.79359), (42.98538, -78.79266), (42.98475, -78.79144), (42.9844, -78.79136), (42.98401, -78.79175), (42.98398, -78.7924), (42.98437, -78.79335), (42.9868, -78.79621), (42.99074, -78.79948), (42.99259, -78.80143), (43.00102, -78.81241), (43.00264, -78.81519), (43.0036, -78.81792), (43.00427, -78.82188), (43.00419, -78.82561), (43.00383, -78.8275), (43.00203, -78.83294), (43.00141, -78.83605), (43.00115, -78.83902), (43.00114, -78.8483), (43.00094, -78.84986), (42.99993, -78.85333), (42.99686, -78.85942), (42.99591, -78.86357), (42.99558, -78.87578), (42.99586, -78.87699), (42.9965, -78.8772), (42.99693, -78.87657), (42.99694, -78.87496), (42.99391, -78.87426), (42.99393, -78.87334), (42.99477, -78.87337), (42.9948, -78.87124)]
(41, 5)[(42.97761, -78.80065), (42.98513, -78.79359), (42.98538, -78.79266), (42.98475, -78.79144), (42.98401, -78.79175), (42.98437, -78.79335), (42.99259, -78.80143), (43.00102, -78.81241), (43.00296, -78.81592), (43.00407, -78.82016), (43.00428, -78.82445), (43.00141, -78.83605), (43.00105, -78.85117), (43.00064, -78.85326), (43.00992, -78.8622), (43.01166, -78.86295), (43.02069, -78.86098), (43.03027, -78.8606), (43.03031, -78.8576), (43.02998, -78.8576)]
(41, 6)[(42.97761, -78.80065), (42.97937, -78.79902), (42.97811, -78.76787), (42.97296, -78.76194), (42.96821, -78.7593), (42.96547, -78.7563), (42.95914, -78.75484), (42.93498, -78.75415), (42.93498, -78.75532), (42.93615, -78.75538)]
(41, 7)[(42.97761, -78.80065), (42.97937, -78.79902), (42.97852, -78.78381), (42.91891, -78.78428), (42.91885, -78.7704), (42.91968, -78.7704), (42.91969, -78.76935), (42.92029, -78.76935), (42.92029, -78.76874)]
(41, 8)[(42.97761, -78.80065), (42.97178, -78.80609), (42.96915, -78.80392), (42.95044, -78.80389), (42.94889, -78.80343), (42.9489, -78.79819), (42.94752, -78.79797), (42.94425, -78.79557), (42.94482, -78.79407), (42.9449, -78.79271), (42.94406, -78.79271), (42.94403, -78.7922)]
(41, 9)[(42.97761, -78.80065), (42.98867, -78.79054), (42.98905, -78.792), (42.98972, -78.79246), (42.99308, -78.79219), (42.99444, -78.79079), (42.99587, -78.79071), (42.99608, -78.79285), (42.99689, -78.79494), (42.99795, -78.79609), (42.9995, -78.79662), (43.00312, -78.7964), (43.00417, -78.7959), (43.00494, -78.79442), (43.00542, -78.79083), (43.00552, -78.79228), (43.00513, -78.79626), (43.00799, -78.80128), (43.00819, -78.80212), (43.00807, -78.80303), (43.00762, -78.80381), (43.007, -78.80416), (43.00297, -78.80379), (43.00086, -78.80462), (42.99974, -78.80581), (42.99915, -78.80689), (42.99896, -78.80834), (42.99928, -78.8097)]
(41, 10)[(42.97761, -78.80065), (42.98933, -78.79001), (42.99073, -78.78811), (42.99127, -78.78778), (42.99149, -78.77062), (42.99113, -78.76604), (42.99106, -78.75), (42.99585, -78.74986)]
(41, 11)[(42.97761, -78.80065), (42.97937, -78.79902), (42.97852, -78.78381), (42.95018, -78.78399), (42.9497, -78.78426), (42.94537, -78.78408), (42.94492, -78.7847), (42.94498, -78.78801)]
(41, 12)[(42.97761, -78.80065), (42.98949, -78.78987), (42.99602, -78.78576), (42.99686, -78.78372), (42.99706, -78.77723), (42.99823, -78.77491), (43.00344, -78.77215), (43.00836, -78.77354), (43.0161, -78.76796), (43.03472, -78.74773), (43.03451, -78.72452), (43.03831, -78.72456)]
(41, 13)[(42.97761, -78.80065), (42.98302, -78.79541), (42.98305, -78.79473), (42.98251, -78.79354), (42.98229, -78.79051), (42.97815, -78.7829), (42.96872, -78.77053), (42.96641, -78.76853), (42.96381, -78.76749), (42.96316, -78.76768), (42.96165, -78.76896), (42.95895, -78.7681), (42.95678, -78.77002), (42.95565, -78.7722), (42.95482, -78.77147), (42.9553, -78.77044), (42.95474, -78.77006), (42.95425, -78.77001), (42.95403, -78.7707), (42.95353, -78.77113), (42.95208, -78.77119)]
(41, 14)[(42.97761, -78.80065), (42.97937, -78.79902), (42.9782, -78.7767), (42.97811, -78.76787), (42.97476, -78.76449), (42.97295, -78.76193), (42.96821, -78.7593), (42.96547, -78.7563), (42.96237, -78.75587), (42.95904, -78.75482), (42.95021, -78.75479), (42.94849, -78.75438), (42.94148, -78.75425), (42.94145, -78.75641), (42.94002, -78.75686), (42.93988, -78.75844)]
(41, 15)[(42.97761, -78.80065), (42.98933, -78.79001), (42.99073, -78.78811), (42.99127, -78.78778), (42.99149, -78.77062), (42.99113, -78.76604), (42.99108, -78.74572), (42.99202, -78.74543), (42.99292, -78.74432), (42.99354, -78.74432)]
(41, 16)[(42.97761, -78.80065), (42.98308, -78.79497), (42.98209, -78.78995), (42.97711, -78.78146), (42.96641, -78.76853), (42.95187, -78.76609), (42.95003, -78.76421), (42.94987, -78.76175), (42.95146, -78.75889), (42.95198, -78.7546), (42.95062, -78.73236), (42.95067, -78.70763), (42.95016, -78.70496), (42.9478, -78.70201), (42.94701, -78.69694), (42.90383, -78.69691), (42.90383, -78.69143), (42.90153, -78.68747), (42.89262, -78.68759), (42.89263, -78.6721)]
(41, 17)[(42.97761, -78.80065), (42.98244, -78.79622), (42.98308, -78.79497), (42.98209, -78.78995), (42.97711, -78.78146), (42.96872, -78.77053), (42.96641, -78.76853), (42.96353, -78.76733), (42.95187, -78.76609), (42.95019, -78.76464), (42.94987, -78.76175), (42.95146, -78.75889), (42.95198, -78.7546), (42.95191, -78.74358), (42.95062, -78.73236), (42.95067, -78.70763), (42.95016, -78.70496), (42.94836, -78.70334), (42.9478, -78.70201), (42.94705, -78.69956), (42.94701, -78.69694), (42.94481, -78.69694), (42.94286, -78.70753)]
(41, 18)[(42.97761, -78.80065), (42.98867, -78.79054), (42.98905, -78.792), (42.98972, -78.79246), (42.99308, -78.79219), (42.99444, -78.79079), (42.99587, -78.79071), (42.99615, -78.79312), (42.99651, -78.79417), (42.99695, -78.79458), (42.99784, -78.79414), (43.00086, -78.79415), (43.00166, -78.79346), (43.00314, -78.79323)]
(41, 19)[(42.97761, -78.80065), (42.99127, -78.78778), (42.99108, -78.72), (42.98937, -78.70346), (42.9893, -78.69695), (43.00224, -78.69692), (43.00241, -78.69599)]
(41, 20)[(42.97761, -78.80065), (42.98302, -78.79541), (42.98229, -78.79051), (42.97815, -78.7829), (42.9673, -78.76914), (42.96353, -78.76733), (42.94772, -78.76587), (42.9436, -78.76652), (42.93204, -78.76643), (42.93113, -78.76701), (42.93098, -78.76815), (42.93234, -78.76811), (42.93244, -78.76519), (42.93012, -78.75996), (42.93002, -78.74696), (42.92829, -78.74111), (42.93012, -78.73848), (42.93439, -78.71726), (42.93292, -78.71492), (42.92793, -78.71488), (42.92786, -78.71036), (42.9235, -78.70826), (42.92347, -78.70774), (42.9253, -78.70674)]
(41, 21)[(42.97761, -78.80065), (42.96304, -78.81387), (42.95945, -78.81391), (42.95737, -78.81898), (42.93446, -78.84437), (42.91535, -78.86445), (42.90888, -78.86677), (42.9089, -78.86891), (42.91031, -78.86845)]
(41, 22)[(42.97761, -78.80065), (42.97937, -78.79902), (42.9782, -78.7767), (42.97811, -78.76787), (42.97476, -78.76449), (42.97286, -78.76184), (42.96821, -78.7593), (42.96561, -78.75638), (42.96105, -78.75549), (42.96395, -78.73803), (42.95604, -78.73817), (42.95674, -78.7352), (42.9567, -78.72818), (42.95556, -78.72831), (42.95557, -78.72908)]
(41, 23)[(42.97761, -78.80065), (42.98302, -78.79541), (42.98229, -78.79051), (42.97815, -78.7829), (42.9673, -78.76914), (42.96353, -78.76733), (42.94772, -78.76587), (42.9436, -78.76652), (42.93204, -78.76643), (42.93113, -78.76701), (42.93098, -78.76815), (42.93234, -78.76811), (42.93244, -78.76519), (42.93012, -78.75996), (42.93002, -78.74696), (42.92829, -78.74111), (42.93012, -78.73848), (42.93439, -78.71726), (42.93292, -78.71492), (42.92793, -78.71488), (42.92793, -78.7144), (42.93409, -78.71439), (42.93476, -78.71296), (42.93353, -78.71226), (42.93369, -78.71184)]
(41, 24)[(42.97761, -78.80065), (42.98933, -78.79001), (42.99073, -78.78811), (42.99127, -78.78778), (42.99149, -78.77062), (42.99113, -78.76604), (42.99103, -78.75794), (42.99109, -78.72473), (42.99756, -78.72497)]
(41, 25)[(42.97761, -78.80065), (42.98302, -78.79541), (42.98229, -78.79051), (42.97815, -78.7829), (42.96815, -78.76992), (42.96353, -78.76733), (42.94772, -78.76587), (42.9436, -78.76652), (42.93204, -78.76643), (42.93098, -78.76729), (42.93126, -78.76845), (42.93234, -78.76811), (42.93244, -78.76519), (42.93012, -78.75996), (42.93002, -78.74696), (42.92857, -78.74242), (42.92776, -78.74184), (42.92718, -78.74294), (42.92426, -78.74168), (42.91023, -78.73114)]
(41, 26)[(42.97761, -78.80065), (42.98302, -78.79541), (42.98229, -78.79051), (42.97815, -78.7829), (42.9673, -78.76914), (42.96425, -78.76751), (42.95816, -78.76651), (42.94772, -78.76587), (42.9436, -78.76652), (42.93298, -78.76643)]
(41, 27)[(42.97761, -78.80065), (42.98513, -78.79359), (42.98538, -78.79266), (42.98467, -78.7914), (42.98426, -78.79142), (42.98396, -78.79202), (42.98468, -78.79375), (42.9868, -78.79621), (42.99223, -78.80102), (43.00102, -78.81241), (43.00264, -78.81519), (43.00338, -78.81718), (43.00407, -78.82016), (43.00432, -78.82343), (43.00383, -78.8275), (43.00203, -78.83294), (43.00136, -78.83642), (43.00115, -78.83902), (43.00105, -78.85117), (43.00064, -78.85326), (43.00274, -78.85494), (43.00992, -78.8622), (43.01166, -78.86295), (43.015, -78.86223), (43.01464, -78.8538)]
(41, 28)[(42.97761, -78.80065), (42.97937, -78.79902), (42.9782, -78.7767), (42.97802, -78.76004), (42.97867, -78.75367), (42.97844, -78.72908), (42.97769, -78.72286), (42.97819, -78.6789)]
(41, 29)[(42.97761, -78.80065), (42.98513, -78.79359), (42.98538, -78.79266), (42.98452, -78.79134), (42.98401, -78.79252), (42.98573, -78.7951), (42.99672, -78.80527), (42.99808, -78.80518), (43.00157, -78.80289), (43.00894, -78.8029), (43.01263, -78.80212), (43.01685, -78.79975), (43.02051, -78.79585), (43.0239, -78.78927), (43.02509, -78.78222), (43.02624, -78.78264), (43.02373, -78.79073), (43.02149, -78.79513)]
(41, 30)[(42.97761, -78.80065), (42.98513, -78.79359), (42.98538, -78.79266), (42.98475, -78.79144), (42.98396, -78.79202), (42.98468, -78.79375), (42.99223, -78.80102), (43.00102, -78.81241), (43.0031, -78.81614), (43.00406, -78.81931), (43.00535, -78.82024), (43.00545, -78.82236), (43.03186, -78.82221), (43.03606, -78.82314), (43.03593, -78.83443)]
(41, 31)[(42.97761, -78.80065), (42.98933, -78.79001), (42.99073, -78.78811), (42.99127, -78.78778), (42.99149, -78.77062), (42.99113, -78.76604), (42.99103, -78.75794), (42.99109, -78.72473), (43.00399, -78.72493), (43.00597, -78.72527), (43.01393, -78.72517)]
(41, 32)[(42.97761, -78.80065), (42.98244, -78.79622), (42.98308, -78.79497), (42.98209, -78.78995), (42.97711, -78.78146), (42.96872, -78.77053), (42.96641, -78.76853), (42.96353, -78.76733), (42.95187, -78.76609), (42.95003, -78.76421), (42.94987, -78.76175), (42.95146, -78.75889), (42.95198, -78.7546), (42.95191, -78.74358), (42.95062, -78.73236), (42.95067, -78.70763), (42.95016, -78.70496), (42.94836, -78.70334), (42.9478, -78.70201), (42.94705, -78.69956), (42.94701, -78.69694), (42.93426, -78.69693), (42.93262, -78.68354), (42.93326, -78.67722), (42.93058, -78.67627), (42.92771, -78.67263), (42.91162, -78.67213), (42.90877, -78.67163), (42.9088, -78.6712)]
(41, 33)[(42.97761, -78.80065), (42.98302, -78.79541), (42.98209, -78.78995), (42.96872, -78.77053), (42.96425, -78.76751), (42.88558, -78.76785), (42.87978, -78.77253), (42.8737, -78.78929), (42.85103, -78.7928), (42.84399, -78.77182), (42.84186, -78.75419), (42.80391, -78.75175), (42.80445, -78.75697)]
(41, 34)[(42.97761, -78.80065), (42.98308, -78.79516), (42.97887, -78.78401), (42.9673, -78.76914), (42.95816, -78.76651), (42.88488, -78.76801), (42.87978, -78.77253), (42.87484, -78.78826), (42.8657, -78.79191), (42.85071, -78.79029), (42.83791, -78.79318), (42.82643, -78.79133), (42.82618, -78.79328), (42.82813, -78.79229), (42.82882, -78.78308), (42.81873, -78.78408), (42.81868, -78.77977), (42.81575, -78.77858)]
(41, 35)[(42.97761, -78.80065), (42.98308, -78.79516), (42.98209, -78.78995), (42.97887, -78.78401), (42.9673, -78.76914), (42.95816, -78.76651), (42.91945, -78.76633), (42.88488, -78.76801), (42.87978, -78.77253), (42.87627, -78.78589), (42.87389, -78.78914)]
(41, 36)[(42.97761, -78.80065), (42.98308, -78.79516), (42.98209, -78.78995), (42.97887, -78.78401), (42.9673, -78.76914), (42.9564, -78.76638), (42.91945, -78.76633), (42.88488, -78.76801), (42.87978, -78.77253), (42.87627, -78.78589), (42.8737, -78.78929), (42.8657, -78.79191), (42.85383, -78.79099), (42.85067, -78.7927), (42.84906, -78.78363), (42.84399, -78.77182), (42.8432, -78.75804), (42.84186, -78.75419), (42.83949, -78.75407), (42.83936, -78.7382), (42.83249, -78.73871)]
(41, 37)[(42.97761, -78.80065), (42.98308, -78.79516), (42.97887, -78.78401), (42.9673, -78.76914), (42.9564, -78.76638), (42.88488, -78.76801), (42.87978, -78.77253), (42.8737, -78.78929), (42.85067, -78.7927), (42.84399, -78.77182), (42.84186, -78.75419), (42.81129, -78.75185), (42.8117, -78.72614)]
(41, 38)[(42.97761, -78.80065), (42.98302, -78.79541), (42.98209, -78.78995), (42.97815, -78.7829), (42.96928, -78.77125), (42.9648, -78.76768), (42.94772, -78.76587), (42.89289, -78.76746), (42.88402, -78.7689), (42.88376, -78.75859), (42.88474, -78.75453), (42.87805, -78.75319), (42.85517, -78.75465), (42.85592, -78.74814), (42.85498, -78.74768)]
(41, 39)[(42.97761, -78.80065), (42.98302, -78.79541), (42.98209, -78.78995), (42.9648, -78.76768), (42.94772, -78.76587), (42.88558, -78.76785), (42.87978, -78.77253), (42.87627, -78.78589), (42.87325, -78.78953), (42.8657, -78.79191), (42.85146, -78.79027), (42.82836, -78.79308), (42.82833, -78.81322), (42.82583, -78.824), (42.8114, -78.82395), (42.81147, -78.82938), (42.81308, -78.82939)]
(41, 40)[(42.97761, -78.80065), (42.98302, -78.79541), (42.98209, -78.78995), (42.97815, -78.7829), (42.96928, -78.77125), (42.9648, -78.76768), (42.94772, -78.76587), (42.89289, -78.76746), (42.88402, -78.7689), (42.88376, -78.75859), (42.88474, -78.75453), (42.87805, -78.75319), (42.85118, -78.75454), (42.85108, -78.74459)]
(42, 0)[(42.91536, -78.86511), (42.91536, -78.8655), (42.92065, -78.86384), (42.92057, -78.86693), (42.92084, -78.8679), (42.92588, -78.87363), (42.93138, -78.87378), (42.93209, -78.8744), (42.933, -78.8746), (42.93339, -78.87703), (42.93588, -78.87822), (42.93591, -78.88014), (42.93684, -78.88173), (42.93733, -78.88359), (42.93736, -78.88662), (42.93769, -78.88875), (42.93746, -78.88938), (42.93824, -78.88989), (42.93605, -78.89616), (42.9361, -78.89867), (42.93864, -78.89812), (42.94969, -78.90381), (42.95379, -78.89998), (42.95341, -78.89921)]
(42, 1)[(42.91536, -78.86511), (42.91535, -78.86445), (42.92221, -78.85727), (42.92193, -78.84281), (42.92374, -78.84225), (42.92721, -78.83772), (42.92874, -78.83462), (42.92974, -78.83005), (42.92981, -78.82149), (42.93304, -78.81111), (42.93309, -78.79827), (42.93257, -78.7923), (42.93293, -78.77477), (42.93247, -78.76556), (42.93012, -78.75996), (42.93002, -78.74696), (42.92828, -78.74127), (42.92862, -78.74011), (42.93012, -78.73848), (42.93502, -78.71406), (42.93697, -78.71039), (42.9369, -78.7033), (42.93794, -78.69693), (42.92579, -78.69692), (42.92576, -78.69509), (42.92469, -78.6949), (42.92348, -78.69281), (42.9209, -78.69264)]
(42, 2)[(42.91536, -78.86511), (42.91535, -78.86445), (42.95737, -78.81898), (42.95976, -78.81316), (42.96008, -78.81391), (42.98504, -78.81382), (42.98603, -78.81428), (42.98731, -78.81023)]
(42, 3)[(42.91536, -78.86511), (42.91535, -78.86445), (42.92221, -78.85727), (42.92193, -78.84281), (42.92374, -78.84225), (42.92721, -78.83772), (42.92874, -78.83462), (42.92974, -78.83005), (42.92981, -78.82149), (42.93296, -78.81167), (42.93309, -78.79827), (42.93257, -78.7923), (42.93293, -78.77477), (42.93247, -78.76556), (42.93186, -78.76412), (42.93029, -78.76441), (42.93047, -78.76564), (42.93152, -78.76618), (42.94216, -78.76626), (42.94566, -78.76586), (42.94765, -78.76333), (42.94869, -78.76283), (42.95102, -78.76333), (42.95295, -78.76538), (42.95449, -78.76607), (42.95582, -78.76601), (42.95935, -78.76419), (42.96632, -78.72323), (42.9657, -78.70802), (42.97643, -78.70842), (42.97644, -78.70754)]
(42, 4)[(42.91536, -78.86511), (42.92065, -78.86384), (42.92081, -78.86758), (42.92768, -78.86773), (42.929, -78.86573), (42.93232, -78.86493), (42.93691, -78.86722), (42.99391, -78.87426), (42.99393, -78.87334), (42.99477, -78.87337), (42.9948, -78.87124)]
(42, 5)[(42.91536, -78.86511), (42.92065, -78.86384), (42.92081, -78.86758), (42.92768, -78.86773), (42.929, -78.86573), (42.93232, -78.86493), (42.93691, -78.86722), (42.99453, -78.87434), (42.99583, -78.86236), (42.99837, -78.85202), (43.01166, -78.86295), (43.03027, -78.8606), (43.02998, -78.8576)]
(42, 6)[(42.91536, -78.86511), (42.91535, -78.86445), (42.92221, -78.85727), (42.92193, -78.84281), (42.92343, -78.84257), (42.92672, -78.83846), (42.92943, -78.83231), (42.92981, -78.82149), (42.9328, -78.81241), (42.93308, -78.81006), (42.93309, -78.79827), (42.93257, -78.7923), (42.93293, -78.77477), (42.93247, -78.76556), (42.93022, -78.76045), (42.92993, -78.75412), (42.93498, -78.75415), (42.93498, -78.75532), (42.93615, -78.75538)]
(42, 7)[(42.91536, -78.86511), (42.91535, -78.86445), (42.92221, -78.85727), (42.92193, -78.84281), (42.92374, -78.84225), (42.92721, -78.83772), (42.92874, -78.83462), (42.92974, -78.83005), (42.92981, -78.82149), (42.93306, -78.81082), (42.93268, -78.78413), (42.91891, -78.78428), (42.91885, -78.7704), (42.91968, -78.7704), (42.91969, -78.76935), (42.92029, -78.76935), (42.92029, -78.76874)]
(42, 8)[(42.91536, -78.86511), (42.91535, -78.86445), (42.92221, -78.85727), (42.92193, -78.84281), (42.92343, -78.84257), (42.92602, -78.8394), (42.92815, -78.83599), (42.92926, -78.83298), (42.92974, -78.83005), (42.92981, -78.82149), (42.93271, -78.81274), (42.93304, -78.81111), (42.93306, -78.80211), (42.93279, -78.799), (42.93806, -78.79903), (42.94048, -78.8016), (42.94117, -78.80056), (42.94258, -78.79958), (42.94464, -78.79463), (42.9449, -78.79271), (42.94406, -78.79271), (42.94403, -78.7922)]
(42, 9)[(42.91536, -78.86511), (42.95737, -78.81898), (42.95976, -78.81316), (42.98603, -78.81428), (42.98964, -78.80488), (43.0, -78.79862), (42.99993, -78.79662), (43.00417, -78.7959), (43.00542, -78.79083), (43.00513, -78.79626), (43.00807, -78.80303), (43.007, -78.80416), (43.00086, -78.80462), (42.99915, -78.80689), (42.99928, -78.8097)]
(42, 10)[(42.91536, -78.86511), (42.92221, -78.85727), (42.92193, -78.84281), (42.92374, -78.84225), (42.92874, -78.83462), (42.92981, -78.82149), (42.93296, -78.81167), (42.93247, -78.76556), (42.93186, -78.76412), (42.93034, -78.76432), (42.93152, -78.76618), (42.94435, -78.76619), (42.9489, -78.76281), (42.95542, -78.76611), (42.95945, -78.76406), (42.96045, -78.75935), (42.96821, -78.7593), (42.97275, -78.76174), (42.98031, -78.76911), (42.98204, -78.76529), (42.99111, -78.75978), (42.99106, -78.75), (42.99585, -78.74986)]
(42, 11)[(42.91536, -78.86511), (42.91535, -78.86445), (42.92221, -78.85727), (42.92193, -78.84281), (42.92343, -78.84257), (42.92672, -78.83846), (42.92846, -78.83528), (42.92943, -78.83231), (42.92974, -78.83005), (42.92981, -78.82149), (42.93271, -78.81274), (42.93306, -78.81082), (42.93309, -78.79827), (42.93255, -78.79163), (42.93268, -78.78413), (42.94447, -78.78413), (42.94495, -78.78386), (42.94511, -78.78413), (42.94492, -78.7847), (42.94498, -78.78801)]
(42, 12)[(42.91536, -78.86511), (42.95737, -78.81898), (42.95976, -78.81316), (42.96304, -78.81387), (42.98746, -78.79152), (42.99579, -78.78604), (42.99686, -78.78372), (42.99706, -78.77723), (42.99823, -78.77491), (43.00344, -78.77215), (43.00836, -78.77354), (43.0161, -78.76796), (43.03472, -78.74773), (43.03451, -78.72452), (43.03831, -78.72456)]
(42, 13)[(42.91536, -78.86511), (42.91535, -78.86445), (42.92221, -78.85727), (42.92193, -78.84281), (42.92343, -78.84257), (42.92672, -78.83846), (42.92943, -78.83231), (42.92981, -78.82149), (42.93306, -78.81082), (42.93268, -78.78413), (42.94959, -78.78396), (42.94964, -78.77353), (42.95055, -78.77239), (42.95143, -78.77239), (42.95154, -78.77145), (42.95208, -78.77119)]
(42, 14)[(42.91536, -78.86511), (42.91535, -78.86445), (42.92221, -78.85727), (42.92193, -78.84281), (42.92374, -78.84225), (42.92721, -78.83772), (42.92874, -78.83462), (42.92974, -78.83005), (42.92981, -78.82149), (42.93304, -78.81111), (42.93309, -78.79827), (42.93257, -78.7923), (42.93293, -78.77477), (42.93247, -78.76556), (42.93022, -78.76045), (42.92993, -78.75412), (42.94148, -78.75425), (42.94145, -78.75641), (42.94002, -78.75686), (42.93988, -78.75844)]
(42, 15)[(42.91536, -78.86511), (42.91535, -78.86445), (42.92221, -78.85727), (42.92193, -78.84281), (42.92374, -78.84225), (42.92721, -78.83772), (42.92874, -78.83462), (42.92974, -78.83005), (42.92981, -78.82149), (42.93296, -78.81167), (42.93309, -78.79827), (42.93257, -78.7923), (42.93293, -78.77477), (42.93247, -78.76556), (42.93186, -78.76412), (42.93034, -78.76432), (42.9304, -78.76553), (42.93152, -78.76618), (42.94435, -78.76619), (42.94588, -78.7657), (42.94765, -78.76333), (42.9489, -78.76281), (42.95134, -78.76353), (42.95343, -78.7657), (42.95542, -78.76611), (42.95945, -78.76406), (42.96045, -78.75935), (42.96821, -78.7593), (42.97275, -78.76174), (42.9778, -78.76758), (42.98031, -78.76911), (42.98204, -78.76529), (42.98539, -78.76365), (42.98958, -78.7602), (42.99111, -78.75978), (42.99108, -78.74572), (42.99354, -78.74432)]
(42, 16)[(42.91536, -78.86511), (42.92221, -78.85727), (42.92193, -78.84281), (42.92343, -78.84257), (42.92672, -78.83846), (42.92954, -78.83166), (42.92981, -78.82149), (42.93306, -78.81082), (42.93244, -78.76519), (42.93012, -78.75996), (42.93002, -78.74696), (42.92832, -78.74203), (42.92718, -78.74294), (42.92426, -78.74168), (42.90873, -78.72915), (42.90513, -78.72808), (42.90414, -78.72229), (42.90441, -78.71476), (42.90159, -78.70731), (42.90104, -78.68177), (42.89291, -78.68186), (42.89263, -78.6721)]
(42, 17)[(42.91536, -78.86511), (42.91535, -78.86445), (42.92221, -78.85727), (42.92193, -78.84281), (42.92374, -78.84225), (42.92721, -78.83772), (42.92874, -78.83462), (42.92974, -78.83005), (42.92981, -78.82149), (42.93304, -78.81111), (42.93309, -78.79827), (42.93257, -78.7923), (42.93293, -78.77477), (42.93247, -78.76556), (42.93012, -78.75996), (42.93002, -78.74696), (42.92836, -78.74068), (42.93012, -78.73848), (42.93439, -78.71726), (42.94093, -78.71763), (42.94286, -78.70753)]
(42, 18)[(42.91536, -78.86511), (42.95737, -78.81898), (42.95976, -78.81316), (42.98603, -78.81428), (42.98964, -78.80488), (43.0, -78.79862), (42.99994, -78.79416), (43.00314, -78.79323)]
(42, 19)[(42.91536, -78.86511), (42.92221, -78.85727), (42.92193, -78.84281), (42.92374, -78.84225), (42.92874, -78.83462), (42.92981, -78.82149), (42.93304, -78.81111), (42.93247, -78.76556), (42.93012, -78.75996), (42.93002, -78.74696), (42.92828, -78.74127), (42.93012, -78.73848), (42.93502, -78.71406), (42.93697, -78.71039), (42.93794, -78.69693), (43.00224, -78.69692), (43.00241, -78.69599)]
(42, 20)[(42.91536, -78.86511), (42.91535, -78.86445), (42.92221, -78.85727), (42.92193, -78.84281), (42.92374, -78.84225), (42.92721, -78.83772), (42.92874, -78.83462), (42.92974, -78.83005), (42.92981, -78.82149), (42.93306, -78.81082), (42.93309, -78.79827), (42.93257, -78.7923), (42.93293, -78.77477), (42.93247, -78.76556), (42.93012, -78.75996), (42.93002, -78.74696), (42.92828, -78.74127), (42.92862, -78.74011), (42.93012, -78.73848), (42.93439, -78.71726), (42.93292, -78.71492), (42.92793, -78.71488), (42.92786, -78.71036), (42.9235, -78.70826), (42.92347, -78.70774), (42.9253, -78.70674)]
(42, 21)[(42.91536, -78.86511), (42.91535, -78.86445), (42.9151, -78.86461), (42.90888, -78.86677), (42.9089, -78.86891), (42.91031, -78.86845)]
(42, 22)[(42.91536, -78.86511), (42.91535, -78.86445), (42.92221, -78.85727), (42.92193, -78.84281), (42.92374, -78.84225), (42.92721, -78.83772), (42.92874, -78.83462), (42.92974, -78.83005), (42.92981, -78.82149), (42.93304, -78.81111), (42.93309, -78.79827), (42.93257, -78.7923), (42.93293, -78.77477), (42.93247, -78.76556), (42.93022, -78.76045), (42.92993, -78.75412), (42.94959, -78.75461), (42.94963, -78.73929), (42.95128, -78.73702), (42.95608, -78.73779), (42.95674, -78.7352), (42.9567, -78.72818), (42.95556, -78.72831), (42.95557, -78.72908)]
(42, 23)[(42.91536, -78.86511), (42.91535, -78.86445), (42.92221, -78.85727), (42.92193, -78.84281), (42.92374, -78.84225), (42.92721, -78.83772), (42.92874, -78.83462), (42.92974, -78.83005), (42.92981, -78.82149), (42.93304, -78.81111), (42.93309, -78.79827), (42.93257, -78.7923), (42.93293, -78.77477), (42.93247, -78.76556), (42.93012, -78.75996), (42.93002, -78.74696), (42.92828, -78.74127), (42.92862, -78.74011), (42.93012, -78.73848), (42.93439, -78.71726), (42.93292, -78.71492), (42.92793, -78.71488), (42.92793, -78.7144), (42.93409, -78.71439), (42.93476, -78.71296), (42.93353, -78.71226), (42.93369, -78.71184)]
(42, 24)[(42.91536, -78.86511), (42.92221, -78.85727), (42.92193, -78.84281), (42.92374, -78.84225), (42.92874, -78.83462), (42.92981, -78.82149), (42.93296, -78.81167), (42.93247, -78.76556), (42.93186, -78.76412), (42.93034, -78.76432), (42.93152, -78.76618), (42.94216, -78.76626), (42.94566, -78.76586), (42.94869, -78.76283), (42.95449, -78.76607), (42.95935, -78.76419), (42.96611, -78.72469), (42.99756, -78.72497)]
(42, 25)[(42.91536, -78.86511), (42.91535, -78.86445), (42.92221, -78.85727), (42.92193, -78.84281), (42.92343, -78.84257), (42.92672, -78.83846), (42.92943, -78.83231), (42.92981, -78.82149), (42.93306, -78.81082), (42.93309, -78.79827), (42.93257, -78.7923), (42.93293, -78.77477), (42.93237, -78.76478), (42.93009, -78.75966), (42.92998, -78.7466), (42.92857, -78.74242), (42.92776, -78.74184), (42.92718, -78.74294), (42.92426, -78.74168), (42.91023, -78.73114)]
(42, 26)[(42.91536, -78.86511), (42.91535, -78.86445), (42.92221, -78.85727), (42.92193, -78.84281), (42.92343, -78.84257), (42.92672, -78.83846), (42.92943, -78.83231), (42.92981, -78.82149), (42.9328, -78.81241), (42.93308, -78.81006), (42.93309, -78.79827), (42.93257, -78.7923), (42.93293, -78.77477), (42.93247, -78.76556), (42.93186, -78.76412), (42.93029, -78.76441), (42.93065, -78.76583), (42.93302, -78.76616), (42.9341, -78.76517), (42.93356, -78.76376), (42.93269, -78.76425), (42.93266, -78.76801), (42.93311, -78.76851), (42.9347, -78.76826), (42.93451, -78.76694), (42.93298, -78.76643)]
(42, 27)[(42.91536, -78.86511), (42.92065, -78.86384), (42.92081, -78.86758), (42.92768, -78.86773), (42.929, -78.86573), (42.93232, -78.86493), (42.93691, -78.86722), (42.99453, -78.87434), (42.99583, -78.86236), (42.99837, -78.85202), (43.01166, -78.86295), (43.015, -78.86223), (43.01464, -78.8538)]
(42, 28)[(42.91536, -78.86511), (42.92221, -78.85727), (42.92193, -78.84281), (42.92374, -78.84225), (42.92874, -78.83462), (42.92981, -78.82149), (42.93304, -78.81111), (42.93247, -78.76556), (42.93012, -78.75996), (42.93002, -78.74696), (42.92828, -78.74127), (42.93012, -78.73848), (42.93502, -78.71406), (42.93697, -78.71039), (42.93794, -78.69693), (42.97615, -78.69677), (42.97645, -78.69445), (42.97825, -78.69401), (42.97819, -78.6789)]
(42, 29)[(42.91536, -78.86511), (42.95737, -78.81898), (42.95976, -78.81316), (42.96343, -78.81352), (42.98486, -78.79391), (42.98538, -78.79266), (42.98426, -78.79142), (42.98573, -78.7951), (42.99672, -78.80527), (43.00195, -78.80282), (43.01076, -78.80262), (43.01617, -78.80027), (43.01987, -78.79667), (43.0239, -78.78927), (43.02509, -78.78222), (43.02624, -78.78264), (43.02149, -78.79513)]
(42, 30)[(42.91536, -78.86511), (42.95398, -78.82275), (42.95816, -78.82382), (43.03217, -78.82223), (43.03606, -78.82314), (43.03593, -78.83443)]
(42, 31)[(42.91536, -78.86511), (42.92221, -78.85727), (42.92193, -78.84281), (42.92374, -78.84225), (42.92874, -78.83462), (42.92981, -78.82149), (42.93296, -78.81167), (42.93247, -78.76556), (42.93186, -78.76412), (42.93034, -78.76432), (42.93152, -78.76618), (42.94216, -78.76626), (42.94566, -78.76586), (42.94869, -78.76283), (42.95449, -78.76607), (42.95935, -78.76419), (42.96611, -78.72469), (43.01393, -78.72517)]
(42, 32)[(42.91536, -78.86511), (42.92221, -78.85727), (42.92193, -78.84281), (42.92343, -78.84257), (42.92672, -78.83846), (42.92943, -78.83231), (42.92981, -78.82149), (42.93306, -78.81082), (42.93293, -78.77477), (42.93237, -78.76478), (42.93009, -78.75966), (42.92998, -78.7466), (42.92857, -78.74242), (42.92408, -78.74157), (42.90965, -78.73003), (42.90876, -78.71709), (42.91578, -78.67212), (42.9088, -78.6712)]
(42, 33)[(42.91536, -78.86511), (42.91533, -78.86232), (42.90156, -78.86261), (42.8913, -78.86596), (42.89003, -78.86915), (42.87722, -78.87298), (42.87542, -78.86296), (42.87347, -78.8586), (42.86797, -78.82986), (42.86653, -78.82726), (42.86513, -78.82744), (42.86404, -78.82139), (42.84638, -78.79923), (42.84326, -78.79081), (42.83565, -78.78844), (42.8311, -78.77719), (42.82324, -78.77391), (42.80477, -78.75618), (42.80445, -78.75697)]
(42, 34)[(42.91536, -78.86511), (42.91533, -78.86232), (42.90156, -78.86261), (42.8913, -78.86596), (42.89003, -78.86915), (42.87729, -78.87304), (42.87542, -78.86296), (42.87347, -78.8586), (42.86797, -78.82986), (42.86653, -78.82726), (42.86513, -78.82744), (42.86404, -78.82139), (42.84638, -78.79923), (42.84326, -78.79081), (42.83565, -78.78844), (42.83087, -78.77695), (42.82383, -78.7743), (42.81861, -78.76954), (42.81868, -78.77977), (42.81575, -78.77858)]
(42, 35)[(42.91536, -78.86511), (42.91535, -78.86445), (42.92221, -78.85727), (42.92193, -78.84281), (42.92343, -78.84257), (42.92672, -78.83846), (42.92943, -78.83231), (42.92981, -78.82149), (42.93306, -78.81082), (42.93309, -78.79827), (42.93257, -78.7923), (42.93293, -78.77477), (42.93231, -78.76898), (42.92852, -78.7664), (42.91683, -78.7664), (42.8843, -78.76818), (42.88189, -78.76971), (42.87978, -78.77253), (42.87627, -78.78589), (42.87389, -78.78914)]
(42, 36)[(42.91536, -78.86511), (42.91533, -78.86232), (42.90156, -78.86261), (42.8913, -78.86596), (42.89003, -78.86915), (42.87716, -78.87289), (42.8676, -78.82878), (42.86641, -78.82717), (42.86513, -78.82744), (42.86404, -78.82139), (42.8587, -78.81363), (42.84638, -78.79923), (42.83988, -78.78304), (42.83936, -78.7382), (42.83249, -78.73871)]
(42, 37)[(42.91536, -78.86511), (42.91533, -78.86232), (42.90156, -78.86261), (42.8913, -78.86596), (42.89003, -78.86915), (42.87722, -78.87298), (42.87542, -78.86296), (42.87347, -78.8586), (42.86797, -78.82986), (42.86653, -78.82726), (42.86513, -78.82744), (42.86404, -78.82139), (42.84638, -78.79923), (42.84326, -78.79081), (42.83565, -78.78844), (42.8311, -78.77719), (42.82307, -78.77378), (42.80394, -78.75538), (42.80386, -78.73812), (42.81085, -78.72531), (42.8117, -78.72614)]
(42, 38)[(42.91536, -78.86511), (42.91533, -78.86232), (42.90156, -78.86261), (42.8913, -78.86596), (42.89003, -78.86915), (42.88018, -78.87271), (42.87716, -78.87289), (42.87542, -78.86296), (42.87347, -78.8586), (42.86787, -78.82863), (42.86888, -78.82117), (42.87559, -78.81054), (42.87621, -78.80663), (42.87614, -78.80097), (42.87545, -78.7999), (42.87476, -78.8009), (42.87175, -78.80102), (42.87141, -78.7853), (42.87079, -78.7824), (42.86818, -78.77611), (42.85661, -78.75975), (42.85517, -78.75465), (42.85592, -78.74814), (42.85498, -78.74768)]
(42, 39)[(42.91536, -78.86511), (42.91539, -78.86918), (42.88708, -78.87795), (42.88523, -78.88019), (42.87574, -78.87806), (42.87006, -78.87902), (42.85227, -78.86365), (42.82774, -78.85092), (42.82583, -78.824), (42.8114, -78.82395), (42.81147, -78.82938), (42.81308, -78.82939)]
(42, 40)[(42.91536, -78.86511), (42.91533, -78.86232), (42.90156, -78.86261), (42.8913, -78.86596), (42.89003, -78.86915), (42.88018, -78.87271), (42.87716, -78.87289), (42.87542, -78.86296), (42.87347, -78.8586), (42.86787, -78.82863), (42.86888, -78.82117), (42.87559, -78.81054), (42.87621, -78.80663), (42.87614, -78.80097), (42.87545, -78.7999), (42.87476, -78.8009), (42.87175, -78.80102), (42.87141, -78.7853), (42.87079, -78.7824), (42.86818, -78.77611), (42.85661, -78.75975), (42.85517, -78.75465), (42.85118, -78.75454), (42.85108, -78.74459)]
(43, 0)[(42.92247, -78.75388), (42.93037, -78.75414), (42.93028, -78.75959), (42.93245, -78.76452), (42.93306, -78.77511), (42.93273, -78.79279), (42.9332, -78.79844), (42.93317, -78.81129), (42.93007, -78.82096), (42.92939, -78.83308), (42.92745, -78.8376), (42.92355, -78.84357), (42.92995, -78.85427), (42.93248, -78.85686), (42.93333, -78.85875), (42.93466, -78.87113), (42.93397, -78.87483), (42.93438, -78.87823), (42.93706, -78.88232), (42.93746, -78.88938), (42.93824, -78.88989), (42.93605, -78.89616), (42.9361, -78.89867), (42.93864, -78.89812), (42.94969, -78.90381), (42.95379, -78.89998), (42.95341, -78.89921)]
(43, 1)[(42.92247, -78.75388), (42.92246, -78.75415), (42.92707, -78.75414), (42.93502, -78.71406), (42.93697, -78.71039), (42.9369, -78.7033), (42.93734, -78.69933), (42.93794, -78.69693), (42.92579, -78.69692), (42.92576, -78.69509), (42.92469, -78.6949), (42.92348, -78.69281), (42.9209, -78.69264)]
(43, 2)[(42.92247, -78.75388), (42.93037, -78.75414), (42.93027, -78.75939), (42.93073, -78.76127), (42.93212, -78.76323), (42.93355, -78.76367), (42.93587, -78.76601), (42.94488, -78.76612), (42.9461, -78.76549), (42.94765, -78.76333), (42.9489, -78.76281), (42.95134, -78.76353), (42.95396, -78.76595), (42.96363, -78.76709), (42.96752, -78.76899), (42.97592, -78.77955), (42.97849, -78.7817), (42.98, -78.80785), (42.98799, -78.80762), (42.98731, -78.81023)]
(43, 3)[(42.92247, -78.75388), (42.94849, -78.75438), (42.95904, -78.75482), (42.96105, -78.75549), (42.96632, -78.72323), (42.9657, -78.70802), (42.97643, -78.70842), (42.97644, -78.70754)]
(43, 4)[(42.92247, -78.75388), (42.93037, -78.75414), (42.93073, -78.76127), (42.93587, -78.76601), (42.94488, -78.76612), (42.9489, -78.76281), (42.95396, -78.76595), (42.96363, -78.76709), (42.96752, -78.76899), (42.97824, -78.7826), (42.98437, -78.79335), (42.99259, -78.80143), (43.00202, -78.81395), (43.00392, -78.81929), (43.00419, -78.82561), (43.00141, -78.83605), (43.00062, -78.85131), (42.99602, -78.86271), (42.99558, -78.87578), (42.9965, -78.8772), (42.99694, -78.87496), (42.99391, -78.87426), (42.9948, -78.87124)]
(43, 5)[(42.92247, -78.75388), (42.93037, -78.75414), (42.93073, -78.76127), (42.93587, -78.76601), (42.94488, -78.76612), (42.9489, -78.76281), (42.95396, -78.76595), (42.96363, -78.76709), (42.96752, -78.76899), (42.97824, -78.7826), (42.98437, -78.79335), (42.99259, -78.80143), (43.00296, -78.81592), (43.00428, -78.82445), (43.00141, -78.83605), (43.00064, -78.85326), (43.01166, -78.86295), (43.03027, -78.8606), (43.02998, -78.8576)]
(43, 6)[(42.92247, -78.75388), (42.92246, -78.75415), (42.93498, -78.75415), (42.93498, -78.75532), (42.93615, -78.75538)]
(43, 7)[(42.92247, -78.75388), (42.92246, -78.75415), (42.92202, -78.75412), (42.92189, -78.75639), (42.92169, -78.75707), (42.91908, -78.76199), (42.91886, -78.76271), (42.91885, -78.7704), (42.91968, -78.7704), (42.91969, -78.76935), (42.92029, -78.76935), (42.92029, -78.76874)]
(43, 8)[(42.92247, -78.75388), (42.92246, -78.75415), (42.93037, -78.75414), (42.93035, -78.76007), (42.93073, -78.76127), (42.93212, -78.76351), (42.93252, -78.76498), (42.93331, -78.78413), (42.94447, -78.78413), (42.945, -78.78389), (42.9449, -78.79271), (42.94406, -78.79271), (42.94403, -78.7922)]
(43, 9)[(42.92247, -78.75388), (42.93037, -78.75414), (42.93073, -78.76127), (42.93587, -78.76601), (42.94488, -78.76612), (42.9489, -78.76281), (42.95396, -78.76595), (42.96664, -78.76835), (42.97824, -78.7826), (42.98573, -78.7951), (42.9965, -78.80518), (43.00195, -78.80282), (43.01263, -78.80212), (43.01746, -78.79922), (43.01881, -78.79668), (43.01762, -78.7965), (43.01748, -78.79899), (43.0195, -78.799), (43.01911, -78.80108), (43.01729, -78.80046), (43.01076, -78.80336), (43.0018, -78.80407), (42.99932, -78.80649), (42.99928, -78.8097)]
(43, 10)[(42.92247, -78.75388), (42.95904, -78.75482), (42.96511, -78.75615), (42.96821, -78.7593), (42.97286, -78.76184), (42.9778, -78.76758), (42.98031, -78.76911), (42.98204, -78.76529), (42.98539, -78.76365), (42.98958, -78.7602), (42.99111, -78.75978), (42.99106, -78.75), (42.99585, -78.74986)]
(43, 11)[(42.92247, -78.75388), (42.92246, -78.75415), (42.93037, -78.75414), (42.93035, -78.76007), (42.93073, -78.76127), (42.93212, -78.76351), (42.93252, -78.76498), (42.93331, -78.78413), (42.94447, -78.78413), (42.94495, -78.78386), (42.94511, -78.78413), (42.94492, -78.7847), (42.94498, -78.78801)]
(43, 12)[(42.92247, -78.75388), (42.92707, -78.75414), (42.93502, -78.71406), (42.93697, -78.71039), (42.93794, -78.69693), (43.03339, -78.69695), (43.03428, -78.70265), (43.03451, -78.72452), (43.03831, -78.72456)]
(43, 13)[(42.92247, -78.75388), (42.92246, -78.75415), (42.93982, -78.75421), (42.94959, -78.75461), (42.94964, -78.77353), (42.95032, -78.77319), (42.95055, -78.77239), (42.95143, -78.77239), (42.95154, -78.77145), (42.95208, -78.77119)]
(43, 14)[(42.92247, -78.75388), (42.92246, -78.75415), (42.94148, -78.75425), (42.94145, -78.75641), (42.94088, -78.7568), (42.94027, -78.7567), (42.94002, -78.75686), (42.9399, -78.75724), (42.93988, -78.75844)]
(43, 15)[(42.92247, -78.75388), (42.95904, -78.75482), (42.96511, -78.75615), (42.96821, -78.7593), (42.97286, -78.76184), (42.9778, -78.76758), (42.98031, -78.76911), (42.98204, -78.76529), (42.98539, -78.76365), (42.98958, -78.7602), (42.99111, -78.75978), (42.99108, -78.74572), (42.99354, -78.74432)]
(43, 16)[(42.92247, -78.75388), (42.92246, -78.75415), (42.91885, -78.75418), (42.91877, -78.73756), (42.91272, -78.73296), (42.90873, -78.72915), (42.90513, -78.72808), (42.90517, -78.72616), (42.90414, -78.72229), (42.90441, -78.71476), (42.90183, -78.70848), (42.90159, -78.70731), (42.9019, -78.69691), (42.90146, -78.68424), (42.90104, -78.68177), (42.89291, -78.68186), (42.89263, -78.6721)]
(43, 17)[(42.92247, -78.75388), (42.92246, -78.75415), (42.92707, -78.75414), (42.93439, -78.71726), (42.93508, -78.71754), (42.94093, -78.71763), (42.94286, -78.70753)]
(43, 18)[(42.92247, -78.75388), (42.93037, -78.75414), (42.93073, -78.76127), (42.93587, -78.76601), (42.94488, -78.76612), (42.9489, -78.76281), (42.95396, -78.76595), (42.96664, -78.76835), (42.97824, -78.7826), (42.98251, -78.79003), (42.98559, -78.79267), (42.98867, -78.79054), (42.98972, -78.79246), (42.99587, -78.79071), (42.99691, -78.79457), (43.00314, -78.79323)]
(43, 19)[(42.92247, -78.75388), (42.92707, -78.75414), (42.93502, -78.71406), (42.93697, -78.71039), (42.9369, -78.7033), (42.93794, -78.69693), (43.00224, -78.69692), (43.00241, -78.69599)]
(43, 20)[(42.92247, -78.75388), (42.92246, -78.75415), (42.92707, -78.75414), (42.93439, -78.71726), (42.93386, -78.71678), (42.93362, -78.71546), (42.93292, -78.71492), (42.92793, -78.71488), (42.92819, -78.7126), (42.92786, -78.71036), (42.92723, -78.70983), (42.92636, -78.7098), (42.92512, -78.70914), (42.92472, -78.7085), (42.92367, -78.70853), (42.9235, -78.70826), (42.92347, -78.70774), (42.9253, -78.70674)]
(43, 21)[(42.92247, -78.75388), (42.93037, -78.75414), (42.93035, -78.76007), (42.93245, -78.76452), (42.93306, -78.77511), (42.93273, -78.79279), (42.9332, -78.79844), (42.93317, -78.81129), (42.93016, -78.82049), (42.92964, -78.83189), (42.92745, -78.8376), (42.92278, -78.84327), (42.91379, -78.84368), (42.91395, -78.865), (42.90888, -78.86677), (42.9089, -78.86891), (42.91031, -78.86845)]
(43, 22)[(42.92247, -78.75388), (42.92246, -78.75415), (42.93982, -78.75421), (42.94959, -78.75461), (42.94963, -78.73929), (42.95022, -78.73788), (42.95128, -78.73702), (42.95548, -78.73801), (42.95608, -78.73779), (42.95674, -78.7352), (42.9567, -78.72818), (42.95556, -78.72831), (42.95557, -78.72908)]
(43, 23)[(42.92247, -78.75388), (42.92246, -78.75415), (42.92707, -78.75414), (42.93415, -78.71797), (42.93439, -78.71726), (42.93386, -78.71678), (42.93362, -78.71546), (42.93292, -78.71492), (42.92793, -78.71488), (42.92793, -78.7144), (42.92821, -78.71457), (42.92926, -78.71461), (42.93035, -78.71452), (42.93095, -78.71428), (42.93154, -78.71436), (42.93179, -78.71421), (42.932, -78.71462), (42.93409, -78.71439), (42.93437, -78.71423), (42.93476, -78.71296), (42.93353, -78.71226), (42.93369, -78.71184)]
(43, 24)[(42.92247, -78.75388), (42.94849, -78.75438), (42.95904, -78.75482), (42.96105, -78.75549), (42.96611, -78.72469), (42.99756, -78.72497)]
(43, 25)[(42.92247, -78.75388), (42.92246, -78.75415), (42.91885, -78.75418), (42.91877, -78.73756), (42.91272, -78.73296), (42.91109, -78.73141), (42.91091, -78.73173), (42.91023, -78.73114)]
(43, 26)[(42.92247, -78.75388), (42.92246, -78.75415), (42.93037, -78.75414), (42.93025, -78.75737), (42.93035, -78.76007), (42.93073, -78.76127), (42.93197, -78.76324), (42.93232, -78.76406), (42.93256, -78.76532), (42.93256, -78.76747), (42.93266, -78.76801), (42.9328, -78.76831), (42.93311, -78.76851), (42.93432, -78.76853), (42.9347, -78.76826), (42.93483, -78.76766), (42.93451, -78.76694), (42.93378, -78.76652), (42.93298, -78.76643)]
(43, 27)[(42.92247, -78.75388), (42.93037, -78.75414), (42.93073, -78.76127), (42.93587, -78.76601), (42.94488, -78.76612), (42.9489, -78.76281), (42.95396, -78.76595), (42.96433, -78.76727), (42.96832, -78.76976), (42.97824, -78.7826), (42.98437, -78.79335), (42.99259, -78.80143), (43.00296, -78.81592), (43.00428, -78.82445), (43.00141, -78.83605), (43.00064, -78.85326), (43.01166, -78.86295), (43.015, -78.86223), (43.01464, -78.8538)]
(43, 28)[(42.92247, -78.75388), (42.92707, -78.75414), (42.93502, -78.71406), (42.93697, -78.71039), (42.9369, -78.7033), (42.93794, -78.69693), (42.97615, -78.69677), (42.97645, -78.69445), (42.97825, -78.69401), (42.97819, -78.6789)]
(43, 29)[(42.92247, -78.75388), (42.93037, -78.75414), (42.93073, -78.76127), (42.93587, -78.76601), (42.94488, -78.76612), (42.9489, -78.76281), (42.95396, -78.76595), (42.96664, -78.76835), (42.97824, -78.7826), (42.98573, -78.7951), (42.99672, -78.80527), (43.00195, -78.80282), (43.01175, -78.80239), (43.01685, -78.79975), (43.02262, -78.79232), (43.02509, -78.78222), (43.02624, -78.78264), (43.02149, -78.79513)]
(43, 30)[(42.92247, -78.75388), (42.93037, -78.75414), (42.93073, -78.76127), (42.93587, -78.76601), (42.94488, -78.76612), (42.9489, -78.76281), (42.95396, -78.76595), (42.96664, -78.76835), (42.97824, -78.7826), (42.98573, -78.7951), (42.99223, -78.80102), (43.00102, -78.81241), (43.00535, -78.82024), (43.00545, -78.82236), (43.03606, -78.82314), (43.03593, -78.83443)]
(43, 31)[(42.92247, -78.75388), (42.96105, -78.75549), (42.96611, -78.72469), (43.01393, -78.72517)]
(43, 32)[(42.92247, -78.75388), (42.92246, -78.75415), (42.91885, -78.75418), (42.91877, -78.73756), (42.91272, -78.73296), (42.90965, -78.73003), (42.90881, -78.72279), (42.90876, -78.71709), (42.91578, -78.67212), (42.91162, -78.67213), (42.90877, -78.67163), (42.9088, -78.6712)]
(43, 33)[(42.92247, -78.75388), (42.8852, -78.7546), (42.87805, -78.75319), (42.85454, -78.75466), (42.80391, -78.75175), (42.80445, -78.75697)]
(43, 34)[(42.92247, -78.75388), (42.8852, -78.7546), (42.87805, -78.75319), (42.85454, -78.75466), (42.82036, -78.75277), (42.82041, -78.77131), (42.81861, -78.76954), (42.81868, -78.77977), (42.81575, -78.77858)]
(43, 35)[(42.92247, -78.75388), (42.90721, -78.75439), (42.90746, -78.7571), (42.90903, -78.76231), (42.90928, -78.76903), (42.91089, -78.76933), (42.91145, -78.76772), (42.91007, -78.76676), (42.88641, -78.76777), (42.8827, -78.76902), (42.87941, -78.7733), (42.87627, -78.78589), (42.87389, -78.78914)]
(43, 36)[(42.92247, -78.75388), (42.83949, -78.75407), (42.83936, -78.7382), (42.83249, -78.73871)]
(43, 37)[(42.92247, -78.75388), (42.8852, -78.7546), (42.87805, -78.75319), (42.85454, -78.75466), (42.81129, -78.75185), (42.8117, -78.72614)]
(43, 38)[(42.92247, -78.75388), (42.8852, -78.7546), (42.87805, -78.75319), (42.87031, -78.75414), (42.85517, -78.75465), (42.85592, -78.74814), (42.85498, -78.74768)]
(43, 39)[(42.92247, -78.75388), (42.90721, -78.75439), (42.90903, -78.76231), (42.90928, -78.76903), (42.91089, -78.76933), (42.91145, -78.76772), (42.91007, -78.76676), (42.88641, -78.76777), (42.8827, -78.76902), (42.87941, -78.7733), (42.87612, -78.78625), (42.87325, -78.78953), (42.8657, -78.79191), (42.85798, -78.79212), (42.85146, -78.79027), (42.84427, -78.79285), (42.82836, -78.79308), (42.82833, -78.81322), (42.82583, -78.824), (42.8114, -78.82395), (42.81147, -78.82938), (42.81308, -78.82939)]
(43, 40)[(42.92247, -78.75388), (42.8852, -78.7546), (42.87805, -78.75319), (42.86963, -78.75418), (42.85118, -78.75454), (42.85108, -78.74459)]
(44, 0)[(42.97483, -78.85841), (42.98099, -78.8586), (42.98098, -78.88539), (42.96093, -78.88887), (42.96158, -78.894), (42.95996, -78.89425), (42.95379, -78.89998), (42.95341, -78.89921)]
(44, 1)[(42.97483, -78.85841), (42.98079, -78.8586), (42.98071, -78.82304), (42.97937, -78.79902), (42.98302, -78.79541), (42.98229, -78.79051), (42.97815, -78.7829), (42.9673, -78.76914), (42.96353, -78.76733), (42.95187, -78.76609), (42.95019, -78.76464), (42.94987, -78.76175), (42.95146, -78.75889), (42.95198, -78.7546), (42.95191, -78.74358), (42.95062, -78.73236), (42.95067, -78.70763), (42.95016, -78.70496), (42.94836, -78.70334), (42.9478, -78.70201), (42.94705, -78.69956), (42.94701, -78.69694), (42.92579, -78.69692), (42.92576, -78.69509), (42.92469, -78.6949), (42.92348, -78.69281), (42.9209, -78.69264)]
(44, 2)[(42.97483, -78.85841), (42.98079, -78.8586), (42.98078, -78.82746), (42.98021, -78.81392), (42.98504, -78.81382), (42.98603, -78.81428), (42.98731, -78.81023)]
(44, 3)[(42.97483, -78.85841), (42.98079, -78.8586), (42.9807, -78.82283), (42.9782, -78.7767), (42.97802, -78.76004), (42.97867, -78.75367), (42.97844, -78.72908), (42.97769, -78.72286), (42.97797, -78.70859), (42.97643, -78.70842), (42.97644, -78.70754)]
(44, 4)[(42.97483, -78.85841), (42.98099, -78.8586), (42.98097, -78.87238), (42.99391, -78.87426), (42.99393, -78.87334), (42.99477, -78.87337), (42.9948, -78.87124)]
(44, 5)[(42.97483, -78.85841), (42.98555, -78.85858), (42.9866, -78.85722), (42.98663, -78.85381), (42.98713, -78.8528), (42.99542, -78.85266), (42.99837, -78.85202), (43.0017, -78.85399), (43.00992, -78.8622), (43.01166, -78.86295), (43.02069, -78.86098), (43.03027, -78.8606), (43.03031, -78.8576), (43.02998, -78.8576)]
(44, 6)[(42.97483, -78.85841), (42.98079, -78.8586), (42.9807, -78.82283), (42.97843, -78.78222), (42.97811, -78.76787), (42.97286, -78.76184), (42.96821, -78.7593), (42.96511, -78.75615), (42.95904, -78.75482), (42.93498, -78.75415), (42.93498, -78.75532), (42.93615, -78.75538)]
(44, 7)[(42.97483, -78.85841), (42.97439, -78.85839), (42.97425, -78.8558), (42.96291, -78.84104), (42.95818, -78.83188), (42.95568, -78.82963), (42.95486, -78.82779), (42.95281, -78.82947), (42.95145, -78.82559), (42.94913, -78.82133), (42.94889, -78.80343), (42.94232, -78.80336), (42.93806, -78.79903), (42.93279, -78.799), (42.93268, -78.78413), (42.91891, -78.78428), (42.91885, -78.7704), (42.91968, -78.7704), (42.91969, -78.76935), (42.92029, -78.76935), (42.92029, -78.76874)]
(44, 8)[(42.97483, -78.85841), (42.97439, -78.85839), (42.97425, -78.8558), (42.97205, -78.85238), (42.96879, -78.84877), (42.96291, -78.84104), (42.9614, -78.83862), (42.95818, -78.83188), (42.95568, -78.82963), (42.95486, -78.82779), (42.95281, -78.82947), (42.95158, -78.82679), (42.95145, -78.82559), (42.94913, -78.82133), (42.9489, -78.79819), (42.94752, -78.79797), (42.94425, -78.79557), (42.94482, -78.79407), (42.9449, -78.79271), (42.94406, -78.79271), (42.94403, -78.7922)]
(44, 9)[(42.97483, -78.85841), (42.98079, -78.8586), (42.9807, -78.82283), (42.9909, -78.82245), (42.99073, -78.8042), (42.99514, -78.80162), (42.99784, -78.79903), (43.0, -78.79862), (42.99993, -78.79662), (43.0033, -78.79637), (43.00417, -78.7959), (43.00494, -78.79442), (43.00542, -78.79083), (43.00552, -78.79228), (43.00513, -78.79626), (43.00799, -78.80128), (43.00819, -78.80212), (43.00807, -78.80303), (43.00762, -78.80381), (43.007, -78.80416), (43.00297, -78.80379), (43.00086, -78.80462), (42.99974, -78.80581), (42.99915, -78.80689), (42.99896, -78.80834), (42.99928, -78.8097)]
(44, 10)[(42.97483, -78.85841), (42.98079, -78.8586), (42.98071, -78.82304), (42.97937, -78.79902), (42.99127, -78.78778), (42.99149, -78.77062), (42.99106, -78.75), (42.99585, -78.74986)]
(44, 11)[(42.97483, -78.85841), (42.97439, -78.85839), (42.97425, -78.8558), (42.97205, -78.85238), (42.96879, -78.84877), (42.96291, -78.84104), (42.9614, -78.83862), (42.95818, -78.83188), (42.95568, -78.82963), (42.95486, -78.82779), (42.95281, -78.82947), (42.95158, -78.82679), (42.95145, -78.82559), (42.94921, -78.82167), (42.9489, -78.79819), (42.94752, -78.79797), (42.94425, -78.79557), (42.94488, -78.79368), (42.94498, -78.78801)]
(44, 12)[(42.97483, -78.85841), (42.98555, -78.85858), (42.9866, -78.85722), (42.98663, -78.85381), (42.98713, -78.8528), (42.99542, -78.85266), (42.9999, -78.85172), (43.00089, -78.84866), (43.00121, -78.83606), (43.00384, -78.82651), (43.00405, -78.82204), (43.00268, -78.81598), (43.00146, -78.81358), (42.99786, -78.80947), (42.9976, -78.80664), (42.99933, -78.80417), (43.00157, -78.80289), (43.00969, -78.80279), (43.01521, -78.80089), (43.01926, -78.79738), (43.02262, -78.79232), (43.02441, -78.78759), (43.02537, -78.78265), (43.02552, -78.76759), (43.02607, -78.76496), (43.02836, -78.76171), (43.0348, -78.75907), (43.03451, -78.72452), (43.03831, -78.72456)]
(44, 13)[(42.97483, -78.85841), (42.98079, -78.8586), (42.98071, -78.82304), (42.97937, -78.79902), (42.98302, -78.79541), (42.98229, -78.79051), (42.97711, -78.78146), (42.96872, -78.77053), (42.96641, -78.76853), (42.96425, -78.76751), (42.96165, -78.76896), (42.95906, -78.76806), (42.95691, -78.76986), (42.95565, -78.7722), (42.95482, -78.77147), (42.9553, -78.77044), (42.95474, -78.77006), (42.95353, -78.77113), (42.95208, -78.77119)]
(44, 14)[(42.97483, -78.85841), (42.98079, -78.8586), (42.9807, -78.82283), (42.97843, -78.78222), (42.97811, -78.76787), (42.97286, -78.76184), (42.96821, -78.7593), (42.96495, -78.75611), (42.95904, -78.75482), (42.94148, -78.75425), (42.94145, -78.75641), (42.94002, -78.75686), (42.93988, -78.75844)]
(44, 15)[(42.97483, -78.85841), (42.98079, -78.8586), (42.98071, -78.82304), (42.97937, -78.79902), (42.99127, -78.78778), (42.99108, -78.74572), (42.99354, -78.74432)]
(44, 16)[(42.97483, -78.85841), (42.98079, -78.8586), (42.98071, -78.82304), (42.97937, -78.79902), (42.98305, -78.79473), (42.98209, -78.78995), (42.97887, -78.78401), (42.96777, -78.76956), (42.96425, -78.76751), (42.95187, -78.76609), (42.95019, -78.76464), (42.94987, -78.76175), (42.95146, -78.75889), (42.95198, -78.7546), (42.95062, -78.73236), (42.95067, -78.70763), (42.95016, -78.70496), (42.9478, -78.70201), (42.94701, -78.69694), (42.90383, -78.69691), (42.90383, -78.69143), (42.90153, -78.68747), (42.89262, -78.68759), (42.89263, -78.6721)]
(44, 17)[(42.97483, -78.85841), (42.98079, -78.8586), (42.98071, -78.82304), (42.97937, -78.79902), (42.98302, -78.79541), (42.98234, -78.79071), (42.97815, -78.7829), (42.9673, -78.76914), (42.96353, -78.76733), (42.95187, -78.76609), (42.95019, -78.76464), (42.94987, -78.76175), (42.95146, -78.75889), (42.95198, -78.7546), (42.95191, -78.74358), (42.95062, -78.73236), (42.95067, -78.70763), (42.95016, -78.70496), (42.94836, -78.70334), (42.9478, -78.70201), (42.94705, -78.69956), (42.94701, -78.69694), (42.94481, -78.69694), (42.94286, -78.70753)]
(44, 18)[(42.97483, -78.85841), (42.98079, -78.8586), (42.9807, -78.82283), (42.9909, -78.82245), (42.99073, -78.8042), (42.99514, -78.80162), (42.99784, -78.79903), (43.0, -78.79862), (42.99994, -78.79416), (43.00086, -78.79415), (43.00166, -78.79346), (43.00314, -78.79323)]
(44, 19)[(42.97483, -78.85841), (42.98079, -78.8586), (42.98071, -78.82304), (42.97937, -78.79902), (42.99127, -78.78778), (42.99108, -78.72), (42.98937, -78.70346), (42.9893, -78.69695), (43.00224, -78.69692), (43.00241, -78.69599)]
(44, 20)[(42.97483, -78.85841), (42.98079, -78.8586), (42.98071, -78.82304), (42.97937, -78.79902), (42.98302, -78.79541), (42.98229, -78.79051), (42.97711, -78.78146), (42.96872, -78.77053), (42.9648, -78.76768), (42.95816, -78.76651), (42.94772, -78.76587), (42.9436, -78.76652), (42.93204, -78.76643), (42.93105, -78.76715), (42.93102, -78.76821), (42.93234, -78.76811), (42.93244, -78.76519), (42.93012, -78.75996), (42.93002, -78.74696), (42.92829, -78.74111), (42.93012, -78.73848), (42.93439, -78.71726), (42.93292, -78.71492), (42.92793, -78.71488), (42.92786, -78.71036), (42.9235, -78.70826), (42.92347, -78.70774), (42.9253, -78.70674)]
(44, 21)[(42.97483, -78.85841), (42.94812, -78.85904), (42.94123, -78.85564), (42.94047, -78.86027), (42.9395, -78.8604), (42.93534, -78.86626), (42.93199, -78.86529), (42.92922, -78.86601), (42.92781, -78.8677), (42.9222, -78.86737), (42.90891, -78.87108), (42.9089, -78.86891), (42.91031, -78.86845)]
(44, 22)[(42.97483, -78.85841), (42.98079, -78.8586), (42.9807, -78.82283), (42.97843, -78.78222), (42.97811, -78.76787), (42.97286, -78.76184), (42.96821, -78.7593), (42.96561, -78.75638), (42.96105, -78.75549), (42.96395, -78.73803), (42.95604, -78.73817), (42.95674, -78.7352), (42.9567, -78.72818), (42.95556, -78.72831), (42.95557, -78.72908)]
(44, 23)[(42.97483, -78.85841), (42.98079, -78.8586), (42.98071, -78.82304), (42.97937, -78.79902), (42.98302, -78.79541), (42.98229, -78.79051), (42.97711, -78.78146), (42.96872, -78.77053), (42.9648, -78.76768), (42.95816, -78.76651), (42.94772, -78.76587), (42.9436, -78.76652), (42.93204, -78.76643), (42.93105, -78.76715), (42.93102, -78.76821), (42.93234, -78.76811), (42.93244, -78.76519), (42.93012, -78.75996), (42.93002, -78.74696), (42.92829, -78.74111), (42.93012, -78.73848), (42.93439, -78.71726), (42.93292, -78.71492), (42.92793, -78.71488), (42.92793, -78.7144), (42.93409, -78.71439), (42.93476, -78.71296), (42.93353, -78.71226), (42.93369, -78.71184)]
(44, 24)[(42.97483, -78.85841), (42.98079, -78.8586), (42.98071, -78.82304), (42.97937, -78.79902), (42.99127, -78.78778), (42.99109, -78.72473), (42.99756, -78.72497)]
(44, 25)[(42.97483, -78.85841), (42.98079, -78.8586), (42.98071, -78.82304), (42.97937, -78.79902), (42.98302, -78.79541), (42.98209, -78.78995), (42.97815, -78.7829), (42.96928, -78.77125), (42.9673, -78.76914), (42.9648, -78.76768), (42.95816, -78.76651), (42.94772, -78.76587), (42.9436, -78.76652), (42.93204, -78.76643), (42.93098, -78.76729), (42.93116, -78.76838), (42.93234, -78.76811), (42.93244, -78.76519), (42.93012, -78.75996), (42.93002, -78.74696), (42.92857, -78.74242), (42.92776, -78.74184), (42.92718, -78.74294), (42.92426, -78.74168), (42.91023, -78.73114)]
(44, 26)[(42.97483, -78.85841), (42.98079, -78.8586), (42.98071, -78.82304), (42.97937, -78.79902), (42.98302, -78.79541), (42.98209, -78.78995), (42.97815, -78.7829), (42.96928, -78.77125), (42.9673, -78.76914), (42.9648, -78.76768), (42.95816, -78.76651), (42.94772, -78.76587), (42.9436, -78.76652), (42.93298, -78.76643)]
(44, 27)[(42.97483, -78.85841), (42.98555, -78.85858), (42.9863, -78.85799), (42.9866, -78.85722), (42.98663, -78.85381), (42.98713, -78.8528), (42.99542, -78.85266), (42.99837, -78.85202), (43.0017, -78.85399), (43.01032, -78.86255), (43.01268, -78.86289), (43.015, -78.86223), (43.01464, -78.8538)]
(44, 28)[(42.97483, -78.85841), (42.98079, -78.8586), (42.9807, -78.82283), (42.9782, -78.7767), (42.97819, -78.6789)]
(44, 29)[(42.97483, -78.85841), (42.98555, -78.85858), (42.9866, -78.85722), (42.98663, -78.85381), (42.98713, -78.8528), (42.99977, -78.85194), (43.00089, -78.84866), (43.00121, -78.83606), (43.00384, -78.82651), (43.00405, -78.82204), (43.00352, -78.81855), (43.00227, -78.81506), (42.99769, -78.80909), (42.99769, -78.80638), (42.99946, -78.80405), (43.00157, -78.80289), (43.01076, -78.80262), (43.01417, -78.80148), (43.01685, -78.79975), (43.01987, -78.79667), (43.02262, -78.79232), (43.02441, -78.78759), (43.02509, -78.78222), (43.02624, -78.78264), (43.02373, -78.79073), (43.02149, -78.79513)]
(44, 30)[(42.97483, -78.85841), (42.98555, -78.85858), (42.9866, -78.85722), (42.98663, -78.85381), (42.98713, -78.8528), (42.99542, -78.85266), (42.99837, -78.85202), (43.0017, -78.85399), (43.01086, -78.86279), (43.01326, -78.86281), (43.02069, -78.86098), (43.02718, -78.86077), (43.03059, -78.86082), (43.03546, -78.86209), (43.03593, -78.83443)]
(44, 31)[(42.97483, -78.85841), (42.98079, -78.8586), (42.98071, -78.82304), (42.97937, -78.79902), (42.99127, -78.78778), (42.99109, -78.72473), (43.01393, -78.72517)]
(44, 32)[(42.97483, -78.85841), (42.98079, -78.8586), (42.98071, -78.82304), (42.97937, -78.79902), (42.98302, -78.79541), (42.98229, -78.79051), (42.97815, -78.7829), (42.9673, -78.76914), (42.96353, -78.76733), (42.95187, -78.76609), (42.95019, -78.76464), (42.94987, -78.76175), (42.95146, -78.75889), (42.95198, -78.7546), (42.95062, -78.73236), (42.95067, -78.70763), (42.95016, -78.70496), (42.9478, -78.70201), (42.94701, -78.69694), (42.93426, -78.69693), (42.93262, -78.68354), (42.93326, -78.67722), (42.93058, -78.67627), (42.92771, -78.67263), (42.9088, -78.6712)]
(44, 33)[(42.97483, -78.85841), (42.98079, -78.8586), (42.97937, -78.79902), (42.98308, -78.79497), (42.97887, -78.78401), (42.96641, -78.76853), (42.94772, -78.76587), (42.88558, -78.76785), (42.87978, -78.77253), (42.8737, -78.78929), (42.85103, -78.7928), (42.84399, -78.77182), (42.84186, -78.75419), (42.80391, -78.75175), (42.80445, -78.75697)]
(44, 34)[(42.97483, -78.85841), (42.98079, -78.8586), (42.97937, -78.79902), (42.98308, -78.79497), (42.97815, -78.7829), (42.9648, -78.76768), (42.94772, -78.76587), (42.88488, -78.76801), (42.87978, -78.77253), (42.87484, -78.78826), (42.8657, -78.79191), (42.85071, -78.79029), (42.83791, -78.79318), (42.82643, -78.79133), (42.82618, -78.79328), (42.82813, -78.79229), (42.82882, -78.78308), (42.81873, -78.78408), (42.81868, -78.77977), (42.81575, -78.77858)]
(44, 35)[(42.97483, -78.85841), (42.98079, -78.8586), (42.98071, -78.82304), (42.97937, -78.79902), (42.98308, -78.79497), (42.98209, -78.78995), (42.97887, -78.78401), (42.9673, -78.76914), (42.96353, -78.76733), (42.94772, -78.76587), (42.88558, -78.76785), (42.88225, -78.76937), (42.87978, -78.77253), (42.87627, -78.78589), (42.87389, -78.78914)]
(44, 36)[(42.97483, -78.85841), (42.98079, -78.8586), (42.98071, -78.82304), (42.97937, -78.79902), (42.98308, -78.79497), (42.98209, -78.78995), (42.97887, -78.78401), (42.9673, -78.76914), (42.96353, -78.76733), (42.94772, -78.76587), (42.88558, -78.76785), (42.88225, -78.76937), (42.87978, -78.77253), (42.87627, -78.78589), (42.8737, -78.78929), (42.8657, -78.79191), (42.85383, -78.79099), (42.85085, -78.79277), (42.84994, -78.79169), (42.84906, -78.78363), (42.84399, -78.77182), (42.8432, -78.75804), (42.84186, -78.75419), (42.83949, -78.75407), (42.83936, -78.7382), (42.83249, -78.73871)]
(44, 37)[(42.97483, -78.85841), (42.98079, -78.8586), (42.97937, -78.79902), (42.98308, -78.79497), (42.97887, -78.78401), (42.9673, -78.76914), (42.94772, -78.76587), (42.88558, -78.76785), (42.87978, -78.77253), (42.8737, -78.78929), (42.85085, -78.79277), (42.84399, -78.77182), (42.84186, -78.75419), (42.81129, -78.75185), (42.8117, -78.72614)]
(44, 38)[(42.97483, -78.85841), (42.98079, -78.8586), (42.98071, -78.82304), (42.97937, -78.79902), (42.98308, -78.79497), (42.98209, -78.78995), (42.97887, -78.78401), (42.96777, -78.76956), (42.96353, -78.76733), (42.94772, -78.76587), (42.89289, -78.76746), (42.88402, -78.7689), (42.88376, -78.75859), (42.88474, -78.75453), (42.87805, -78.75319), (42.85517, -78.75465), (42.85592, -78.74814), (42.85498, -78.74768)]
(44, 39)[(42.97483, -78.85841), (42.98099, -78.8586), (42.98062, -78.90222), (42.96586, -78.92247), (42.95444, -78.91056), (42.9436, -78.90807), (42.92888, -78.89887), (42.91394, -78.90161), (42.90101, -78.89988), (42.87942, -78.87927), (42.86946, -78.87875), (42.85227, -78.86365), (42.82774, -78.85092), (42.82583, -78.824), (42.8114, -78.82395), (42.81147, -78.82938), (42.81308, -78.82939)]
(44, 40)[(42.97483, -78.85841), (42.98079, -78.8586), (42.98071, -78.82304), (42.97937, -78.79902), (42.98308, -78.79497), (42.98209, -78.78995), (42.97887, -78.78401), (42.96777, -78.76956), (42.96353, -78.76733), (42.94772, -78.76587), (42.89289, -78.76746), (42.88402, -78.7689), (42.88376, -78.75859), (42.88474, -78.75453), (42.87805, -78.75319), (42.85118, -78.75454), (42.85108, -78.74459)]
(45, 0)[(43.01874, -78.82288), (43.01874, -78.82223), (43.00472, -78.82273), (43.00426, -78.82601), (43.00141, -78.83605), (43.00094, -78.84986), (42.99993, -78.85333), (42.99686, -78.85942), (42.99602, -78.86271), (42.99558, -78.87578), (42.99596, -78.87711), (42.99669, -78.87706), (42.99702, -78.87516), (42.99632, -78.87463), (42.98097, -78.87238), (42.98098, -78.88539), (42.96093, -78.88887), (42.96158, -78.894), (42.95996, -78.89425), (42.95379, -78.89998), (42.95341, -78.89921)]
(45, 1)[(43.01874, -78.82288), (43.00331, -78.82247), (43.00315, -78.82432), (43.00402, -78.82361), (43.0039, -78.82056), (43.00137, -78.81337), (42.99179, -78.8009), (42.98448, -78.79394), (42.97815, -78.7829), (42.96872, -78.77053), (42.96425, -78.76751), (42.95055, -78.76524), (42.94987, -78.76175), (42.95146, -78.75889), (42.95198, -78.7546), (42.95062, -78.73236), (42.95067, -78.70763), (42.95016, -78.70496), (42.9478, -78.70201), (42.94701, -78.69694), (42.92579, -78.69692), (42.92576, -78.69509), (42.92348, -78.69281), (42.9209, -78.69264)]
(45, 2)[(43.01874, -78.82288), (43.01874, -78.82223), (42.99091, -78.82268), (42.99087, -78.81465), (42.98741, -78.81473), (42.98603, -78.81428), (42.98731, -78.81023)]
(45, 3)[(43.01874, -78.82288), (43.01874, -78.82223), (43.00331, -78.82247), (43.00288, -78.82291), (43.00308, -78.82426), (43.00402, -78.82361), (43.00371, -78.81938), (43.00127, -78.81321), (42.99179, -78.8009), (42.98448, -78.79394), (42.97815, -78.7829), (42.9768, -78.78209), (42.97645, -78.78387), (42.97852, -78.78381), (42.97802, -78.76004), (42.97867, -78.75367), (42.97844, -78.72908), (42.97769, -78.72286), (42.97797, -78.70859), (42.97643, -78.70842), (42.97644, -78.70754)]
(45, 4)[(43.01874, -78.82288), (43.01874, -78.82223), (43.00545, -78.82236), (43.00476, -78.82265), (43.00426, -78.82601), (43.00203, -78.83294), (43.00141, -78.83605), (43.00115, -78.83902), (43.00114, -78.8483), (43.00094, -78.84986), (42.99993, -78.85333), (42.99686, -78.85942), (42.99602, -78.86271), (42.99558, -78.87578), (42.99586, -78.87699), (42.9965, -78.8772), (42.99693, -78.87657), (42.99694, -78.87496), (42.99391, -78.87426), (42.99393, -78.87334), (42.99477, -78.87337), (42.9948, -78.87124)]
(45, 5)[(43.01874, -78.82288), (43.01878, -78.82656), (43.01965, -78.82816), (43.01818, -78.82988), (43.0149, -78.83596), (43.01266, -78.84287), (43.01241, -78.84604), (43.0117, -78.84921), (43.01146, -78.85616), (43.0115, -78.85893), (43.01172, -78.86126), (43.01067, -78.86179), (43.01056, -78.86241), (43.01086, -78.86279), (43.01186, -78.86296), (43.01362, -78.86275), (43.01593, -78.8619), (43.02069, -78.86098), (43.02511, -78.86111), (43.02718, -78.86077), (43.02955, -78.8608), (43.03027, -78.8606), (43.03031, -78.8576), (43.02998, -78.8576)]
(45, 6)[(43.01874, -78.82288), (43.00331, -78.82247), (43.00302, -78.82419), (43.00402, -78.82361), (43.0039, -78.82056), (43.00137, -78.81337), (42.99179, -78.8009), (42.98448, -78.79394), (42.97815, -78.7829), (42.96872, -78.77053), (42.96467, -78.76764), (42.95701, -78.76679), (42.95705, -78.76551), (42.95968, -78.76358), (42.96105, -78.75549), (42.93498, -78.75415), (42.93498, -78.75532), (42.93615, -78.75538)]
(45, 7)[(43.01874, -78.82288), (43.00331, -78.82247), (43.00308, -78.82426), (43.00402, -78.82361), (43.00371, -78.81938), (43.00127, -78.81321), (42.99179, -78.8009), (42.98483, -78.79439), (42.97815, -78.7829), (42.96641, -78.76853), (42.94772, -78.76587), (42.93204, -78.76643), (42.93098, -78.76729), (42.93136, -78.7685), (42.93238, -78.76798), (42.93244, -78.76519), (42.93022, -78.76045), (42.92993, -78.75412), (42.92707, -78.75414), (42.92455, -78.77021), (42.92029, -78.76874)]
(45, 8)[(43.01874, -78.82288), (43.01874, -78.82223), (43.00331, -78.82247), (43.00288, -78.82291), (43.00308, -78.82426), (43.00402, -78.82361), (43.0039, -78.82056), (43.00304, -78.81694), (43.00137, -78.81337), (42.99179, -78.8009), (42.98448, -78.79394), (42.97738, -78.78206), (42.97656, -78.78239), (42.97645, -78.78387), (42.94537, -78.78408), (42.94492, -78.7847), (42.9449, -78.79271), (42.94406, -78.79271), (42.94403, -78.7922)]
(45, 9)[(43.01874, -78.82288), (43.01874, -78.82223), (43.0243, -78.82199), (43.02407, -78.81959), (43.02243, -78.8117), (43.0212, -78.80821), (43.02037, -78.80794), (43.0199, -78.80688), (43.02052, -78.8035), (43.02, -78.80143), (43.02007, -78.79899), (43.0195, -78.799), (43.01946, -78.8005), (43.01884, -78.80122), (43.01729, -78.80046), (43.01296, -78.80267), (43.01076, -78.80336), (43.00888, -78.80371), (43.00291, -78.8038), (43.00146, -78.80423), (43.00022, -78.80518), (42.99921, -78.80674), (42.99896, -78.80834), (42.99928, -78.8097)]
(45, 10)[(43.01874, -78.82288), (43.01874, -78.82223), (42.99091, -78.82268), (42.99072, -78.80196), (42.99117, -78.79528), (42.99149, -78.77062), (42.99113, -78.76604), (42.99106, -78.75), (42.99585, -78.74986)]
(45, 11)[(43.01874, -78.82288), (43.01874, -78.82223), (43.00331, -78.82247), (43.00288, -78.82291), (43.00308, -78.82426), (43.00402, -78.82361), (43.0039, -78.82056), (43.00304, -78.81694), (43.00137, -78.81337), (42.99179, -78.8009), (42.98448, -78.79394), (42.97738, -78.78206), (42.97656, -78.78239), (42.97645, -78.78387), (42.94537, -78.78408), (42.94492, -78.7847), (42.94498, -78.78801)]
(45, 12)[(43.01874, -78.82288), (43.01874, -78.82223), (43.02429, -78.82216), (43.0243, -78.82169), (43.02243, -78.8117), (43.0212, -78.80821), (43.02037, -78.80794), (43.0199, -78.80688), (43.02052, -78.8035), (43.02007, -78.79899), (43.01738, -78.79899), (43.0174, -78.7968), (43.01791, -78.79607), (43.0203, -78.79571), (43.02129, -78.79468), (43.02441, -78.78759), (43.02544, -78.78202), (43.02552, -78.76759), (43.02635, -78.76424), (43.02887, -78.76139), (43.0348, -78.75907), (43.03451, -78.72452), (43.03831, -78.72456)]
(45, 13)[(43.01874, -78.82288), (43.01874, -78.82223), (43.00331, -78.82247), (43.00288, -78.82291), (43.00308, -78.82426), (43.00402, -78.82361), (43.00371, -78.81938), (43.00127, -78.81321), (42.99179, -78.8009), (42.98483, -78.79439), (42.97815, -78.7829), (42.9673, -78.76914), (42.96425, -78.76751), (42.96165, -78.76896), (42.95906, -78.76806), (42.95691, -78.76986), (42.95565, -78.7722), (42.95482, -78.77147), (42.9553, -78.77044), (42.95474, -78.77006), (42.95353, -78.77113), (42.95208, -78.77119)]
(45, 14)[(43.01874, -78.82288), (43.01874, -78.82223), (43.00331, -78.82247), (43.00288, -78.82291), (43.00302, -78.82419), (43.00357, -78.82439), (43.00402, -78.82361), (43.0039, -78.82056), (43.00304, -78.81694), (43.00137, -78.81337), (42.99179, -78.8009), (42.98448, -78.79394), (42.97815, -78.7829), (42.96872, -78.77053), (42.96467, -78.76764), (42.95701, -78.76679), (42.95705, -78.76551), (42.95968, -78.76358), (42.96105, -78.75549), (42.95904, -78.75482), (42.94148, -78.75425), (42.94145, -78.75641), (42.94002, -78.75686), (42.93988, -78.75844)]
(45, 15)[(43.01874, -78.82288), (43.01874, -78.82223), (42.99091, -78.82268), (42.99072, -78.80196), (42.99117, -78.79528), (42.99149, -78.77062), (42.99113, -78.76604), (42.99108, -78.74572), (42.99202, -78.74543), (42.99292, -78.74432), (42.99354, -78.74432)]
(45, 16)[(43.01874, -78.82288), (43.00331, -78.82247), (43.00315, -78.82432), (43.00402, -78.82361), (43.0039, -78.82056), (43.00137, -78.81337), (42.99179, -78.8009), (42.98448, -78.79394), (42.97815, -78.7829), (42.96872, -78.77053), (42.96425, -78.76751), (42.95037, -78.76498), (42.94987, -78.76175), (42.95146, -78.75889), (42.95198, -78.7546), (42.95062, -78.73236), (42.95067, -78.70763), (42.95016, -78.70496), (42.9478, -78.70201), (42.94701, -78.69694), (42.90383, -78.69691), (42.90383, -78.69143), (42.90153, -78.68747), (42.89262, -78.68759), (42.89263, -78.6721)]
(45, 17)[(43.01874, -78.82288), (43.01874, -78.82223), (43.00331, -78.82247), (43.00288, -78.82291), (43.00315, -78.82432), (43.00402, -78.82361), (43.0039, -78.82056), (43.00304, -78.81694), (43.00137, -78.81337), (42.99179, -78.8009), (42.98448, -78.79394), (42.97815, -78.7829), (42.96872, -78.77053), (42.96425, -78.76751), (42.95187, -78.76609), (42.95037, -78.76498), (42.94987, -78.76175), (42.95146, -78.75889), (42.95198, -78.7546), (42.95191, -78.74358), (42.95062, -78.73236), (42.95067, -78.70763), (42.95016, -78.70496), (42.94836, -78.70334), (42.9478, -78.70201), (42.94705, -78.69956), (42.94701, -78.69694), (42.94481, -78.69694), (42.94286, -78.70753)]
(45, 18)[(43.01874, -78.82288), (43.01874, -78.82223), (43.01243, -78.82228), (43.01242, -78.81706), (43.00996, -78.81681), (43.00696, -78.81543), (43.00641, -78.81494), (43.00497, -78.81302), (43.00471, -78.81233), (43.00458, -78.81148), (43.00461, -78.80476), (43.00429, -78.80265), (43.00429, -78.7988), (43.0, -78.7988), (42.99993, -78.79848), (42.99994, -78.79416), (43.00086, -78.79415), (43.00166, -78.79346), (43.00314, -78.79342), (43.00314, -78.79323)]
(45, 19)[(43.01874, -78.82288), (43.01874, -78.82223), (42.99091, -78.82268), (42.99072, -78.80196), (42.99149, -78.77062), (42.99103, -78.75794), (42.99108, -78.72), (42.98937, -78.70346), (42.9893, -78.69695), (43.00224, -78.69692), (43.00241, -78.69599)]
(45, 20)[(43.01874, -78.82288), (43.00331, -78.82247), (43.00308, -78.82426), (43.00402, -78.82361), (43.00371, -78.81938), (43.00127, -78.81321), (42.99179, -78.8009), (42.98483, -78.79439), (42.97815, -78.7829), (42.96641, -78.76853), (42.94772, -78.76587), (42.93204, -78.76643), (42.93109, -78.7683), (42.93234, -78.76811), (42.93244, -78.76519), (42.93012, -78.75996), (42.93002, -78.74696), (42.92829, -78.74111), (42.93012, -78.73848), (42.93439, -78.71726), (42.93292, -78.71492), (42.92793, -78.71488), (42.92786, -78.71036), (42.9235, -78.70826), (42.9253, -78.70674)]
(45, 21)[(43.01874, -78.82288), (42.95816, -78.82382), (42.95398, -78.82275), (42.91535, -78.86445), (42.90888, -78.86677), (42.9089, -78.86891), (42.91031, -78.86845)]
(45, 22)[(43.01874, -78.82288), (43.01874, -78.82223), (43.00331, -78.82247), (43.00288, -78.82291), (43.00315, -78.82432), (43.00402, -78.82361), (43.0039, -78.82056), (43.00304, -78.81694), (43.00137, -78.81337), (42.99179, -78.8009), (42.98448, -78.79394), (42.97815, -78.7829), (42.96872, -78.77053), (42.96467, -78.76764), (42.95701, -78.76679), (42.95705, -78.76551), (42.95935, -78.76419), (42.95983, -78.76307), (42.96395, -78.73803), (42.95604, -78.73817), (42.95674, -78.7352), (42.9567, -78.72818), (42.95556, -78.72831), (42.95557, -78.72908)]
(45, 23)[(43.01874, -78.82288), (43.00331, -78.82247), (43.00308, -78.82426), (43.00402, -78.82361), (43.00371, -78.81938), (43.00127, -78.81321), (42.99179, -78.8009), (42.98483, -78.79439), (42.97815, -78.7829), (42.96641, -78.76853), (42.94772, -78.76587), (42.93204, -78.76643), (42.93109, -78.7683), (42.93234, -78.76811), (42.93244, -78.76519), (42.93012, -78.75996), (42.93002, -78.74696), (42.92829, -78.74111), (42.93012, -78.73848), (42.93439, -78.71726), (42.93292, -78.71492), (42.92793, -78.7144), (42.93409, -78.71439), (42.93476, -78.71296), (42.93369, -78.71184)]
(45, 24)[(43.01874, -78.82288), (43.01874, -78.82223), (42.99091, -78.82268), (42.99072, -78.80196), (42.99149, -78.77062), (42.99103, -78.75794), (42.99109, -78.72473), (42.99756, -78.72497)]
(45, 25)[(43.01874, -78.82288), (43.00331, -78.82247), (43.00308, -78.82426), (43.00402, -78.82361), (43.00371, -78.81938), (43.00127, -78.81321), (42.99179, -78.8009), (42.98483, -78.79439), (42.97815, -78.7829), (42.96641, -78.76853), (42.94772, -78.76587), (42.93204, -78.76643), (42.93116, -78.76838), (42.93234, -78.76811), (42.93244, -78.76519), (42.93012, -78.75996), (42.93002, -78.74696), (42.92857, -78.74242), (42.92426, -78.74168), (42.91023, -78.73114)]
(45, 26)[(43.01874, -78.82288), (43.00331, -78.82247), (43.00308, -78.82426), (43.00402, -78.82361), (43.00371, -78.81938), (43.00127, -78.81321), (42.99179, -78.8009), (42.98483, -78.79439), (42.97815, -78.7829), (42.96641, -78.76853), (42.9564, -78.76638), (42.93298, -78.76643)]
(45, 27)[(43.01874, -78.82288), (43.01878, -78.82656), (43.01965, -78.82816), (43.01818, -78.82988), (43.0149, -78.83596), (43.01266, -78.84287), (43.01227, -78.84677), (43.0145, -78.84676), (43.01557, -78.84764), (43.0151, -78.84877), (43.01474, -78.85029), (43.01461, -78.85155), (43.01464, -78.8538)]
(45, 28)[(43.01874, -78.82288), (43.01874, -78.82223), (43.00331, -78.82247), (43.00288, -78.82291), (43.00308, -78.82426), (43.00402, -78.82361), (43.00371, -78.81938), (43.00127, -78.81321), (42.99179, -78.8009), (42.98448, -78.79394), (42.97815, -78.7829), (42.9768, -78.78209), (42.97645, -78.78387), (42.97852, -78.78381), (42.97802, -78.76004), (42.97867, -78.75367), (42.97844, -78.72908), (42.97769, -78.72286), (42.97819, -78.6789)]
(45, 29)[(43.01874, -78.82288), (43.01874, -78.82223), (43.02512, -78.82215), (43.02504, -78.82061), (43.02401, -78.8169), (43.0233, -78.81375), (43.02323, -78.81212), (43.02229, -78.80903), (43.02227, -78.80853), (43.0225, -78.80735), (43.02245, -78.80681), (43.02106, -78.80145), (43.02132, -78.80034), (43.02211, -78.79948), (43.02221, -78.79899), (43.02671, -78.79913), (43.02668, -78.79771), (43.0264, -78.79684), (43.02601, -78.79627), (43.02458, -78.79497), (43.02411, -78.79395), (43.02372, -78.78821), (43.02397, -78.78523), (43.02403, -78.78217), (43.02509, -78.78222), (43.02624, -78.78264), (43.02373, -78.79073), (43.02236, -78.79364), (43.02149, -78.79513)]
(45, 30)[(43.01874, -78.82288), (43.01874, -78.82223), (43.03186, -78.82221), (43.03606, -78.82314), (43.03593, -78.83443)]
(45, 31)[(43.01874, -78.82288), (43.01874, -78.82223), (43.02512, -78.82215), (43.02229, -78.80903), (43.02245, -78.80681), (43.02106, -78.80145), (43.02221, -78.79899), (43.02671, -78.79913), (43.0264, -78.79684), (43.02411, -78.79395), (43.02372, -78.78821), (43.02427, -78.75349), (43.02369, -78.75137), (43.02374, -78.74049), (43.0271, -78.73282), (43.02304, -78.73269), (43.02304, -78.72489), (43.01949, -78.72454), (43.01746, -78.7252), (43.01393, -78.72517)]
(45, 32)[(43.01874, -78.82288), (43.00331, -78.82247), (43.00315, -78.82432), (43.00402, -78.82361), (43.0039, -78.82056), (43.00137, -78.81337), (42.99179, -78.8009), (42.98448, -78.79394), (42.97815, -78.7829), (42.96872, -78.77053), (42.96425, -78.76751), (42.95055, -78.76524), (42.94987, -78.76175), (42.95146, -78.75889), (42.95198, -78.7546), (42.95062, -78.73236), (42.95067, -78.70763), (42.95016, -78.70496), (42.9478, -78.70201), (42.94701, -78.69694), (42.93426, -78.69693), (42.93262, -78.68354), (42.93326, -78.67722), (42.93058, -78.67627), (42.92771, -78.67263), (42.9088, -78.6712)]
(45, 33)[(43.01874, -78.82288), (43.00331, -78.82247), (43.00308, -78.82426), (43.00371, -78.81938), (43.00112, -78.81299), (42.98448, -78.79394), (42.96872, -78.77053), (42.96425, -78.76751), (42.88558, -78.76785), (42.87978, -78.77253), (42.8737, -78.78929), (42.85103, -78.7928), (42.84399, -78.77182), (42.84186, -78.75419), (42.80391, -78.75175), (42.80445, -78.75697)]
(45, 34)[(43.01874, -78.82288), (43.00331, -78.82247), (43.00308, -78.82426), (43.00371, -78.81938), (43.00112, -78.81299), (42.98448, -78.79394), (42.96872, -78.77053), (42.96353, -78.76733), (42.88488, -78.76801), (42.87978, -78.77253), (42.87484, -78.78826), (42.8657, -78.79191), (42.85071, -78.79029), (42.83791, -78.79318), (42.82643, -78.79133), (42.82618, -78.79328), (42.82813, -78.79229), (42.82882, -78.78308), (42.81873, -78.78408), (42.81868, -78.77977), (42.81575, -78.77858)]
(45, 35)[(43.01874, -78.82288), (43.00331, -78.82247), (43.00308, -78.82426), (43.00402, -78.82361), (43.00371, -78.81938), (43.00112, -78.81299), (42.99179, -78.8009), (42.98448, -78.79394), (42.97815, -78.7829), (42.96872, -78.77053), (42.96353, -78.76733), (42.94772, -78.76587), (42.88488, -78.76801), (42.87978, -78.77253), (42.87627, -78.78589), (42.87389, -78.78914)]
(45, 36)[(43.01874, -78.82288), (43.00331, -78.82247), (43.00308, -78.82426), (43.00371, -78.81938), (43.00112, -78.81299), (42.98448, -78.79394), (42.96872, -78.77053), (42.96353, -78.76733), (42.88558, -78.76785), (42.87978, -78.77253), (42.8737, -78.78929), (42.85067, -78.7927), (42.84399, -78.77182), (42.8432, -78.75804), (42.84186, -78.75419), (42.83949, -78.75407), (42.83936, -78.7382), (42.83249, -78.73871)]
(45, 37)[(43.01874, -78.82288), (43.00331, -78.82247), (43.00308, -78.82426), (43.00371, -78.81938), (43.00112, -78.81299), (42.98448, -78.79394), (42.96872, -78.77053), (42.96353, -78.76733), (42.88558, -78.76785), (42.87978, -78.77253), (42.8737, -78.78929), (42.85067, -78.7927), (42.84399, -78.77182), (42.84186, -78.75419), (42.81129, -78.75185), (42.8117, -78.72614)]
(45, 38)[(43.01874, -78.82288), (43.00331, -78.82247), (43.00308, -78.82426), (43.00371, -78.81938), (43.00112, -78.81299), (42.9648, -78.76768), (42.94772, -78.76587), (42.88402, -78.7689), (42.88474, -78.75453), (42.85517, -78.75465), (42.85498, -78.74768)]
(45, 39)[(43.01874, -78.82288), (43.00331, -78.82247), (43.00308, -78.82426), (43.00371, -78.81938), (43.00127, -78.81321), (42.96641, -78.76853), (42.94772, -78.76587), (42.91683, -78.7664), (42.88377, -78.7684), (42.87941, -78.7733), (42.87509, -78.78795), (42.86639, -78.79179), (42.85146, -78.79027), (42.84427, -78.79285), (42.82844, -78.79302), (42.82833, -78.81322), (42.82583, -78.824), (42.8114, -78.82395), (42.81147, -78.82938), (42.81308, -78.82939)]
(45, 40)[(43.01874, -78.82288), (43.00331, -78.82247), (43.00308, -78.82426), (43.00371, -78.81938), (43.00112, -78.81299), (42.9648, -78.76768), (42.94772, -78.76587), (42.88402, -78.7689), (42.88474, -78.75453), (42.85118, -78.75454), (42.85108, -78.74459)]
