(41, 0)[(42.97761, -78.80065), (42.97951, -78.79889), (42.98087, -78.82304), (42.98098, -78.88539), (42.96093, -78.88887), (42.96158, -78.894), (42.95996, -78.89425), (42.95379, -78.89998), (42.95341, -78.89921)]
(41, 1)[(42.97761, -78.80065), (42.98244, -78.79622), (42.98308, -78.79497), (42.98209, -78.78995), (42.97711, -78.78146), (42.96872, -78.77053), (42.96641, -78.76853), (42.96353, -78.76733), (42.95187, -78.76609), (42.95003, -78.76421), (42.94987, -78.76175), (42.95146, -78.75889), (42.95198, -78.7546), (42.95191, -78.74358), (42.95062, -78.73236), (42.95051, -78.70613), (42.94987, -78.70446), (42.94801, -78.70257), (42.94705, -78.69956), (42.94701, -78.69694), (42.94095, -78.69695)]
(41, 2)[(42.97761, -78.80065), (42.97937, -78.79902), (42.9782, -78.7767), (42.97802, -78.76004), (42.97867, -78.75367), (42.97844, -78.72908), (42.97769, -78.72286), (42.97818, -78.67704), (43.00026, -78.67701), (43.00026, -78.67594), (43.00117, -78.67598)]
(41, 3)[(42.97761, -78.80065), (42.98949, -78.78987), (42.99602, -78.78576), (42.99686, -78.78372), (42.99706, -78.77723), (42.99823, -78.77491), (43.00344, -78.77215), (43.00836, -78.77354), (43.0161, -78.76796), (43.03472, -78.74773), (43.03428, -78.70265), (43.03339, -78.69695), (43.03038, -78.69694), (43.0303, -78.69747)]
(41, 4)[(42.97761, -78.80065), (42.97937, -78.79902), (42.97852, -78.78381), (42.93268, -78.78413), (42.93278, -78.77305), (42.93235, -78.76906), (42.93117, -78.76848)]
(41, 5)[(42.97761, -78.80065), (42.96304, -78.81387), (42.95945, -78.81391), (42.95737, -78.81898), (42.94712, -78.83044), (42.94917, -78.83122)]
(41, 6)[(42.97761, -78.80065), (42.96304, -78.81387), (42.95945, -78.81391), (42.95737, -78.81898), (42.92221, -78.85727), (42.92228, -78.86947), (42.92425, -78.87172), (42.92422, -78.87626), (42.92327, -78.87766)]
(41, 7)[(42.97761, -78.80065), (42.98867, -78.79054), (42.98905, -78.792), (42.98972, -78.79246), (42.99308, -78.79219), (42.99444, -78.79079), (42.99587, -78.79071), (42.99602, -78.79254), (42.99641, -78.79391), (42.99696, -78.79505), (42.99779, -78.79596), (42.99928, -78.79661), (43.00312, -78.7964), (43.00417, -78.7959), (43.0048, -78.79488), (43.00519, -78.79308), (43.00539, -78.78974), (43.00636, -78.7896), (43.0068, -78.78916), (43.00697, -78.78704), (43.00783, -78.78733), (43.00861, -78.78862)]
(41, 8)[(42.97761, -78.80065), (42.98219, -78.79643), (42.98209, -78.7962), (42.9822, -78.79601), (42.98243, -78.79577), (42.98245, -78.79572), (42.98244, -78.79557), (42.98233, -78.79552), (42.98229, -78.79544)]
(41, 9)[(42.97761, -78.80065), (42.98302, -78.79541), (42.98209, -78.78995), (42.97815, -78.7829), (42.96928, -78.77125), (42.9648, -78.76768), (42.94772, -78.76587), (42.89289, -78.76746), (42.88402, -78.7689), (42.8841, -78.77243), (42.8909, -78.7723)]
(41, 10)[(42.97761, -78.80065), (42.98244, -78.79622), (42.98308, -78.79516), (42.98251, -78.79354), (42.98229, -78.79051), (42.9802, -78.78635), (42.97711, -78.78146), (42.96815, -78.76992), (42.96641, -78.76853), (42.96425, -78.76751), (42.96316, -78.76768), (42.96165, -78.76896), (42.95895, -78.7681), (42.9592, -78.76529), (42.95879, -78.76484), (42.95829, -78.76516), (42.95832, -78.76585), (42.95899, -78.76637), (42.96433, -78.76727), (42.96752, -78.76899), (42.96935, -78.77099), (42.97633, -78.77999)]
(41, 11)[(42.97761, -78.80065), (42.98949, -78.78987), (42.9919, -78.78794), (42.99499, -78.78666), (42.99602, -78.78576), (42.99686, -78.78372), (42.99706, -78.77723), (42.99751, -78.77592), (42.99823, -78.77491), (43.00344, -78.77215), (43.00469, -78.77236), (43.00694, -78.77354), (43.008, -78.77363), (43.00649, -78.76831), (43.00665, -78.76466), (43.00753, -78.76416)]
(41, 12)[(42.97761, -78.80065), (42.98302, -78.79541), (42.98209, -78.78995), (42.97815, -78.7829), (42.96928, -78.77125), (42.9648, -78.76768), (42.94772, -78.76587), (42.89289, -78.76746), (42.88402, -78.7689), (42.88395, -78.76565), (42.88512, -78.76562)]
(41, 13)[(42.97761, -78.80065), (42.97937, -78.79902), (42.9782, -78.7767), (42.97811, -78.76787), (42.97476, -78.76449), (42.97286, -78.76184), (42.96821, -78.7593), (42.96561, -78.75638), (42.96105, -78.75549), (42.96611, -78.72469), (42.95306, -78.72472), (42.95266, -78.7211), (42.95266, -78.72027), (42.95287, -78.72027)]
(41, 14)[(42.97761, -78.80065), (42.98933, -78.79001), (42.99073, -78.78811), (42.99127, -78.78778), (42.99149, -78.77062), (42.99113, -78.76604), (42.99103, -78.75794), (42.99109, -78.72473), (43.00463, -78.72504), (43.00478, -78.72641), (43.00682, -78.72642), (43.00697, -78.72923)]
(41, 15)[(42.97761, -78.80065), (42.98949, -78.78987), (42.99602, -78.78576), (42.99686, -78.78372), (42.99706, -78.77723), (42.99845, -78.77472), (43.00344, -78.77215), (43.00742, -78.77365), (43.00914, -78.77313), (43.0168, -78.76737), (43.03472, -78.74773), (43.03477, -78.75071), (43.03813, -78.75069), (43.03812, -78.74987)]
(41, 16)[(42.97761, -78.80065), (42.97937, -78.79902), (42.97901, -78.79226), (42.97697, -78.79269), (42.97654, -78.79268), (42.97339, -78.79155), (42.9734, -78.79098)]
(41, 17)[(42.97761, -78.80065), (42.98302, -78.79541), (42.98209, -78.78995), (42.97815, -78.7829), (42.96928, -78.77125), (42.9648, -78.76768), (42.94772, -78.76587), (42.88726, -78.76781), (42.88402, -78.7689), (42.88425, -78.79843), (42.88527, -78.80172), (42.8848, -78.81828), (42.88622, -78.81874)]
(41, 18)[(42.97761, -78.80065), (42.98244, -78.79622), (42.98308, -78.79497), (42.98209, -78.78995), (42.97711, -78.78146), (42.96872, -78.77053), (42.96641, -78.76853), (42.96353, -78.76733), (42.95153, -78.766), (42.94992, -78.76385), (42.94987, -78.76175), (42.95146, -78.75889), (42.95198, -78.7546), (42.95191, -78.74358), (42.95062, -78.73236), (42.95067, -78.70763), (42.95016, -78.70496), (42.94836, -78.70334), (42.9478, -78.70201), (42.94705, -78.69956), (42.94701, -78.69694), (42.9564, -78.69683), (42.95616, -78.67708), (42.95167, -78.67709), (42.95172, -78.67567)]
(41, 19)[(42.97761, -78.80065), (42.97178, -78.80609), (42.96915, -78.80392), (42.94217, -78.80331), (42.93909, -78.81089), (42.93839, -78.81043), (42.92269, -78.81049), (42.92271, -78.80872), (42.91911, -78.80872), (42.9191, -78.80782), (42.91496, -78.80795), (42.91402, -78.81026), (42.91026, -78.80991)]
(41, 20)[(42.97761, -78.80065), (42.97951, -78.79889), (42.98087, -78.82304), (42.98075, -78.83409), (42.98058, -78.83415)]
(41, 21)[(42.97761, -78.80065), (42.96304, -78.81387), (42.95945, -78.81391), (42.95737, -78.81898), (42.93402, -78.84484), (42.91535, -78.86445), (42.91401, -78.86498), (42.91438, -78.86591)]
(41, 22)[(42.97761, -78.80065), (42.98244, -78.79622), (42.98308, -78.79497), (42.98209, -78.78995), (42.97711, -78.78146), (42.96872, -78.77053), (42.96641, -78.76853), (42.96353, -78.76733), (42.95187, -78.76609), (42.95003, -78.76421), (42.94987, -78.76175), (42.95146, -78.75889), (42.95198, -78.7546), (42.95191, -78.74358), (42.95062, -78.73236), (42.95067, -78.70763), (42.95016, -78.70496), (42.94836, -78.70334), (42.9478, -78.70201), (42.94705, -78.69956), (42.94701, -78.69694), (42.93426, -78.69693), (42.93262, -78.68354), (42.93326, -78.67722), (42.93058, -78.67627), (42.92771, -78.67263), (42.91162, -78.67213), (42.90422, -78.67083), (42.904, -78.67361)]
(41, 23)[(42.97761, -78.80065), (42.96304, -78.81387), (42.95945, -78.81391), (42.95766, -78.81852), (42.95805, -78.81935), (42.95831, -78.83214), (42.96183, -78.83929), (42.96642, -78.84575), (42.9662, -78.84607), (42.96633, -78.85265), (42.96561, -78.85268), (42.96561, -78.85315)]
(41, 24)[(42.97761, -78.80065), (42.96304, -78.81387), (42.89596, -78.81407), (42.89617, -78.81238)]
(41, 25)[(42.97761, -78.80065), (42.98513, -78.79359), (42.98538, -78.79266), (42.98475, -78.79144), (42.9844, -78.79136), (42.98401, -78.79175), (42.98398, -78.7924), (42.98437, -78.79335), (42.9868, -78.79621), (42.99074, -78.79948), (42.99259, -78.80143), (43.00102, -78.81241), (43.00264, -78.81519), (43.00338, -78.81718), (43.00419, -78.82101), (43.00428, -78.82445), (43.00383, -78.8275), (43.00203, -78.83294), (43.00141, -78.83605), (43.00115, -78.83902), (43.00114, -78.8483), (43.00094, -78.84986), (42.99993, -78.85333), (42.99686, -78.85942), (42.99623, -78.86164), (42.99581, -78.86457), (42.99595, -78.86961), (42.9971, -78.87177), (42.99718, -78.87427), (42.9984, -78.87484), (42.9983, -78.87415), (42.99739, -78.87344), (42.99739, -78.86489), (42.99699, -78.86487)]
(41, 26)[(42.97761, -78.80065), (42.98513, -78.79359), (42.98538, -78.79266), (42.98467, -78.7914), (42.98396, -78.79202), (42.98468, -78.79375), (42.99223, -78.80102), (43.00102, -78.81241), (43.0031, -78.81614), (43.00406, -78.81931), (43.00535, -78.82024), (43.00545, -78.82236), (43.03186, -78.82221), (43.03606, -78.82314), (43.036, -78.82855), (43.03419, -78.82878), (43.03039, -78.8307), (43.03038, -78.8328)]
(41, 27)[(42.97761, -78.80065), (42.98513, -78.79359), (42.98538, -78.79266), (42.98452, -78.79134), (42.98401, -78.79252), (42.98573, -78.7951), (42.99714, -78.80537), (43.00157, -78.80289), (43.00894, -78.8029), (43.01341, -78.80182), (43.01791, -78.79878), (43.01888, -78.79713), (43.01805, -78.79614), (43.01749, -78.79686), (43.01748, -78.79899), (43.03229, -78.79943), (43.03229, -78.79804), (43.03137, -78.79796), (43.03128, -78.79733)]
(41, 28)[(42.97761, -78.80065), (42.98244, -78.79622), (42.98308, -78.79497), (42.98209, -78.78995), (42.97711, -78.78146), (42.96872, -78.77053), (42.96641, -78.76853), (42.96353, -78.76733), (42.95187, -78.76609), (42.95003, -78.76421), (42.94987, -78.76175), (42.95146, -78.75889), (42.95198, -78.7546), (42.95191, -78.74358), (42.95062, -78.73236), (42.95051, -78.70613), (42.94987, -78.70446), (42.94801, -78.70257), (42.94705, -78.69956), (42.94701, -78.69694), (42.93794, -78.69693), (42.93911, -78.69191), (42.93951, -78.69193)]
(41, 29)[(42.97761, -78.80065), (42.97418, -78.80383), (42.97427, -78.80405), (42.97506, -78.80406), (42.97521, -78.80746)]
(41, 30)[(42.97761, -78.80065), (42.97937, -78.79902), (42.9782, -78.7767), (42.97802, -78.76004), (42.97867, -78.75367), (42.97844, -78.72908), (42.97769, -78.72286), (42.97818, -78.67704), (42.98605, -78.67702), (42.98605, -78.67534)]
(41, 31)[(42.97761, -78.80065), (42.96304, -78.81387), (42.95945, -78.81391), (42.95766, -78.81852), (42.95805, -78.81935), (42.95816, -78.82382), (42.9587, -78.86962), (42.96193, -78.86994), (42.9619, -78.87397)]
(41, 32)[(42.97761, -78.80065), (42.97178, -78.80609), (42.96915, -78.80392), (42.95273, -78.80388), (42.95282, -78.80466), (42.95357, -78.80512), (42.95396, -78.80615)]
(41, 33)[(42.97761, -78.80065), (42.96304, -78.81387), (42.9331, -78.81365), (42.93016, -78.82049), (42.92964, -78.83189), (42.92681, -78.83859), (42.92253, -78.84337), (42.90898, -78.84349), (42.90126, -78.8476), (42.89709, -78.85487), (42.89279, -78.86745), (42.89003, -78.86915), (42.88878, -78.87228), (42.88314, -78.87412), (42.88395, -78.87982), (42.87574, -78.87806), (42.86946, -78.87875), (42.85227, -78.86365), (42.82774, -78.85092), (42.82762, -78.84829), (42.82452, -78.84882)]
(41, 34)[(42.97761, -78.80065), (42.96304, -78.81387), (42.9331, -78.81365), (42.93016, -78.82049), (42.92964, -78.83189), (42.92681, -78.83859), (42.92253, -78.84337), (42.90898, -78.84349), (42.90126, -78.8476), (42.89709, -78.85487), (42.89279, -78.86745), (42.89003, -78.86915), (42.88878, -78.87228), (42.88314, -78.87412), (42.88395, -78.87982), (42.87574, -78.87806), (42.86946, -78.87875), (42.85227, -78.86365), (42.82774, -78.85092), (42.82762, -78.84829), (42.83096, -78.84928), (42.83211, -78.843), (42.83153, -78.84174)]
(41, 35)[(42.97761, -78.80065), (42.98308, -78.79516), (42.98209, -78.78995), (42.97887, -78.78401), (42.9673, -78.76914), (42.95816, -78.76651), (42.91945, -78.76633), (42.88726, -78.76781), (42.88402, -78.7689), (42.88435, -78.7846), (42.87505, -78.78484), (42.87092, -78.7874), (42.8645, -78.78724), (42.86403, -78.78522), (42.86583, -78.78515)]
(41, 36)[(42.97761, -78.80065), (42.98308, -78.79516), (42.98209, -78.78995), (42.97887, -78.78401), (42.9673, -78.76914), (42.95816, -78.76651), (42.91945, -78.76633), (42.88558, -78.76785), (42.88225, -78.76937), (42.87978, -78.77253), (42.87627, -78.78589), (42.87325, -78.78953), (42.8657, -78.79191), (42.85362, -78.79102), (42.85103, -78.7928), (42.84994, -78.79169), (42.84933, -78.78468), (42.84799, -78.78243), (42.84625, -78.78232), (42.84122, -78.78565), (42.84224, -78.78811), (42.84686, -78.78497)]
(41, 37)[(42.97761, -78.80065), (42.98302, -78.79541), (42.98209, -78.78995), (42.97815, -78.7829), (42.96928, -78.77125), (42.9648, -78.76768), (42.94772, -78.76587), (42.88558, -78.76785), (42.8815, -78.77012), (42.87878, -78.77523), (42.87647, -78.7859), (42.87614, -78.80865), (42.87201, -78.81711), (42.87206, -78.81998), (42.86345, -78.82581), (42.85813, -78.82458), (42.85779, -78.82191), (42.8565, -78.82199)]
(41, 38)[(42.97761, -78.80065), (42.98302, -78.79541), (42.98209, -78.78995), (42.97815, -78.7829), (42.96872, -78.77053), (42.96353, -78.76733), (42.94772, -78.76587), (42.88558, -78.76785), (42.88225, -78.76937), (42.87978, -78.77253), (42.87627, -78.78589), (42.8737, -78.78929), (42.8657, -78.79191), (42.85362, -78.79102), (42.8512, -78.7928), (42.84994, -78.79169), (42.84933, -78.78468), (42.84828, -78.78265), (42.84625, -78.78232), (42.84122, -78.78565), (42.83988, -78.78304), (42.83968, -78.77197), (42.84071, -78.77092)]
(41, 39)[(42.97761, -78.80065), (42.98302, -78.79541), (42.98209, -78.78995), (42.97815, -78.7829), (42.96928, -78.77125), (42.9648, -78.76768), (42.94772, -78.76587), (42.89289, -78.76746), (42.88402, -78.7689), (42.88376, -78.75859), (42.88494, -78.75471), (42.87805, -78.75319), (42.87243, -78.75396), (42.86995, -78.75787), (42.86806, -78.75865), (42.8678, -78.76158), (42.86677, -78.76161)]
(41, 40)[(42.97761, -78.80065), (42.98302, -78.79541), (42.98209, -78.78995), (42.97815, -78.7829), (42.96928, -78.77125), (42.9648, -78.76768), (42.94772, -78.76587), (42.89289, -78.76746), (42.88402, -78.7689), (42.88376, -78.75859), (42.88474, -78.75453), (42.87805, -78.75319), (42.85517, -78.75465), (42.85641, -78.74126), (42.85765, -78.74123)]
(42, 0)[(42.91536, -78.86511), (42.91536, -78.8655), (42.92065, -78.86384), (42.92057, -78.86693), (42.92084, -78.8679), (42.92588, -78.87363), (42.93138, -78.87378), (42.93209, -78.8744), (42.933, -78.8746), (42.93339, -78.87703), (42.93588, -78.87822), (42.93591, -78.88014), (42.93684, -78.88173), (42.93733, -78.88359), (42.93736, -78.88662), (42.93769, -78.88875), (42.93746, -78.88938), (42.93824, -78.88989), (42.93605, -78.89616), (42.9361, -78.89867), (42.93864, -78.89812), (42.94969, -78.90381), (42.95379, -78.89998), (42.95341, -78.89921)]
(42, 1)[(42.91536, -78.86511), (42.91535, -78.86445), (42.92221, -78.85727), (42.92193, -78.84281), (42.92374, -78.84225), (42.92721, -78.83772), (42.92874, -78.83462), (42.92974, -78.83005), (42.92981, -78.82149), (42.93296, -78.81167), (42.93309, -78.79827), (42.93257, -78.7923), (42.93293, -78.77477), (42.93247, -78.76556), (42.93012, -78.75996), (42.93002, -78.74696), (42.92829, -78.74111), (42.93012, -78.73848), (42.93502, -78.71406), (42.93697, -78.71039), (42.9369, -78.7033), (42.93794, -78.69693), (42.94095, -78.69695)]
(42, 2)[(42.91536, -78.86511), (42.92221, -78.85727), (42.92193, -78.84281), (42.92374, -78.84225), (42.92874, -78.83462), (42.92981, -78.82149), (42.93304, -78.81111), (42.93247, -78.76556), (42.93012, -78.75996), (42.93002, -78.74696), (42.92828, -78.74127), (42.93012, -78.73848), (42.93502, -78.71406), (42.93697, -78.71039), (42.93794, -78.69693), (42.9893, -78.69695), (42.98925, -78.67702), (43.00026, -78.67701), (43.00117, -78.67598)]
(42, 3)[(42.91536, -78.86511), (42.92221, -78.85727), (42.92193, -78.84281), (42.92374, -78.84225), (42.92874, -78.83462), (42.92981, -78.82149), (42.93304, -78.81111), (42.93247, -78.76556), (42.93012, -78.75996), (42.93002, -78.74696), (42.92828, -78.74127), (42.93012, -78.73848), (42.93502, -78.71406), (42.93697, -78.71039), (42.93794, -78.69693), (43.0303, -78.69747)]
(42, 4)[(42.91536, -78.86511), (42.91535, -78.86445), (42.92221, -78.85727), (42.92193, -78.84281), (42.92374, -78.84225), (42.92721, -78.83772), (42.92874, -78.83462), (42.92974, -78.83005), (42.92981, -78.82149), (42.93296, -78.81167), (42.93309, -78.79827), (42.93257, -78.7923), (42.93293, -78.77477), (42.93238, -78.76918), (42.93117, -78.76848)]
(42, 5)[(42.91536, -78.86511), (42.91535, -78.86445), (42.93365, -78.84517), (42.94712, -78.83044), (42.94917, -78.83122)]
(42, 6)[(42.91536, -78.86511), (42.91536, -78.8655), (42.92065, -78.86384), (42.92057, -78.86693), (42.92063, -78.86725), (42.92082, -78.86765), (42.92084, -78.8679), (42.92425, -78.87172), (42.92422, -78.87626), (42.92327, -78.87766)]
(42, 7)[(42.91536, -78.86511), (42.95737, -78.81898), (42.95976, -78.81316), (42.98603, -78.81428), (42.98964, -78.80488), (43.0, -78.79862), (42.99993, -78.79662), (43.00417, -78.7959), (43.00539, -78.78974), (43.0068, -78.78916), (43.00697, -78.78704), (43.00861, -78.78862)]
(42, 8)[(42.91536, -78.86511), (42.91535, -78.86445), (42.95737, -78.81898), (42.95976, -78.81316), (42.96008, -78.81391), (42.96304, -78.81387), (42.98219, -78.79643), (42.98229, -78.79544)]
(42, 9)[(42.91536, -78.86511), (42.91535, -78.86445), (42.92221, -78.85727), (42.92193, -78.84281), (42.92343, -78.84257), (42.92672, -78.83846), (42.92943, -78.83231), (42.92981, -78.82149), (42.93306, -78.81082), (42.93309, -78.79827), (42.93257, -78.7923), (42.93293, -78.77477), (42.93238, -78.76918), (42.9292, -78.76658), (42.9239, -78.76633), (42.88767, -78.76773), (42.88402, -78.7689), (42.8841, -78.77243), (42.8909, -78.7723)]
(42, 10)[(42.91536, -78.86511), (42.91535, -78.86445), (42.92221, -78.85727), (42.92193, -78.84281), (42.92374, -78.84225), (42.92721, -78.83772), (42.92874, -78.83462), (42.92974, -78.83005), (42.92981, -78.82149), (42.93296, -78.81167), (42.93309, -78.79827), (42.93257, -78.7923), (42.93293, -78.77477), (42.93247, -78.76556), (42.93186, -78.76412), (42.93034, -78.76432), (42.9304, -78.76553), (42.93152, -78.76618), (42.94435, -78.76619), (42.94588, -78.7657), (42.94765, -78.76333), (42.9489, -78.76281), (42.95134, -78.76353), (42.95396, -78.76595), (42.96529, -78.76757), (42.96832, -78.76976), (42.97633, -78.77999)]
(42, 11)[(42.91536, -78.86511), (42.95737, -78.81898), (42.95976, -78.81316), (42.96304, -78.81387), (42.98746, -78.79152), (42.99579, -78.78604), (42.99686, -78.78372), (42.99706, -78.77723), (42.99823, -78.77491), (43.00344, -78.77215), (43.008, -78.77363), (43.00649, -78.76831), (43.00665, -78.76466), (43.00753, -78.76416)]
(42, 12)[(42.91536, -78.86511), (42.91535, -78.86445), (42.92221, -78.85727), (42.92193, -78.84281), (42.92343, -78.84257), (42.92672, -78.83846), (42.92943, -78.83231), (42.92981, -78.82149), (42.93306, -78.81082), (42.93309, -78.79827), (42.93257, -78.7923), (42.93293, -78.77477), (42.93235, -78.76906), (42.92852, -78.7664), (42.92104, -78.76631), (42.88767, -78.76773), (42.88402, -78.7689), (42.88395, -78.76565), (42.88512, -78.76562)]
(42, 13)[(42.91536, -78.86511), (42.91535, -78.86445), (42.92221, -78.85727), (42.92193, -78.84281), (42.92374, -78.84225), (42.92721, -78.83772), (42.92874, -78.83462), (42.92974, -78.83005), (42.92981, -78.82149), (42.93304, -78.81111), (42.93309, -78.79827), (42.93257, -78.7923), (42.93293, -78.77477), (42.93247, -78.76556), (42.93012, -78.75996), (42.93002, -78.74696), (42.92828, -78.74127), (42.92862, -78.74011), (42.93012, -78.73848), (42.93415, -78.71797), (42.93439, -78.71726), (42.94096, -78.71764), (42.9455, -78.72474), (42.95306, -78.72472), (42.95287, -78.72027)]
(42, 14)[(42.91536, -78.86511), (42.92221, -78.85727), (42.92193, -78.84281), (42.92374, -78.84225), (42.92874, -78.83462), (42.92981, -78.82149), (42.93296, -78.81167), (42.93247, -78.76556), (42.93186, -78.76412), (42.93034, -78.76432), (42.93152, -78.76618), (42.94216, -78.76626), (42.94566, -78.76586), (42.94869, -78.76283), (42.95449, -78.76607), (42.95935, -78.76419), (42.96611, -78.72469), (43.00399, -78.72493), (43.00478, -78.72641), (43.00682, -78.72642), (43.00697, -78.72923)]
(42, 15)[(42.91536, -78.86511), (42.95737, -78.81898), (42.95976, -78.81316), (42.96304, -78.81387), (42.98746, -78.79152), (42.99579, -78.78604), (42.99686, -78.78372), (42.99706, -78.77723), (42.99823, -78.77491), (43.00344, -78.77215), (43.00914, -78.77313), (43.0168, -78.76737), (43.03472, -78.74773), (43.03477, -78.75071), (43.03812, -78.74987)]
(42, 16)[(42.91536, -78.86511), (42.91535, -78.86445), (42.95753, -78.81875), (42.96441, -78.80122), (42.964, -78.79262), (42.96749, -78.79079), (42.97339, -78.79155), (42.9734, -78.79098)]
(42, 17)[(42.91536, -78.86511), (42.91527, -78.85511), (42.91475, -78.85321), (42.91469, -78.84806), (42.90376, -78.84807), (42.90373, -78.84463), (42.89229, -78.84455), (42.89163, -78.84403), (42.88504, -78.84403), (42.8848, -78.81828), (42.88637, -78.81824), (42.88622, -78.81874)]
(42, 18)[(42.91536, -78.86511), (42.92221, -78.85727), (42.92193, -78.84281), (42.92374, -78.84225), (42.92874, -78.83462), (42.92981, -78.82149), (42.93304, -78.81111), (42.93247, -78.76556), (42.93012, -78.75996), (42.93002, -78.74696), (42.92836, -78.74068), (42.93012, -78.73848), (42.93502, -78.71406), (42.93697, -78.71039), (42.93728, -78.69969), (42.94041, -78.68602), (42.94431, -78.67715), (42.95167, -78.67709), (42.95172, -78.67567)]
(42, 19)[(42.91536, -78.86511), (42.91527, -78.85511), (42.91474, -78.85285), (42.91446, -78.82536), (42.91467, -78.81472), (42.90975, -78.81478), (42.90979, -78.80929), (42.91027, -78.80929), (42.91026, -78.80991)]
(42, 20)[(42.91536, -78.86511), (42.91535, -78.86445), (42.95398, -78.82275), (42.95816, -78.82382), (42.97968, -78.82292), (42.98087, -78.82551), (42.98058, -78.83415)]
(42, 21)[(42.91536, -78.86511), (42.91535, -78.86445), (42.9151, -78.86461), (42.91401, -78.86498), (42.91405, -78.8652), (42.91411, -78.86531), (42.91418, -78.86587), (42.91421, -78.86593), (42.91438, -78.86591)]
(42, 22)[(42.91536, -78.86511), (42.92221, -78.85727), (42.92193, -78.84281), (42.92343, -78.84257), (42.92672, -78.83846), (42.92954, -78.83166), (42.92981, -78.82149), (42.93306, -78.81082), (42.93247, -78.76556), (42.93012, -78.75996), (42.93002, -78.74696), (42.92857, -78.74242), (42.92408, -78.74157), (42.90965, -78.73003), (42.90876, -78.71709), (42.91467, -78.67943), (42.90786, -78.67835), (42.90783, -78.67386), (42.904, -78.67361)]
(42, 23)[(42.91536, -78.86511), (42.92065, -78.86384), (42.92059, -78.86706), (42.92111, -78.86764), (42.92781, -78.8677), (42.929, -78.86573), (42.93215, -78.86492), (42.93534, -78.86626), (42.9395, -78.8604), (42.94047, -78.86027), (42.94123, -78.85564), (42.94774, -78.859), (42.96563, -78.85833), (42.96561, -78.85315)]
(42, 24)[(42.91536, -78.86511), (42.91527, -78.85511), (42.91474, -78.85297), (42.91446, -78.82536), (42.91468, -78.81374), (42.89596, -78.81407), (42.89617, -78.81238)]
(42, 25)[(42.91536, -78.86511), (42.92065, -78.86384), (42.92081, -78.86758), (42.92768, -78.86773), (42.929, -78.86573), (42.93232, -78.86493), (42.93691, -78.86722), (42.9984, -78.87484), (42.99739, -78.87344), (42.99699, -78.86487)]
(42, 26)[(42.91536, -78.86511), (42.95398, -78.82275), (42.95816, -78.82382), (42.99956, -78.82231), (43.03606, -78.82314), (43.036, -78.82855), (43.03039, -78.8307), (43.03038, -78.8328)]
(42, 27)[(42.91536, -78.86511), (42.95737, -78.81898), (42.95976, -78.81316), (42.98603, -78.81428), (42.98956, -78.80498), (42.99853, -78.79872), (43.03229, -78.79943), (43.03128, -78.79733)]
(42, 28)[(42.91536, -78.86511), (42.91535, -78.86445), (42.92221, -78.85727), (42.92193, -78.84281), (42.92374, -78.84225), (42.92721, -78.83772), (42.92874, -78.83462), (42.92974, -78.83005), (42.92981, -78.82149), (42.933, -78.81137), (42.93309, -78.79827), (42.93257, -78.7923), (42.93293, -78.77477), (42.93247, -78.76556), (42.93012, -78.75996), (42.93002, -78.74696), (42.92829, -78.74111), (42.93012, -78.73848), (42.93502, -78.71406), (42.93697, -78.71039), (42.93728, -78.69969), (42.93911, -78.69191), (42.93951, -78.69193)]
(42, 29)[(42.91536, -78.86511), (42.91535, -78.86445), (42.95737, -78.81898), (42.95976, -78.81316), (42.96008, -78.81391), (42.96304, -78.81387), (42.97178, -78.80609), (42.9743, -78.80827), (42.97523, -78.80798), (42.97521, -78.80746)]
(42, 30)[(42.91536, -78.86511), (42.92221, -78.85727), (42.92193, -78.84281), (42.92374, -78.84225), (42.92874, -78.83462), (42.92981, -78.82149), (42.93304, -78.81111), (42.93247, -78.76556), (42.93012, -78.75996), (42.93002, -78.74696), (42.92828, -78.74127), (42.93012, -78.73848), (42.93502, -78.71406), (42.93697, -78.71039), (42.93794, -78.69693), (42.96526, -78.69675), (42.96505, -78.67722), (42.98605, -78.67702), (42.98605, -78.67534)]
(42, 31)[(42.91536, -78.86511), (42.92065, -78.86384), (42.92081, -78.86758), (42.92768, -78.86773), (42.929, -78.86573), (42.93232, -78.86493), (42.93691, -78.86722), (42.96193, -78.86994), (42.9619, -78.87397)]
(42, 32)[(42.91536, -78.86511), (42.91535, -78.86445), (42.92221, -78.85727), (42.92193, -78.84281), (42.923, -78.84282), (42.92374, -78.84225), (42.92721, -78.83772), (42.92874, -78.83462), (42.92943, -78.83231), (42.92974, -78.83005), (42.92981, -78.82149), (42.9326, -78.81308), (42.93285, -78.81044), (42.93839, -78.81043), (42.93909, -78.81089), (42.94217, -78.80331), (42.94952, -78.80342), (42.95044, -78.80389), (42.95273, -78.80388), (42.95282, -78.80466), (42.95357, -78.80512), (42.95396, -78.80615)]
(42, 33)[(42.91536, -78.86511), (42.91539, -78.86918), (42.88708, -78.87795), (42.88523, -78.88019), (42.87574, -78.87806), (42.8705, -78.87911), (42.86392, -78.8746), (42.85227, -78.86365), (42.82774, -78.85092), (42.82762, -78.84829), (42.82452, -78.84882)]
(42, 34)[(42.91536, -78.86511), (42.91539, -78.86918), (42.88708, -78.87795), (42.88523, -78.88019), (42.87574, -78.87806), (42.87006, -78.87902), (42.85227, -78.86365), (42.82774, -78.85092), (42.82762, -78.84829), (42.83096, -78.84928), (42.83211, -78.843), (42.83153, -78.84174)]
(42, 35)[(42.91536, -78.86511), (42.91533, -78.86232), (42.90156, -78.86261), (42.8913, -78.86596), (42.89003, -78.86915), (42.88018, -78.87271), (42.87716, -78.87289), (42.87542, -78.86296), (42.87347, -78.8586), (42.86787, -78.82863), (42.86888, -78.82117), (42.87559, -78.81054), (42.87621, -78.80663), (42.87619, -78.80131), (42.87545, -78.7999), (42.87476, -78.8009), (42.87175, -78.80102), (42.87145, -78.78732), (42.8645, -78.78724), (42.86403, -78.78522), (42.86583, -78.78515)]
(42, 36)[(42.91536, -78.86511), (42.91533, -78.86232), (42.90156, -78.86261), (42.8913, -78.86596), (42.89003, -78.86915), (42.88018, -78.87271), (42.87722, -78.87298), (42.87542, -78.86296), (42.87347, -78.8586), (42.8676, -78.82878), (42.86641, -78.82717), (42.86513, -78.82744), (42.86404, -78.82139), (42.8587, -78.81363), (42.84638, -78.79923), (42.84224, -78.78811), (42.84686, -78.78497)]
(42, 37)[(42.91536, -78.86511), (42.91533, -78.86232), (42.90156, -78.86261), (42.8913, -78.86596), (42.89003, -78.86915), (42.88018, -78.87271), (42.87729, -78.87304), (42.87542, -78.86296), (42.87347, -78.8586), (42.8676, -78.82878), (42.86641, -78.82717), (42.86513, -78.82744), (42.86473, -78.82529), (42.86345, -78.82581), (42.85984, -78.82552), (42.85813, -78.82458), (42.85787, -78.82207), (42.85722, -78.82116), (42.8565, -78.82199)]
(42, 38)[(42.91536, -78.86511), (42.91533, -78.86232), (42.90156, -78.86261), (42.8913, -78.86596), (42.89003, -78.86915), (42.88018, -78.87271), (42.87722, -78.87298), (42.87542, -78.86296), (42.87347, -78.8586), (42.86773, -78.82909), (42.86641, -78.82717), (42.86513, -78.82744), (42.86404, -78.82139), (42.8587, -78.81363), (42.84638, -78.79923), (42.83988, -78.78304), (42.83968, -78.77197), (42.84072, -78.77161), (42.84071, -78.77092)]
(42, 39)[(42.91536, -78.86511), (42.91533, -78.86232), (42.90156, -78.86261), (42.8913, -78.86596), (42.89003, -78.86915), (42.88018, -78.87271), (42.87716, -78.87289), (42.87542, -78.86296), (42.87347, -78.8586), (42.86787, -78.82863), (42.86888, -78.82117), (42.87559, -78.81054), (42.87621, -78.80663), (42.87619, -78.80131), (42.87545, -78.7999), (42.87476, -78.8009), (42.87175, -78.80102), (42.87141, -78.7853), (42.87079, -78.7824), (42.86818, -78.77611), (42.8678, -78.76158), (42.86677, -78.76161)]
(42, 40)[(42.91536, -78.86511), (42.91533, -78.86232), (42.90156, -78.86261), (42.8913, -78.86596), (42.89003, -78.86915), (42.88018, -78.87271), (42.87716, -78.87289), (42.87542, -78.86296), (42.87347, -78.8586), (42.86787, -78.82863), (42.86888, -78.82117), (42.87559, -78.81054), (42.87621, -78.80663), (42.87619, -78.80131), (42.87545, -78.7999), (42.87476, -78.8009), (42.87175, -78.80102), (42.87141, -78.7853), (42.87079, -78.7824), (42.86818, -78.77611), (42.85636, -78.75894), (42.85514, -78.75403), (42.85641, -78.74126), (42.85765, -78.74123)]
(43, 0)[(42.92247, -78.75388), (42.93037, -78.75414), (42.93028, -78.75959), (42.93245, -78.76452), (42.93306, -78.77511), (42.93273, -78.79279), (42.9332, -78.79844), (42.93317, -78.81129), (42.93007, -78.82096), (42.92939, -78.83308), (42.92745, -78.8376), (42.92355, -78.84357), (42.92995, -78.85427), (42.93248, -78.85686), (42.93333, -78.85875), (42.93466, -78.87113), (42.93397, -78.87483), (42.93438, -78.87823), (42.93706, -78.88232), (42.93746, -78.88938), (42.93824, -78.88989), (42.93605, -78.89616), (42.9361, -78.89867), (42.93864, -78.89812), (42.94969, -78.90381), (42.95379, -78.89998), (42.95341, -78.89921)]
(43, 1)[(42.92247, -78.75388), (42.92246, -78.75415), (42.92707, -78.75414), (42.93502, -78.71406), (42.93697, -78.71039), (42.93685, -78.70469), (42.93734, -78.69933), (42.93794, -78.69693), (42.94095, -78.69695)]
(43, 2)[(42.92247, -78.75388), (42.92707, -78.75414), (42.93502, -78.71406), (42.93697, -78.71039), (42.9369, -78.7033), (42.93794, -78.69693), (42.9893, -78.69695), (42.98925, -78.67702), (43.00026, -78.67701), (43.00026, -78.67594), (43.00117, -78.67598)]
(43, 3)[(42.92247, -78.75388), (42.92707, -78.75414), (42.93502, -78.71406), (42.93697, -78.71039), (42.93794, -78.69693), (43.0303, -78.69747)]
(43, 4)[(42.92247, -78.75388), (42.92246, -78.75415), (42.93037, -78.75414), (42.93025, -78.75737), (42.93035, -78.76007), (42.93073, -78.76127), (42.93212, -78.76351), (42.93252, -78.76498), (42.93259, -78.76935), (42.93306, -78.77511), (42.93306, -78.77888), (42.93331, -78.78413), (42.93268, -78.78413), (42.93275, -78.77768), (42.93293, -78.77683), (42.93293, -78.77477), (42.93241, -78.76936), (42.93231, -78.76898), (42.93206, -78.76868), (42.93117, -78.76848)]
(43, 5)[(42.92247, -78.75388), (42.92246, -78.75415), (42.93037, -78.75414), (42.93035, -78.76007), (42.93245, -78.76452), (42.93306, -78.77511), (42.93308, -78.78719), (42.93274, -78.79331), (42.93316, -78.79732), (42.9332, -78.80691), (42.93346, -78.81047), (42.93733, -78.81043), (42.93733, -78.81364), (42.94497, -78.81367), (42.94606, -78.82591), (42.94759, -78.82992), (42.94712, -78.83044), (42.94917, -78.83122)]
(43, 6)[(42.92247, -78.75388), (42.93037, -78.75414), (42.93028, -78.75959), (42.93245, -78.76452), (42.93306, -78.77511), (42.93273, -78.79279), (42.9332, -78.79844), (42.93317, -78.81129), (42.93007, -78.82096), (42.92988, -78.82971), (42.92917, -78.8338), (42.92745, -78.8376), (42.92355, -78.84328), (42.92764, -78.8501), (42.92765, -78.8515), (42.92221, -78.85727), (42.92228, -78.86947), (42.92425, -78.87172), (42.92422, -78.87626), (42.92327, -78.87766)]
(43, 7)[(42.92247, -78.75388), (42.93037, -78.75414), (42.93073, -78.76127), (42.93587, -78.76601), (42.94488, -78.76612), (42.9489, -78.76281), (42.95396, -78.76595), (42.96664, -78.76835), (42.97824, -78.7826), (42.98251, -78.79003), (42.98559, -78.79267), (42.98867, -78.79054), (42.98972, -78.79246), (42.99587, -78.79071), (42.99795, -78.79609), (43.0033, -78.79637), (43.0048, -78.79488), (43.00539, -78.78974), (43.0068, -78.78916), (43.00697, -78.78704), (43.00861, -78.78862)]
(43, 8)[(42.92247, -78.75388), (42.93037, -78.75414), (42.93027, -78.75939), (42.93073, -78.76127), (42.93212, -78.76323), (42.93355, -78.76367), (42.93587, -78.76601), (42.94488, -78.76612), (42.9461, -78.76549), (42.94765, -78.76333), (42.9489, -78.76281), (42.95134, -78.76353), (42.95396, -78.76595), (42.96363, -78.76709), (42.96664, -78.76835), (42.96935, -78.77099), (42.97824, -78.7826), (42.98468, -78.79375), (42.98628, -78.79544), (42.98714, -78.79461), (42.98596, -78.79327), (42.98219, -78.79643), (42.98229, -78.79544)]
(43, 9)[(42.92247, -78.75388), (42.92246, -78.75415), (42.88544, -78.75469), (42.88417, -78.75719), (42.88376, -78.75859), (42.8841, -78.77243), (42.8909, -78.7723)]
(43, 10)[(42.92247, -78.75388), (42.93037, -78.75414), (42.93027, -78.75939), (42.93073, -78.76127), (42.93212, -78.76323), (42.93355, -78.76367), (42.93587, -78.76601), (42.94488, -78.76612), (42.9461, -78.76549), (42.94765, -78.76333), (42.9489, -78.76281), (42.95134, -78.76353), (42.95396, -78.76595), (42.96529, -78.76757), (42.96832, -78.76976), (42.97633, -78.77999)]
(43, 11)[(42.92247, -78.75388), (42.95904, -78.75482), (42.96511, -78.75615), (42.97286, -78.76184), (42.97967, -78.76909), (42.98214, -78.76521), (42.992, -78.75961), (43.00295, -78.76083), (43.00665, -78.76466), (43.00753, -78.76416)]
(43, 12)[(42.92247, -78.75388), (42.92246, -78.75415), (42.88562, -78.7546), (42.88505, -78.75514), (42.88376, -78.75859), (42.88395, -78.76565), (42.88512, -78.76562)]
(43, 13)[(42.92247, -78.75388), (42.92246, -78.75415), (42.92707, -78.75414), (42.93439, -78.71726), (42.93508, -78.71754), (42.94096, -78.71764), (42.94544, -78.72473), (42.95306, -78.72472), (42.95266, -78.7211), (42.95266, -78.72027), (42.95287, -78.72027)]
(43, 14)[(42.92247, -78.75388), (42.96105, -78.75549), (42.96611, -78.72469), (43.00399, -78.72493), (43.00478, -78.72641), (43.00682, -78.72642), (43.00697, -78.72923)]
(43, 15)[(42.92247, -78.75388), (42.93037, -78.75414), (42.93073, -78.76127), (42.93587, -78.76601), (42.94488, -78.76612), (42.9489, -78.76281), (42.95396, -78.76595), (42.96664, -78.76835), (42.97824, -78.7826), (42.98573, -78.7951), (42.99734, -78.80538), (43.00157, -78.80289), (43.01341, -78.80182), (43.02051, -78.79585), (43.02368, -78.78987), (43.02516, -78.78416), (43.02607, -78.76496), (43.02836, -78.76171), (43.0348, -78.75907), (43.03477, -78.75071), (43.03812, -78.74987)]
(43, 16)[(42.92247, -78.75388), (42.93037, -78.75414), (42.93027, -78.75939), (42.93073, -78.76127), (42.93212, -78.76323), (42.93355, -78.76367), (42.93587, -78.76601), (42.94488, -78.76612), (42.9461, -78.76549), (42.94765, -78.76333), (42.9489, -78.76281), (42.95134, -78.76353), (42.95396, -78.76595), (42.96363, -78.76709), (42.96752, -78.76899), (42.97592, -78.77955), (42.97849, -78.7817), (42.97914, -78.79224), (42.97654, -78.79268), (42.97339, -78.79155), (42.9734, -78.79098)]
(43, 17)[(42.92247, -78.75388), (42.92246, -78.75415), (42.88562, -78.7546), (42.88505, -78.75514), (42.88376, -78.75859), (42.88457, -78.79674), (42.88425, -78.79821), (42.88527, -78.80158), (42.88468, -78.80384), (42.8848, -78.81828), (42.88637, -78.81824), (42.88622, -78.81874)]
(43, 18)[(42.92247, -78.75388), (42.92246, -78.75415), (42.92707, -78.75414), (42.93502, -78.71406), (42.93697, -78.71039), (42.93682, -78.70578), (42.93728, -78.69969), (42.94041, -78.68602), (42.94189, -78.68352), (42.94431, -78.67715), (42.95167, -78.67709), (42.95172, -78.67567)]
(43, 19)[(42.92247, -78.75388), (42.92246, -78.75415), (42.92707, -78.75414), (42.92495, -78.76541), (42.92456, -78.76937), (42.92452, -78.77483), (42.91848, -78.79915), (42.91469, -78.80862), (42.91402, -78.81026), (42.91068, -78.81029), (42.91026, -78.80991)]
(43, 20)[(42.92247, -78.75388), (42.93037, -78.75414), (42.93027, -78.75939), (42.93073, -78.76127), (42.93212, -78.76323), (42.93355, -78.76367), (42.93587, -78.76601), (42.94488, -78.76612), (42.9461, -78.76549), (42.94765, -78.76333), (42.9489, -78.76281), (42.95134, -78.76353), (42.95396, -78.76595), (42.96529, -78.76757), (42.96832, -78.76976), (42.97592, -78.77955), (42.97849, -78.7817), (42.98087, -78.82304), (42.98058, -78.83415)]
(43, 21)[(42.92247, -78.75388), (42.93037, -78.75414), (42.93035, -78.76007), (42.93245, -78.76452), (42.93306, -78.77511), (42.93273, -78.79279), (42.9332, -78.79844), (42.93321, -78.81081), (42.93016, -78.82049), (42.92964, -78.83189), (42.92745, -78.8376), (42.92278, -78.84327), (42.91379, -78.84368), (42.91395, -78.865), (42.91438, -78.86591)]
(43, 22)[(42.92247, -78.75388), (42.92246, -78.75415), (42.91885, -78.75418), (42.91877, -78.73756), (42.91272, -78.73296), (42.90965, -78.73003), (42.9089, -78.72385), (42.90876, -78.71709), (42.91467, -78.67943), (42.90997, -78.67843), (42.90786, -78.67835), (42.90783, -78.67386), (42.90649, -78.67384), (42.90586, -78.67337), (42.90398, -78.67326), (42.904, -78.67361)]
(43, 23)[(42.92247, -78.75388), (42.93037, -78.75414), (42.93035, -78.76007), (42.93256, -78.76532), (42.93306, -78.77511), (42.93274, -78.79331), (42.9335, -78.799), (42.93806, -78.79903), (42.94232, -78.80336), (42.94889, -78.80343), (42.94921, -78.82167), (42.95145, -78.82559), (42.95281, -78.82947), (42.95486, -78.82779), (42.95568, -78.82963), (42.95818, -78.83188), (42.96183, -78.83929), (42.96642, -78.84575), (42.96633, -78.85265), (42.96561, -78.85315)]
(43, 24)[(42.92247, -78.75388), (42.92246, -78.75415), (42.90268, -78.75445), (42.90284, -78.7551), (42.90378, -78.75515), (42.90381, -78.75584), (42.89899, -78.79766), (42.89837, -78.80219), (42.89758, -78.80455), (42.89786, -78.80696), (42.8975, -78.80945), (42.89653, -78.80947), (42.89617, -78.81238)]
(43, 25)[(42.92247, -78.75388), (42.93037, -78.75414), (42.93073, -78.76127), (42.93587, -78.76601), (42.94488, -78.76612), (42.9489, -78.76281), (42.95396, -78.76595), (42.96363, -78.76709), (42.96752, -78.76899), (42.97824, -78.7826), (42.98468, -78.79375), (42.99223, -78.80102), (43.00102, -78.81241), (43.00338, -78.81718), (43.00432, -78.82343), (43.00141, -78.83605), (43.00094, -78.84986), (42.99591, -78.86357), (42.99595, -78.86961), (42.99718, -78.87427), (42.9984, -78.87484), (42.99739, -78.87344), (42.99699, -78.86487)]
(43, 26)[(42.92247, -78.75388), (42.93037, -78.75414), (42.93073, -78.76127), (42.93587, -78.76601), (42.94488, -78.76612), (42.9489, -78.76281), (42.95396, -78.76595), (42.96363, -78.76709), (42.96752, -78.76899), (42.97824, -78.7826), (42.98468, -78.79375), (42.99223, -78.80102), (43.00102, -78.81241), (43.00535, -78.82024), (43.00545, -78.82236), (43.03606, -78.82314), (43.036, -78.82855), (43.03039, -78.8307), (43.03038, -78.8328)]
(43, 27)[(42.92247, -78.75388), (42.93037, -78.75414), (42.93073, -78.76127), (42.93587, -78.76601), (42.94488, -78.76612), (42.9489, -78.76281), (42.95396, -78.76595), (42.96664, -78.76835), (42.97824, -78.7826), (42.98573, -78.7951), (42.99672, -78.80527), (43.00157, -78.80289), (43.01341, -78.80182), (43.01791, -78.79878), (43.01888, -78.79713), (43.01805, -78.79614), (43.01748, -78.79899), (43.03229, -78.79943), (43.03128, -78.79733)]
(43, 28)[(42.92247, -78.75388), (42.92246, -78.75415), (42.92707, -78.75414), (42.93502, -78.71406), (42.93697, -78.71039), (42.93682, -78.70578), (42.93728, -78.69969), (42.93911, -78.69191), (42.93951, -78.69193)]
(43, 29)[(42.92247, -78.75388), (42.93037, -78.75414), (42.93027, -78.75939), (42.93073, -78.76127), (42.93212, -78.76323), (42.93355, -78.76367), (42.93587, -78.76601), (42.94488, -78.76612), (42.9461, -78.76549), (42.94765, -78.76333), (42.9489, -78.76281), (42.95134, -78.76353), (42.95396, -78.76595), (42.96433, -78.76727), (42.96832, -78.76976), (42.97592, -78.77955), (42.97849, -78.7817), (42.97951, -78.79889), (42.97418, -78.80383), (42.97506, -78.80406), (42.97521, -78.80746)]
(43, 30)[(42.92247, -78.75388), (42.92707, -78.75414), (42.93502, -78.71406), (42.93697, -78.71039), (42.9369, -78.7033), (42.93794, -78.69693), (42.96526, -78.69675), (42.96505, -78.67722), (42.98605, -78.67702), (42.98605, -78.67534)]
(43, 31)[(42.92247, -78.75388), (42.93037, -78.75414), (42.93028, -78.75959), (42.93245, -78.76452), (42.93306, -78.77511), (42.93273, -78.79279), (42.9332, -78.79844), (42.93317, -78.81129), (42.93007, -78.82096), (42.92939, -78.83308), (42.92745, -78.8376), (42.92386, -78.84251), (42.92358, -78.84371), (42.92995, -78.85427), (42.93297, -78.85763), (42.93429, -78.86656), (42.93534, -78.86626), (42.93691, -78.86722), (42.96193, -78.86994), (42.9619, -78.87397)]
(43, 32)[(42.92247, -78.75388), (42.92246, -78.75415), (42.93037, -78.75414), (42.93035, -78.76007), (42.93073, -78.76127), (42.93212, -78.76351), (42.93256, -78.76532), (42.93259, -78.76935), (42.93306, -78.77511), (42.93308, -78.78719), (42.93274, -78.79331), (42.9335, -78.799), (42.93806, -78.79903), (42.94232, -78.80336), (42.94952, -78.80342), (42.95044, -78.80389), (42.95273, -78.80388), (42.95282, -78.80466), (42.95357, -78.80512), (42.95396, -78.80615)]
(43, 33)[(42.92247, -78.75388), (42.90721, -78.75439), (42.90903, -78.76231), (42.90928, -78.76903), (42.91089, -78.76933), (42.91145, -78.76772), (42.91007, -78.76676), (42.88641, -78.76777), (42.8827, -78.76902), (42.87941, -78.7733), (42.87612, -78.78625), (42.87325, -78.78953), (42.8657, -78.79191), (42.85798, -78.79212), (42.85146, -78.79027), (42.84427, -78.79285), (42.82836, -78.79308), (42.82833, -78.81322), (42.82601, -78.82142), (42.82574, -78.82704), (42.82762, -78.84829), (42.82452, -78.84882)]
(43, 34)[(42.92247, -78.75388), (42.90721, -78.75439), (42.90903, -78.76231), (42.90928, -78.76903), (42.91089, -78.76933), (42.91145, -78.76772), (42.91007, -78.76676), (42.88641, -78.76777), (42.8827, -78.76902), (42.87941, -78.7733), (42.87612, -78.78625), (42.87325, -78.78953), (42.8657, -78.79191), (42.85798, -78.79212), (42.85146, -78.79027), (42.84427, -78.79285), (42.82836, -78.79308), (42.82833, -78.81322), (42.82601, -78.82142), (42.82574, -78.82704), (42.82762, -78.84829), (42.83096, -78.84928), (42.83211, -78.843), (42.83153, -78.84174)]
(43, 35)[(42.92247, -78.75388), (42.90273, -78.75437), (42.90278, -78.75506), (42.90378, -78.75515), (42.90381, -78.75584), (42.90049, -78.78464), (42.8987, -78.78474), (42.89836, -78.78416), (42.87505, -78.78484), (42.87145, -78.78732), (42.8645, -78.78724), (42.86403, -78.78522), (42.86583, -78.78515)]
(43, 36)[(42.92247, -78.75388), (42.90273, -78.75437), (42.90278, -78.75506), (42.90378, -78.75515), (42.90381, -78.75584), (42.90049, -78.78464), (42.8987, -78.78474), (42.89836, -78.78416), (42.87505, -78.78484), (42.87092, -78.7874), (42.84736, -78.78808), (42.84554, -78.78923), (42.84455, -78.78653), (42.84686, -78.78497)]
(43, 37)[(42.92247, -78.75388), (42.90721, -78.75439), (42.90746, -78.7571), (42.90903, -78.76231), (42.90928, -78.76903), (42.91089, -78.76933), (42.91145, -78.76772), (42.91007, -78.76676), (42.88558, -78.76785), (42.88189, -78.76971), (42.87978, -78.77253), (42.87894, -78.77466), (42.87659, -78.78509), (42.87614, -78.80865), (42.8752, -78.81191), (42.87201, -78.81711), (42.87206, -78.81998), (42.86345, -78.82581), (42.86015, -78.82561), (42.85813, -78.82458), (42.85779, -78.82191), (42.85722, -78.82116), (42.8565, -78.82199)]
(43, 38)[(42.92247, -78.75388), (42.83949, -78.75407), (42.83967, -78.77126), (42.84071, -78.77092)]
(43, 39)[(42.92247, -78.75388), (42.8852, -78.7546), (42.87702, -78.75325), (42.87243, -78.75396), (42.86995, -78.75787), (42.86806, -78.75865), (42.8678, -78.76158), (42.86677, -78.76161)]
(43, 40)[(42.92247, -78.75388), (42.8852, -78.7546), (42.87805, -78.75319), (42.87031, -78.75414), (42.85517, -78.75465), (42.85641, -78.74126), (42.85765, -78.74123)]
(44, 0)[(42.97483, -78.85841), (42.98099, -78.8586), (42.98098, -78.88539), (42.96093, -78.88887), (42.96158, -78.894), (42.95996, -78.89425), (42.95379, -78.89998), (42.95341, -78.89921)]
(44, 1)[(42.97483, -78.85841), (42.98079, -78.8586), (42.98071, -78.82304), (42.97937, -78.79902), (42.98302, -78.79541), (42.98234, -78.79071), (42.97815, -78.7829), (42.9673, -78.76914), (42.96353, -78.76733), (42.95187, -78.76609), (42.95019, -78.76464), (42.94987, -78.76175), (42.95146, -78.75889), (42.95198, -78.7546), (42.95191, -78.74358), (42.95062, -78.73236), (42.95051, -78.70613), (42.94987, -78.70446), (42.94801, -78.70257), (42.94705, -78.69956), (42.94701, -78.69694), (42.94095, -78.69695)]
(44, 2)[(42.97483, -78.85841), (42.98079, -78.8586), (42.9807, -78.82283), (42.9782, -78.7767), (42.97818, -78.67704), (43.00026, -78.67701), (43.00117, -78.67598)]
(44, 3)[(42.97483, -78.85841), (42.98555, -78.85858), (42.9866, -78.85722), (42.98663, -78.85381), (42.98713, -78.8528), (42.99542, -78.85266), (42.9999, -78.85172), (43.00089, -78.84866), (43.00121, -78.83606), (43.00384, -78.82651), (43.00405, -78.82204), (43.00352, -78.81855), (43.00227, -78.81506), (42.99769, -78.80909), (42.99769, -78.80638), (42.99946, -78.80405), (43.00157, -78.80289), (43.00894, -78.8029), (43.01341, -78.80182), (43.01685, -78.79975), (43.01987, -78.79667), (43.02328, -78.79086), (43.02496, -78.78524), (43.02557, -78.78005), (43.02552, -78.76759), (43.02635, -78.76424), (43.02887, -78.76139), (43.0348, -78.75907), (43.03428, -78.70265), (43.03339, -78.69695), (43.03038, -78.69694), (43.0303, -78.69747)]
(44, 4)[(42.97483, -78.85841), (42.97439, -78.85839), (42.97425, -78.8558), (42.96291, -78.84104), (42.95818, -78.83188), (42.95568, -78.82963), (42.95486, -78.82779), (42.95281, -78.82947), (42.95145, -78.82559), (42.94913, -78.82133), (42.94889, -78.80343), (42.94232, -78.80336), (42.93806, -78.79903), (42.93279, -78.799), (42.93293, -78.77477), (42.93238, -78.76918), (42.93117, -78.76848)]
(44, 5)[(42.97483, -78.85841), (42.97439, -78.85839), (42.97438, -78.85602), (42.97256, -78.85311), (42.96872, -78.84868), (42.96299, -78.84115), (42.9614, -78.83862), (42.95818, -78.83188), (42.95568, -78.82963), (42.95307, -78.82377), (42.94712, -78.83044), (42.94917, -78.83122)]
(44, 6)[(42.97483, -78.85841), (42.94812, -78.85904), (42.94123, -78.85564), (42.94047, -78.86027), (42.9395, -78.8604), (42.93534, -78.86626), (42.93219, -78.86527), (42.92888, -78.86629), (42.92804, -78.86756), (42.92801, -78.87374), (42.92589, -78.87385), (42.92327, -78.87766)]
(44, 7)[(42.97483, -78.85841), (42.98079, -78.8586), (42.9807, -78.82283), (42.9909, -78.82245), (42.99073, -78.8042), (42.99514, -78.80162), (42.99784, -78.79903), (43.0, -78.79862), (42.99993, -78.79662), (43.0033, -78.79637), (43.00417, -78.7959), (43.00469, -78.79514), (43.00506, -78.79389), (43.00539, -78.78974), (43.00636, -78.7896), (43.0068, -78.78916), (43.00697, -78.78704), (43.00783, -78.78733), (43.00861, -78.78862)]
(44, 8)[(42.97483, -78.85841), (42.98079, -78.8586), (42.98071, -78.82304), (42.97937, -78.79902), (42.98219, -78.79643), (42.98209, -78.7962), (42.98245, -78.79572), (42.98229, -78.79544)]
(44, 9)[(42.97483, -78.85841), (42.98079, -78.8586), (42.98071, -78.82304), (42.97937, -78.79902), (42.98308, -78.79497), (42.98209, -78.78995), (42.97887, -78.78401), (42.96815, -78.76992), (42.96353, -78.76733), (42.94772, -78.76587), (42.89289, -78.76746), (42.88402, -78.7689), (42.8841, -78.77243), (42.8909, -78.7723)]
(44, 10)[(42.97483, -78.85841), (42.98079, -78.8586), (42.98071, -78.82304), (42.97937, -78.79902), (42.98302, -78.79541), (42.98234, -78.79071), (42.97815, -78.7829), (42.96815, -78.76992), (42.96425, -78.76751), (42.96165, -78.76896), (42.95895, -78.7681), (42.9592, -78.76529), (42.95829, -78.76516), (42.95899, -78.76637), (42.96433, -78.76727), (42.96752, -78.76899), (42.97633, -78.77999)]
(44, 11)[(42.97483, -78.85841), (42.98079, -78.8586), (42.98071, -78.82304), (42.97937, -78.79902), (42.99112, -78.78856), (42.99602, -78.78576), (42.99686, -78.78372), (42.99706, -78.77723), (42.99823, -78.77491), (43.00344, -78.77215), (43.008, -78.77363), (43.00649, -78.76831), (43.00665, -78.76466), (43.00753, -78.76416)]
(44, 12)[(42.97483, -78.85841), (42.98079, -78.8586), (42.98071, -78.82304), (42.97937, -78.79902), (42.98308, -78.79497), (42.98209, -78.78995), (42.97887, -78.78401), (42.96815, -78.76992), (42.96353, -78.76733), (42.94772, -78.76587), (42.89289, -78.76746), (42.88402, -78.7689), (42.88395, -78.76565), (42.88512, -78.76562)]
(44, 13)[(42.97483, -78.85841), (42.98079, -78.8586), (42.9807, -78.82283), (42.97843, -78.78222), (42.97811, -78.76787), (42.97286, -78.76184), (42.96821, -78.7593), (42.96561, -78.75638), (42.96105, -78.75549), (42.96611, -78.72469), (42.95306, -78.72472), (42.95287, -78.72027)]
(44, 14)[(42.97483, -78.85841), (42.98079, -78.8586), (42.98071, -78.82304), (42.97937, -78.79902), (42.99127, -78.78778), (42.99109, -78.72473), (43.00463, -78.72504), (43.00478, -78.72641), (43.00682, -78.72642), (43.00697, -78.72923)]
(44, 15)[(42.97483, -78.85841), (42.98555, -78.85858), (42.9866, -78.85722), (42.98663, -78.85381), (42.98713, -78.8528), (42.99542, -78.85266), (42.9999, -78.85172), (43.00089, -78.84866), (43.00121, -78.83606), (43.00384, -78.82651), (43.00405, -78.82204), (43.00352, -78.81855), (43.00227, -78.81506), (42.99769, -78.80909), (42.99769, -78.80638), (42.99946, -78.80405), (43.00157, -78.80289), (43.00894, -78.8029), (43.01417, -78.80148), (43.01746, -78.79922), (43.02051, -78.79585), (43.02368, -78.78987), (43.02516, -78.78416), (43.02567, -78.77536), (43.02552, -78.76759), (43.02607, -78.76496), (43.02836, -78.76171), (43.0348, -78.75907), (43.03477, -78.75071), (43.03813, -78.75069), (43.03812, -78.74987)]
(44, 16)[(42.97483, -78.85841), (42.98079, -78.8586), (42.98071, -78.82304), (42.97901, -78.79226), (42.97654, -78.79268), (42.97339, -78.79155), (42.9734, -78.79098)]
(44, 17)[(42.97483, -78.85841), (42.94774, -78.859), (42.94123, -78.85564), (42.94105, -78.85223), (42.93937, -78.85066), (42.93296, -78.8519), (42.93015, -78.85484), (42.92463, -78.84577), (42.9215, -78.84367), (42.90898, -78.84349), (42.90369, -78.84637), (42.90373, -78.84463), (42.88504, -78.84403), (42.8848, -78.81828), (42.88622, -78.81874)]
(44, 18)[(42.97483, -78.85841), (42.98079, -78.8586), (42.98071, -78.82304), (42.97937, -78.79902), (42.98305, -78.79473), (42.98209, -78.78995), (42.97887, -78.78401), (42.96777, -78.76956), (42.96353, -78.76733), (42.95153, -78.766), (42.94992, -78.76385), (42.95198, -78.7546), (42.95062, -78.73236), (42.95067, -78.70763), (42.95016, -78.70496), (42.9478, -78.70201), (42.94701, -78.69694), (42.9564, -78.69683), (42.95616, -78.67708), (42.95167, -78.67709), (42.95172, -78.67567)]
(44, 19)[(42.97483, -78.85841), (42.97439, -78.85839), (42.97425, -78.8558), (42.96291, -78.84104), (42.95818, -78.83188), (42.95568, -78.82963), (42.95486, -78.82779), (42.95281, -78.82947), (42.95145, -78.82559), (42.94921, -78.82167), (42.94898, -78.81371), (42.90976, -78.81377), (42.90979, -78.80929), (42.91027, -78.80929), (42.91026, -78.80991)]
(44, 20)[(42.97483, -78.85841), (42.98079, -78.8586), (42.98087, -78.85052), (42.98077, -78.83437), (42.98075, -78.83409), (42.98058, -78.83415)]
(44, 21)[(42.97483, -78.85841), (42.94774, -78.859), (42.94123, -78.85564), (42.94131, -78.85371), (42.9404, -78.85075), (42.93758, -78.85065), (42.93296, -78.8519), (42.93015, -78.85484), (42.92787, -78.85128), (42.91535, -78.86445), (42.91401, -78.86498), (42.91438, -78.86591)]
(44, 22)[(42.97483, -78.85841), (42.98079, -78.8586), (42.98071, -78.82304), (42.97937, -78.79902), (42.98305, -78.79473), (42.98209, -78.78995), (42.97887, -78.78401), (42.96777, -78.76956), (42.96425, -78.76751), (42.95187, -78.76609), (42.95019, -78.76464), (42.94987, -78.76175), (42.95146, -78.75889), (42.95198, -78.7546), (42.95034, -78.70542), (42.94801, -78.70257), (42.94701, -78.69694), (42.93426, -78.69693), (42.93262, -78.68354), (42.93326, -78.67722), (42.93058, -78.67627), (42.92788, -78.67275), (42.90422, -78.67083), (42.904, -78.67361)]
(44, 23)[(42.97483, -78.85841), (42.96799, -78.85843), (42.96563, -78.85833), (42.96561, -78.85315)]
(44, 24)[(42.97483, -78.85841), (42.97439, -78.85839), (42.97425, -78.8558), (42.96291, -78.84104), (42.95818, -78.83188), (42.95568, -78.82963), (42.95486, -78.82779), (42.95281, -78.82947), (42.95145, -78.82559), (42.94921, -78.82167), (42.94898, -78.81371), (42.89596, -78.81407), (42.89617, -78.81238)]
(44, 25)[(42.97483, -78.85841), (42.98099, -78.8586), (42.98097, -78.87238), (42.9984, -78.87484), (42.9983, -78.87415), (42.99739, -78.87344), (42.99739, -78.86489), (42.99699, -78.86487)]
(44, 26)[(42.97483, -78.85841), (42.98555, -78.85858), (42.9866, -78.85722), (42.98663, -78.85381), (42.98713, -78.8528), (42.99977, -78.85194), (43.00089, -78.84866), (43.00096, -78.83887), (43.00145, -78.83449), (43.00402, -78.82529), (43.004, -78.82142), (43.00311, -78.82053), (43.00269, -78.82171), (43.00346, -78.8223), (43.03186, -78.82221), (43.03606, -78.82314), (43.036, -78.82855), (43.03419, -78.82878), (43.03039, -78.8307), (43.03038, -78.8328)]
(44, 27)[(42.97483, -78.85841), (42.98079, -78.8586), (42.9807, -78.82283), (42.9909, -78.82245), (42.99073, -78.8042), (42.99514, -78.80162), (42.99862, -78.79869), (43.03229, -78.79943), (43.03229, -78.79804), (43.03137, -78.79796), (43.03128, -78.79733)]
(44, 28)[(42.97483, -78.85841), (42.98079, -78.8586), (42.98071, -78.82304), (42.97937, -78.79902), (42.98302, -78.79541), (42.98234, -78.79071), (42.97815, -78.7829), (42.9673, -78.76914), (42.96353, -78.76733), (42.95187, -78.76609), (42.95019, -78.76464), (42.94987, -78.76175), (42.95146, -78.75889), (42.95198, -78.7546), (42.95191, -78.74358), (42.95062, -78.73236), (42.95051, -78.70613), (42.94987, -78.70446), (42.94801, -78.70257), (42.94705, -78.69956), (42.94701, -78.69694), (42.93794, -78.69693), (42.93911, -78.69191), (42.93951, -78.69193)]
(44, 29)[(42.97483, -78.85841), (42.98079, -78.8586), (42.98087, -78.85052), (42.98072, -78.82526), (42.97962, -78.82275), (42.97746, -78.81499), (42.977, -78.81155), (42.97552, -78.80931), (42.9743, -78.80827), (42.97443, -78.80799), (42.97523, -78.80798), (42.97521, -78.80746)]
(44, 30)[(42.97483, -78.85841), (42.98079, -78.8586), (42.9807, -78.82283), (42.9782, -78.7767), (42.97818, -78.67704), (42.98605, -78.67702), (42.98605, -78.67534)]
(44, 31)[(42.97483, -78.85841), (42.97439, -78.85839), (42.97443, -78.8659), (42.97206, -78.86606), (42.9696, -78.86722), (42.96525, -78.86866), (42.96299, -78.86976), (42.96282, -78.87004), (42.96193, -78.86994), (42.9619, -78.87397)]
(44, 32)[(42.97483, -78.85841), (42.97439, -78.85839), (42.97425, -78.8558), (42.97205, -78.85238), (42.96879, -78.84877), (42.96291, -78.84104), (42.9614, -78.83862), (42.95818, -78.83188), (42.95568, -78.82963), (42.95486, -78.82779), (42.95281, -78.82947), (42.95158, -78.82679), (42.95145, -78.82559), (42.94921, -78.82167), (42.94898, -78.81371), (42.94941, -78.81273), (42.94948, -78.81141), (42.94987, -78.81085), (42.95134, -78.8106), (42.95189, -78.80826), (42.9524, -78.80785), (42.95346, -78.80768), (42.95384, -78.80714), (42.95396, -78.80615)]
(44, 33)[(42.97483, -78.85841), (42.98099, -78.8586), (42.98062, -78.90222), (42.96599, -78.92248), (42.96162, -78.91984), (42.95444, -78.91056), (42.9436, -78.90807), (42.93357, -78.90289), (42.92888, -78.89887), (42.91507, -78.90154), (42.90288, -78.90096), (42.89848, -78.89804), (42.87942, -78.87927), (42.87574, -78.87806), (42.86946, -78.87875), (42.85227, -78.86365), (42.82774, -78.85092), (42.82762, -78.84829), (42.82452, -78.84882)]
(44, 34)[(42.97483, -78.85841), (42.98099, -78.8586), (42.98062, -78.90222), (42.96599, -78.92248), (42.96162, -78.91984), (42.95444, -78.91056), (42.9436, -78.90807), (42.93357, -78.90289), (42.92888, -78.89887), (42.91446, -78.90159), (42.90183, -78.90037), (42.87942, -78.87927), (42.87574, -78.87806), (42.86946, -78.87875), (42.85227, -78.86365), (42.82774, -78.85092), (42.82762, -78.84829), (42.83096, -78.84928), (42.83211, -78.843), (42.83153, -78.84174)]
(44, 35)[(42.97483, -78.85841), (42.98079, -78.8586), (42.98071, -78.82304), (42.97937, -78.79902), (42.98308, -78.79497), (42.98209, -78.78995), (42.97887, -78.78401), (42.96641, -78.76853), (42.94772, -78.76587), (42.88767, -78.76773), (42.88402, -78.7689), (42.88435, -78.7846), (42.87505, -78.78484), (42.87092, -78.7874), (42.8645, -78.78724), (42.86403, -78.78522), (42.86583, -78.78515)]
(44, 36)[(42.97483, -78.85841), (42.98079, -78.8586), (42.98071, -78.82304), (42.97937, -78.79902), (42.98308, -78.79497), (42.98209, -78.78995), (42.97887, -78.78401), (42.96641, -78.76853), (42.94772, -78.76587), (42.88558, -78.76785), (42.88225, -78.76937), (42.87978, -78.77253), (42.87627, -78.78589), (42.87325, -78.78953), (42.8657, -78.79191), (42.85362, -78.79102), (42.85103, -78.7928), (42.84994, -78.79169), (42.84933, -78.78468), (42.84799, -78.78243), (42.84625, -78.78232), (42.84122, -78.78565), (42.84224, -78.78811), (42.84686, -78.78497)]
(44, 37)[(42.97483, -78.85841), (42.98099, -78.8586), (42.98062, -78.90222), (42.96586, -78.92247), (42.96162, -78.91984), (42.95444, -78.91056), (42.9436, -78.90807), (42.93357, -78.90289), (42.92888, -78.89887), (42.91507, -78.90154), (42.90454, -78.90136), (42.89848, -78.89804), (42.87963, -78.87838), (42.87347, -78.8586), (42.8676, -78.82878), (42.86641, -78.82717), (42.86513, -78.82744), (42.86473, -78.82529), (42.85984, -78.82552), (42.85813, -78.82458), (42.85722, -78.82116), (42.8565, -78.82199)]
(44, 38)[(42.97483, -78.85841), (42.98079, -78.8586), (42.98071, -78.82304), (42.97937, -78.79902), (42.98308, -78.79497), (42.98209, -78.78995), (42.97887, -78.78401), (42.96641, -78.76853), (42.94772, -78.76587), (42.88558, -78.76785), (42.88225, -78.76937), (42.87978, -78.77253), (42.87627, -78.78589), (42.8737, -78.78929), (42.8657, -78.79191), (42.85362, -78.79102), (42.8512, -78.7928), (42.84994, -78.79169), (42.84933, -78.78468), (42.84828, -78.78265), (42.84625, -78.78232), (42.84122, -78.78565), (42.83988, -78.78304), (42.83968, -78.77197), (42.84071, -78.77092)]
(44, 39)[(42.97483, -78.85841), (42.98079, -78.8586), (42.98071, -78.82304), (42.97937, -78.79902), (42.98308, -78.79497), (42.98209, -78.78995), (42.97887, -78.78401), (42.96777, -78.76956), (42.96353, -78.76733), (42.94772, -78.76587), (42.89289, -78.76746), (42.88402, -78.7689), (42.88376, -78.75859), (42.88494, -78.75471), (42.87861, -78.75323), (42.87243, -78.75396), (42.86995, -78.75787), (42.86806, -78.75865), (42.8678, -78.76158), (42.86677, -78.76161)]
(44, 40)[(42.97483, -78.85841), (42.98079, -78.8586), (42.98071, -78.82304), (42.97937, -78.79902), (42.98308, -78.79497), (42.98209, -78.78995), (42.97887, -78.78401), (42.96815, -78.76992), (42.96353, -78.76733), (42.94772, -78.76587), (42.89289, -78.76746), (42.88402, -78.7689), (42.88376, -78.75859), (42.88474, -78.75453), (42.87805, -78.75319), (42.85517, -78.75465), (42.85641, -78.74126), (42.85765, -78.74123)]
(45, 0)[(43.01874, -78.82288), (43.01874, -78.82223), (43.00472, -78.82273), (43.00426, -78.82601), (43.00141, -78.83605), (43.00094, -78.84986), (42.99993, -78.85333), (42.99686, -78.85942), (42.99602, -78.86271), (42.99558, -78.87578), (42.99596, -78.87711), (42.99669, -78.87706), (42.99702, -78.87516), (42.99632, -78.87463), (42.98097, -78.87238), (42.98098, -78.88539), (42.96093, -78.88887), (42.96158, -78.894), (42.95996, -78.89425), (42.95379, -78.89998), (42.95341, -78.89921)]
(45, 1)[(43.01874, -78.82288), (43.01874, -78.82223), (43.00331, -78.82247), (43.00288, -78.82291), (43.00315, -78.82432), (43.00402, -78.82361), (43.0039, -78.82056), (43.00304, -78.81694), (43.00137, -78.81337), (42.99179, -78.8009), (42.98448, -78.79394), (42.97815, -78.7829), (42.96872, -78.77053), (42.96425, -78.76751), (42.95187, -78.76609), (42.95037, -78.76498), (42.94987, -78.76175), (42.95146, -78.75889), (42.95198, -78.7546), (42.95191, -78.74358), (42.95062, -78.73236), (42.95051, -78.70613), (42.94987, -78.70446), (42.94801, -78.70257), (42.94705, -78.69956), (42.94701, -78.69694), (42.94095, -78.69695)]
(45, 2)[(43.01874, -78.82288), (43.01874, -78.82223), (42.99091, -78.82268), (42.99072, -78.80196), (42.99149, -78.77062), (42.99103, -78.75794), (42.99108, -78.72), (42.98932, -78.70225), (42.98925, -78.67702), (43.00026, -78.67701), (43.00026, -78.67594), (43.00117, -78.67598)]
(45, 3)[(43.01874, -78.82288), (43.01874, -78.82223), (43.02429, -78.82216), (43.0243, -78.82169), (43.02243, -78.8117), (43.0212, -78.80821), (43.02037, -78.80794), (43.0199, -78.80688), (43.02052, -78.8035), (43.02007, -78.79899), (43.01738, -78.79899), (43.0174, -78.7968), (43.01791, -78.79607), (43.0203, -78.79571), (43.02129, -78.79468), (43.02441, -78.78759), (43.02544, -78.78202), (43.02552, -78.76759), (43.02635, -78.76424), (43.02887, -78.76139), (43.0348, -78.75907), (43.03428, -78.70265), (43.03339, -78.69695), (43.03038, -78.69694), (43.0303, -78.69747)]
(45, 4)[(43.01874, -78.82288), (43.00331, -78.82247), (43.00308, -78.82426), (43.00402, -78.82361), (43.00371, -78.81938), (43.00127, -78.81321), (42.99179, -78.8009), (42.98483, -78.79439), (42.97815, -78.7829), (42.96641, -78.76853), (42.9564, -78.76638), (42.93634, -78.76654), (42.93265, -78.76933), (42.93331, -78.78392), (42.93268, -78.78413), (42.93278, -78.77305), (42.93235, -78.76906), (42.93117, -78.76848)]
(45, 5)[(43.01874, -78.82288), (43.01874, -78.82223), (43.00545, -78.82236), (42.95816, -78.82382), (42.95398, -78.82275), (42.94712, -78.83044), (42.94917, -78.83122)]
(45, 6)[(43.01874, -78.82288), (42.95816, -78.82382), (42.95398, -78.82275), (42.92221, -78.85727), (42.92228, -78.86947), (42.92425, -78.87172), (42.92422, -78.87626), (42.92327, -78.87766)]
(45, 7)[(43.01874, -78.82288), (43.01874, -78.82223), (43.02429, -78.82216), (43.0243, -78.82199), (43.02407, -78.81959), (43.02316, -78.81588), (43.02243, -78.8117), (43.0212, -78.80821), (43.02037, -78.80794), (43.02005, -78.80746), (43.0199, -78.80688), (43.0199, -78.80628), (43.02052, -78.8035), (43.02, -78.80143), (43.02007, -78.79899), (43.01231, -78.79897), (43.01247, -78.7922), (43.01211, -78.79199), (43.01137, -78.79), (43.01058, -78.78854), (43.01003, -78.78889), (43.00906, -78.78883), (43.00861, -78.78862)]
(45, 8)[(43.01874, -78.82288), (43.01874, -78.82223), (43.00331, -78.82247), (43.00288, -78.82291), (43.00288, -78.82377), (43.00315, -78.82432), (43.00372, -78.82428), (43.00402, -78.82361), (43.00371, -78.81938), (43.00268, -78.81598), (43.00089, -78.81266), (42.99298, -78.80231), (42.99067, -78.79973), (42.9866, -78.79653), (42.9846, -78.79644), (42.98375, -78.79531), (42.98219, -78.79643), (42.98209, -78.7962), (42.98245, -78.79572), (42.98229, -78.79544)]
(45, 9)[(43.01874, -78.82288), (43.00331, -78.82247), (43.00308, -78.82426), (43.00402, -78.82361), (43.00371, -78.81938), (43.00112, -78.81299), (42.99179, -78.8009), (42.98448, -78.79394), (42.97815, -78.7829), (42.96872, -78.77053), (42.9648, -78.76768), (42.94772, -78.76587), (42.89289, -78.76746), (42.88402, -78.7689), (42.8841, -78.77243), (42.8909, -78.7723)]
(45, 10)[(43.01874, -78.82288), (43.01874, -78.82223), (43.00331, -78.82247), (43.00288, -78.82291), (43.00308, -78.82426), (43.00402, -78.82361), (43.00361, -78.81893), (43.00239, -78.81532), (43.00032, -78.8119), (42.9914, -78.80045), (42.98448, -78.79394), (42.97815, -78.7829), (42.96872, -78.77053), (42.96425, -78.76751), (42.96165, -78.76896), (42.95895, -78.7681), (42.9592, -78.76529), (42.95829, -78.76516), (42.95899, -78.76637), (42.96433, -78.76727), (42.96752, -78.76899), (42.97633, -78.77999)]
(45, 11)[(43.01874, -78.82288), (43.01874, -78.82223), (43.02512, -78.82215), (43.02504, -78.82061), (43.0233, -78.81375), (43.02323, -78.81212), (43.02229, -78.80903), (43.02245, -78.80681), (43.02106, -78.80145), (43.02132, -78.80034), (43.02211, -78.79948), (43.02221, -78.79899), (43.02671, -78.79913), (43.02668, -78.79771), (43.0264, -78.79684), (43.02458, -78.79497), (43.02407, -78.79376), (43.02372, -78.78821), (43.02403, -78.78217), (43.02157, -78.783), (43.01726, -78.78283), (43.01519, -78.78182), (43.01248, -78.77915), (43.0108, -78.77901), (43.00819, -78.7742), (43.00657, -78.769), (43.00665, -78.76466), (43.00753, -78.76416)]
(45, 12)[(43.01874, -78.82288), (43.00331, -78.82247), (43.00308, -78.82426), (43.00402, -78.82361), (43.00371, -78.81938), (43.00112, -78.81299), (42.99179, -78.8009), (42.98448, -78.79394), (42.97815, -78.7829), (42.96872, -78.77053), (42.9648, -78.76768), (42.94772, -78.76587), (42.89289, -78.76746), (42.88402, -78.7689), (42.88395, -78.76565), (42.88512, -78.76562)]
(45, 13)[(43.01874, -78.82288), (43.01874, -78.82223), (43.00331, -78.82247), (43.00288, -78.82291), (43.00315, -78.82432), (43.00402, -78.82361), (43.0039, -78.82056), (43.00304, -78.81694), (43.00137, -78.81337), (42.99179, -78.8009), (42.98448, -78.79394), (42.97815, -78.7829), (42.96872, -78.77053), (42.96467, -78.76764), (42.95701, -78.76679), (42.95705, -78.76551), (42.95935, -78.76419), (42.95983, -78.76307), (42.96611, -78.72469), (42.95306, -78.72472), (42.95287, -78.72027)]
(45, 14)[(43.01874, -78.82288), (43.01874, -78.82223), (42.99091, -78.82268), (42.99072, -78.80196), (42.99149, -78.77062), (42.99103, -78.75794), (42.99109, -78.72473), (43.00463, -78.72504), (43.00478, -78.72641), (43.00682, -78.72642), (43.00697, -78.72923)]
(45, 15)[(43.01874, -78.82288), (43.01874, -78.82223), (43.02429, -78.82216), (43.0243, -78.82169), (43.02407, -78.81959), (43.02243, -78.8117), (43.0212, -78.80821), (43.02037, -78.80794), (43.0199, -78.80688), (43.02052, -78.8035), (43.02, -78.80143), (43.02007, -78.79899), (43.01738, -78.79899), (43.01746, -78.79659), (43.01803, -78.79602), (43.0203, -78.79571), (43.02129, -78.79468), (43.02328, -78.79086), (43.02441, -78.78759), (43.02544, -78.78202), (43.02567, -78.77536), (43.02552, -78.76759), (43.02635, -78.76424), (43.02728, -78.76272), (43.02887, -78.76139), (43.0348, -78.75907), (43.03477, -78.75071), (43.03813, -78.75069), (43.03812, -78.74987)]
(45, 16)[(43.01874, -78.82288), (43.01874, -78.82223), (43.00331, -78.82247), (43.00288, -78.82291), (43.00321, -78.82437), (43.00402, -78.82361), (43.004, -78.82148), (43.00227, -78.81506), (42.9914, -78.80045), (42.98725, -78.79696), (42.9846, -78.79644), (42.98375, -78.79531), (42.97937, -78.79902), (42.97901, -78.79226), (42.97654, -78.79268), (42.97339, -78.79155), (42.9734, -78.79098)]
(45, 17)[(43.01874, -78.82288), (43.00331, -78.82247), (43.00315, -78.82432), (43.00402, -78.82361), (43.0039, -78.82056), (43.00137, -78.81337), (42.99179, -78.8009), (42.98448, -78.79394), (42.97815, -78.7829), (42.96815, -78.76992), (42.96353, -78.76733), (42.94772, -78.76587), (42.89289, -78.76746), (42.88402, -78.7689), (42.88425, -78.79843), (42.88527, -78.80172), (42.8848, -78.81828), (42.88622, -78.81874)]
(45, 18)[(43.01874, -78.82288), (43.01874, -78.82223), (43.00331, -78.82247), (43.00288, -78.82291), (43.00315, -78.82432), (43.00402, -78.82361), (43.0039, -78.82056), (43.00304, -78.81694), (43.00137, -78.81337), (42.99179, -78.8009), (42.98448, -78.79394), (42.97815, -78.7829), (42.96872, -78.77053), (42.96425, -78.76751), (42.95187, -78.76609), (42.95019, -78.76464), (42.94987, -78.76175), (42.95146, -78.75889), (42.95198, -78.7546), (42.95191, -78.74358), (42.95062, -78.73236), (42.95067, -78.70763), (42.95016, -78.70496), (42.94836, -78.70334), (42.9478, -78.70201), (42.94705, -78.69956), (42.94701, -78.69694), (42.9564, -78.69683), (42.95616, -78.67708), (42.95167, -78.67709), (42.95172, -78.67567)]
(45, 19)[(43.01874, -78.82288), (43.00331, -78.82247), (43.00308, -78.82426), (43.00402, -78.82361), (43.0039, -78.82056), (43.00137, -78.81337), (42.99179, -78.8009), (42.98448, -78.79394), (42.97815, -78.7829), (42.96928, -78.77125), (42.9648, -78.76768), (42.95816, -78.76651), (42.93679, -78.76644), (42.93294, -78.76872), (42.93331, -78.78413), (42.92218, -78.78423), (42.91848, -78.79915), (42.91402, -78.81026), (42.91026, -78.80991)]
(45, 20)[(43.01874, -78.82288), (43.01874, -78.82223), (42.98087, -78.82304), (42.98075, -78.83409), (42.98058, -78.83415)]
(45, 21)[(43.01874, -78.82288), (42.95816, -78.82382), (42.95398, -78.82275), (42.91401, -78.86498), (42.91438, -78.86591)]
(45, 22)[(43.01874, -78.82288), (43.00331, -78.82247), (43.00315, -78.82432), (43.00402, -78.82361), (43.0039, -78.82056), (43.00137, -78.81337), (42.99179, -78.8009), (42.98448, -78.79394), (42.97815, -78.7829), (42.96872, -78.77053), (42.96425, -78.76751), (42.95037, -78.76498), (42.94987, -78.76175), (42.95146, -78.75889), (42.95198, -78.7546), (42.95062, -78.73236), (42.95051, -78.70613), (42.94801, -78.70257), (42.94701, -78.69694), (42.93426, -78.69693), (42.93262, -78.68354), (42.93326, -78.67722), (42.93107, -78.67665), (42.92644, -78.67218), (42.90422, -78.67083), (42.904, -78.67361)]
(45, 23)[(43.01874, -78.82288), (43.01874, -78.82223), (43.00476, -78.82265), (43.00426, -78.82601), (43.00141, -78.83605), (43.00105, -78.85117), (43.00057, -78.85344), (42.99837, -78.85202), (42.98681, -78.85316), (42.96998, -78.85325), (42.96997, -78.85253), (42.96561, -78.85268), (42.96561, -78.85315)]
(45, 24)[(43.01874, -78.82288), (43.00331, -78.82247), (43.00308, -78.82426), (43.00402, -78.82361), (43.0039, -78.82056), (43.00137, -78.81337), (42.99179, -78.8009), (42.98448, -78.79394), (42.97815, -78.7829), (42.96928, -78.77125), (42.9648, -78.76768), (42.95816, -78.76651), (42.91253, -78.76704), (42.91106, -78.76931), (42.90927, -78.76971), (42.90691, -78.77923), (42.90719, -78.78421), (42.89862, -78.78444), (42.90049, -78.78464), (42.8975, -78.80945), (42.89653, -78.80947), (42.89617, -78.81238)]
(45, 25)[(43.01874, -78.82288), (43.01874, -78.82223), (43.00545, -78.82236), (43.00476, -78.82265), (43.00426, -78.82601), (43.00203, -78.83294), (43.00141, -78.83605), (43.00115, -78.83902), (43.00114, -78.8483), (43.00094, -78.84986), (42.99993, -78.85333), (42.99686, -78.85942), (42.99591, -78.86357), (42.99577, -78.86827), (42.99595, -78.86961), (42.9971, -78.87177), (42.99718, -78.87427), (42.9984, -78.87484), (42.9983, -78.87415), (42.99739, -78.87344), (42.99739, -78.86489), (42.99699, -78.86487)]
(45, 26)[(43.01874, -78.82288), (43.01874, -78.82223), (43.03186, -78.82221), (43.03606, -78.82314), (43.036, -78.82855), (43.03419, -78.82878), (43.03279, -78.82932), (43.03039, -78.8307), (43.03038, -78.8328)]
(45, 27)[(43.01874, -78.82288), (43.01874, -78.82223), (43.02512, -78.82215), (43.02504, -78.82061), (43.02401, -78.8169), (43.0233, -78.81375), (43.02323, -78.81212), (43.02229, -78.80903), (43.02249, -78.80708), (43.02106, -78.80145), (43.02132, -78.80034), (43.02211, -78.79948), (43.02221, -78.79899), (43.03229, -78.79943), (43.03229, -78.79804), (43.03137, -78.79796), (43.03128, -78.79733)]
(45, 28)[(43.01874, -78.82288), (43.00331, -78.82247), (43.00315, -78.82432), (43.00402, -78.82361), (43.0039, -78.82056), (43.00137, -78.81337), (42.99179, -78.8009), (42.98448, -78.79394), (42.97815, -78.7829), (42.96872, -78.77053), (42.96425, -78.76751), (42.95037, -78.76498), (42.94987, -78.76175), (42.95146, -78.75889), (42.95198, -78.7546), (42.95062, -78.73236), (42.95051, -78.70613), (42.94801, -78.70257), (42.94701, -78.69694), (42.93794, -78.69693), (42.93951, -78.69193)]
(45, 29)[(43.01874, -78.82288), (43.01874, -78.82223), (42.97974, -78.82308), (42.97738, -78.81469), (42.977, -78.81155), (42.9743, -78.80827), (42.97523, -78.80798), (42.97521, -78.80746)]
(45, 30)[(43.01874, -78.82288), (43.01874, -78.82223), (43.00331, -78.82247), (43.00288, -78.82291), (43.00308, -78.82426), (43.00402, -78.82361), (43.00371, -78.81938), (43.00127, -78.81321), (42.99179, -78.8009), (42.98448, -78.79394), (42.97815, -78.7829), (42.9768, -78.78209), (42.97645, -78.78387), (42.97852, -78.78381), (42.97802, -78.76004), (42.97867, -78.75367), (42.97844, -78.72908), (42.97769, -78.72286), (42.97818, -78.67704), (42.98605, -78.67702), (42.98605, -78.67534)]
(45, 31)[(43.01874, -78.82288), (43.01874, -78.82223), (43.00472, -78.82273), (43.00426, -78.82601), (43.00141, -78.83605), (43.00094, -78.84986), (42.99993, -78.85333), (42.99686, -78.85942), (42.99602, -78.86271), (42.99558, -78.87578), (42.99596, -78.87711), (42.99669, -78.87706), (42.99702, -78.87516), (42.99632, -78.87463), (42.96193, -78.86994), (42.9619, -78.87397)]
(45, 32)[(43.01874, -78.82288), (43.01874, -78.82223), (42.97974, -78.82308), (42.97684, -78.81116), (42.97552, -78.80931), (42.96938, -78.80398), (42.95273, -78.80388), (42.95396, -78.80615)]
(45, 33)[(43.01874, -78.82288), (43.00472, -78.82273), (43.00141, -78.83605), (43.00094, -78.84986), (42.99602, -78.86271), (42.99291, -78.89901), (42.98811, -78.91305), (42.98581, -78.91437), (42.98026, -78.91011), (42.9743, -78.91159), (42.96498, -78.92133), (42.95444, -78.91056), (42.9436, -78.90807), (42.92888, -78.89887), (42.90288, -78.90096), (42.87942, -78.87927), (42.86946, -78.87875), (42.85227, -78.86365), (42.82774, -78.85092), (42.82762, -78.84829), (42.82452, -78.84882)]
(45, 34)[(43.01874, -78.82288), (43.00472, -78.82273), (43.00141, -78.83605), (43.00094, -78.84986), (42.99602, -78.86271), (42.99291, -78.89901), (42.98811, -78.91305), (42.98581, -78.91437), (42.98026, -78.91011), (42.9743, -78.91159), (42.96498, -78.92133), (42.95444, -78.91056), (42.9436, -78.90807), (42.92888, -78.89887), (42.91446, -78.90159), (42.90183, -78.90037), (42.87942, -78.87927), (42.86946, -78.87875), (42.85227, -78.86365), (42.82774, -78.85092), (42.82762, -78.84829), (42.83096, -78.84928), (42.83153, -78.84174)]
(45, 35)[(43.01874, -78.82288), (43.00331, -78.82247), (43.00308, -78.82426), (43.00402, -78.82361), (43.00371, -78.81938), (43.00112, -78.81299), (42.99179, -78.8009), (42.98448, -78.79394), (42.97815, -78.7829), (42.96872, -78.77053), (42.96353, -78.76733), (42.94772, -78.76587), (42.88767, -78.76773), (42.88402, -78.7689), (42.88435, -78.7846), (42.87505, -78.78484), (42.87092, -78.7874), (42.8645, -78.78724), (42.86403, -78.78522), (42.86583, -78.78515)]
(45, 36)[(43.01874, -78.82288), (43.00331, -78.82247), (43.00308, -78.82426), (43.00371, -78.81938), (43.00112, -78.81299), (42.98448, -78.79394), (42.96872, -78.77053), (42.96353, -78.76733), (42.88558, -78.76785), (42.87978, -78.77253), (42.87627, -78.78589), (42.87325, -78.78953), (42.85103, -78.7928), (42.84799, -78.78243), (42.84122, -78.78565), (42.84224, -78.78811), (42.84686, -78.78497)]
(45, 37)[(43.01874, -78.82288), (43.00331, -78.82247), (43.00315, -78.82432), (43.0039, -78.82056), (43.00137, -78.81337), (42.98448, -78.79394), (42.96815, -78.76992), (42.94772, -78.76587), (42.88316, -78.76872), (42.87941, -78.7733), (42.87697, -78.78324), (42.87614, -78.80865), (42.87206, -78.81998), (42.86345, -78.82581), (42.8565, -78.82199)]
(45, 38)[(43.01874, -78.82288), (43.00331, -78.82247), (43.00308, -78.82426), (43.00371, -78.81938), (43.00112, -78.81299), (42.98448, -78.79394), (42.96872, -78.77053), (42.96425, -78.76751), (42.88558, -78.76785), (42.87978, -78.77253), (42.8737, -78.78929), (42.8512, -78.7928), (42.84828, -78.78265), (42.84122, -78.78565), (42.83988, -78.78304), (42.84071, -78.77092)]
(45, 39)[(43.01874, -78.82288), (43.00331, -78.82247), (43.00308, -78.82426), (43.00402, -78.82361), (43.00371, -78.81938), (43.00112, -78.81299), (42.99179, -78.8009), (42.98448, -78.79394), (42.97815, -78.7829), (42.96872, -78.77053), (42.9648, -78.76768), (42.94772, -78.76587), (42.89289, -78.76746), (42.88402, -78.7689), (42.88376, -78.75859), (42.88494, -78.75471), (42.87805, -78.75319), (42.87243, -78.75396), (42.86995, -78.75787), (42.86806, -78.75865), (42.8678, -78.76158), (42.86677, -78.76161)]
(45, 40)[(43.01874, -78.82288), (43.00331, -78.82247), (43.00308, -78.82426), (43.00371, -78.81938), (43.00112, -78.81299), (42.9648, -78.76768), (42.94772, -78.76587), (42.88402, -78.7689), (42.88474, -78.75453), (42.85517, -78.75465), (42.85765, -78.74123)]
