(41, 0)[(42.97761, -78.80065), (42.97951, -78.79889), (42.98087, -78.82304), (42.98098, -78.88539), (42.96093, -78.88887), (42.96158, -78.894), (42.95996, -78.89425), (42.95379, -78.89998), (42.95341, -78.89921)]
(41, 1)[(42.97761, -78.80065), (42.97937, -78.79902), (42.97811, -78.76787), (42.97286, -78.76184), (42.96821, -78.7593), (42.96561, -78.75638), (42.96105, -78.75549), (42.96632, -78.72323), (42.96509, -78.69167), (42.96505, -78.67722), (42.96316, -78.67717), (42.96315, -78.67645), (42.96355, -78.67693)]
(41, 2)[(42.97761, -78.80065), (42.98302, -78.79541), (42.98209, -78.78995), (42.97815, -78.7829), (42.96928, -78.77125), (42.9648, -78.76768), (42.94772, -78.76587), (42.91683, -78.7664), (42.90858, -78.76682), (42.90757, -78.7679), (42.90803, -78.76935), (42.9091, -78.76884), (42.90891, -78.76282), (42.90705, -78.7544), (42.90608, -78.75436), (42.90268, -78.75445), (42.90381, -78.75584), (42.90256, -78.76643), (42.89708, -78.76654), (42.8968, -78.76557)]
(41, 3)[(42.97761, -78.80065), (42.98244, -78.79622), (42.98308, -78.79497), (42.98209, -78.78995), (42.97711, -78.78146), (42.96872, -78.77053), (42.96641, -78.76853), (42.96353, -78.76733), (42.95187, -78.76609), (42.95003, -78.76421), (42.94987, -78.76175), (42.95146, -78.75889), (42.95198, -78.7546), (42.95191, -78.74358), (42.95062, -78.73236), (42.95067, -78.70763), (42.95016, -78.70496), (42.94836, -78.70334), (42.9478, -78.70201), (42.94705, -78.69956), (42.94701, -78.69694), (42.93426, -78.69693), (42.93268, -78.68216), (42.91759, -78.6821), (42.91625, -78.67938), (42.90786, -78.67835), (42.90785, -78.67606), (42.90598, -78.67569)]
(41, 4)[(42.97761, -78.80065), (42.97937, -78.79902), (42.9782, -78.7767), (42.97811, -78.76787), (42.97476, -78.76449), (42.97286, -78.76184), (42.96821, -78.7593), (42.96561, -78.75638), (42.96105, -78.75549), (42.96534, -78.72942), (42.96712, -78.72946)]
(41, 5)[(42.97761, -78.80065), (42.97937, -78.79902), (42.9782, -78.7767), (42.97811, -78.76787), (42.97476, -78.76449), (42.97286, -78.76184), (42.96821, -78.7593), (42.96561, -78.75638), (42.96105, -78.75549), (42.96468, -78.73356), (42.9642, -78.73343)]
(41, 6)[(42.97761, -78.80065), (42.97951, -78.79889), (42.98087, -78.82304), (42.98075, -78.83326), (42.98174, -78.83326), (42.98174, -78.83437), (42.98201, -78.83436)]
(41, 7)[(42.97761, -78.80065), (42.98244, -78.79622), (42.98308, -78.79497), (42.98209, -78.78995), (42.97711, -78.78146), (42.96872, -78.77053), (42.96641, -78.76853), (42.96353, -78.76733), (42.95153, -78.766), (42.94992, -78.76385), (42.94987, -78.76175), (42.95146, -78.75889), (42.95198, -78.7546), (42.95191, -78.74358), (42.95062, -78.73236), (42.95051, -78.70613), (42.94987, -78.70446), (42.94801, -78.70257), (42.94705, -78.69956), (42.94701, -78.69694), (42.93794, -78.69693), (42.94026, -78.68646), (42.94189, -78.68352), (42.94494, -78.67548)]
(41, 8)[(42.97761, -78.80065), (42.97951, -78.79889), (42.98087, -78.82304), (42.98101, -78.87865), (42.98397, -78.87864)]
(41, 9)[(42.97761, -78.80065), (42.96304, -78.81387), (42.95945, -78.81391), (42.95737, -78.81898), (42.94759, -78.82992), (42.9472, -78.82936), (42.94634, -78.8298), (42.94438, -78.82886), (42.94373, -78.82797), (42.9438, -78.82764)]
(41, 10)[(42.97761, -78.80065), (42.97937, -78.79902), (42.97872, -78.78693), (42.97885, -78.78692), (42.97896, -78.78887), (42.97977, -78.78874)]
(41, 11)[(42.97761, -78.80065), (42.98933, -78.79001), (42.99073, -78.78811), (42.99127, -78.78778), (42.99149, -78.77062), (42.99113, -78.76604), (42.99103, -78.75794), (42.99108, -78.72), (42.99273, -78.71902), (42.99686, -78.71753), (43.00005, -78.71738), (43.00005, -78.71776), (43.00094, -78.71798), (43.00161, -78.71894), (43.00272, -78.71871), (43.00336, -78.71811), (43.00288, -78.71741), (43.0028, -78.71633)]
(41, 12)[(42.97761, -78.80065), (42.96304, -78.81387), (42.95945, -78.81391), (42.95737, -78.81898), (42.93908, -78.83926), (42.90889, -78.83908), (42.90888, -78.83848)]
(41, 13)[(42.97761, -78.80065), (42.98244, -78.79622), (42.98308, -78.79497), (42.98209, -78.78995), (42.97711, -78.78146), (42.96872, -78.77053), (42.96641, -78.76853), (42.96353, -78.76733), (42.95187, -78.76609), (42.95019, -78.76464), (42.94987, -78.76175), (42.95146, -78.75889), (42.95198, -78.7546), (42.95191, -78.74358), (42.95062, -78.73236), (42.95051, -78.70613), (42.94987, -78.70446), (42.94801, -78.70257), (42.94705, -78.69956), (42.94701, -78.69694), (42.94017, -78.69695), (42.94018, -78.69877)]
(41, 14)[(42.97761, -78.80065), (42.97937, -78.79902), (42.97811, -78.76787), (42.97286, -78.76184), (42.96821, -78.7593), (42.96561, -78.75638), (42.96105, -78.75549), (42.96632, -78.72323), (42.96509, -78.69167), (42.96505, -78.67722), (42.96196, -78.67716), (42.96189, -78.67312), (42.96027, -78.67349)]
(41, 15)[(42.97761, -78.80065), (42.97951, -78.79889), (42.98087, -78.82551), (42.98597, -78.83255), (42.99107, -78.84039), (42.9911, -78.84472), (42.9905, -78.84472), (42.9903, -78.84517), (42.98987, -78.84524)]
(41, 16)[(42.97761, -78.80065), (42.98302, -78.79541), (42.98229, -78.79051), (42.97815, -78.7829), (42.9673, -78.76914), (42.96353, -78.76733), (42.94772, -78.76587), (42.9436, -78.76652), (42.93204, -78.76643), (42.93098, -78.76729), (42.93136, -78.7685), (42.93238, -78.76798), (42.93244, -78.76519), (42.93022, -78.76045), (42.92993, -78.75412), (42.92059, -78.75458)]
(41, 17)[(42.97761, -78.80065), (42.97951, -78.79889), (42.98087, -78.82304), (42.98101, -78.87865), (42.96845, -78.87874), (42.96846, -78.87811)]
(41, 18)[(42.97761, -78.80065), (42.97989, -78.79853), (42.97997, -78.79872), (42.97996, -78.79881)]
(41, 19)[(42.97761, -78.80065), (42.98513, -78.79359), (42.98538, -78.79266), (42.98467, -78.7914), (42.98396, -78.79202), (42.98468, -78.79375), (42.99223, -78.80102), (43.00148, -78.8131), (43.0036, -78.81792), (43.00432, -78.82343), (43.00383, -78.8275), (43.00136, -78.83642), (43.00105, -78.85117), (43.00064, -78.85326), (43.01086, -78.86279), (43.01326, -78.86281), (43.02069, -78.86098), (43.0266, -78.86085), (43.02509, -78.86777), (43.02387, -78.8673), (43.02347, -78.87082)]
(41, 20)[(42.97761, -78.80065), (42.98244, -78.79622), (42.98308, -78.79497), (42.98209, -78.78995), (42.97711, -78.78146), (42.96872, -78.77053), (42.96641, -78.76853), (42.96353, -78.76733), (42.95187, -78.76609), (42.95003, -78.76421), (42.94987, -78.76175), (42.95146, -78.75889), (42.95198, -78.7546), (42.95191, -78.74358), (42.95062, -78.73236), (42.95051, -78.70613), (42.94987, -78.70446), (42.94801, -78.70257), (42.94705, -78.69956), (42.94701, -78.69694), (42.93426, -78.69693), (42.93262, -78.68354), (42.93326, -78.67722), (42.9369, -78.67722), (42.93716, -78.67861)]
(41, 21)[(42.97761, -78.80065), (42.97937, -78.79902), (42.97843, -78.78222), (42.97849, -78.7817), (42.97873, -78.78171), (42.97888, -78.78181), (42.97942, -78.78264), (42.98013, -78.78533), (42.98038, -78.78605), (42.98171, -78.78871)]
(41, 22)[(42.97761, -78.80065), (42.98244, -78.79622), (42.98308, -78.79497), (42.98209, -78.78995), (42.97711, -78.78146), (42.96872, -78.77053), (42.96641, -78.76853), (42.96353, -78.76733), (42.95187, -78.76609), (42.95003, -78.76421), (42.94987, -78.76175), (42.95146, -78.75889), (42.95198, -78.7546), (42.95191, -78.74358), (42.95062, -78.73236), (42.95067, -78.70763), (42.95016, -78.70496), (42.94836, -78.70334), (42.9478, -78.70201), (42.94705, -78.69956), (42.94701, -78.69694), (42.93426, -78.69693), (42.93268, -78.68216), (42.91759, -78.6821), (42.91625, -78.67938), (42.91055, -78.67854), (42.91034, -78.68067)]
(41, 23)[(42.97761, -78.80065), (42.97937, -78.79902), (42.9782, -78.7767), (42.97811, -78.76787), (42.97476, -78.76449), (42.97286, -78.76184), (42.96821, -78.7593), (42.96561, -78.75638), (42.96105, -78.75549), (42.96632, -78.72323), (42.96619, -78.71619), (42.96617, -78.71577), (42.96129, -78.71587), (42.95964, -78.7149)]
(41, 24)[(42.97761, -78.80065), (42.98244, -78.79622), (42.98308, -78.79497), (42.98209, -78.78995), (42.97711, -78.78146), (42.96872, -78.77053), (42.96641, -78.76853), (42.96353, -78.76733), (42.95187, -78.76609), (42.95003, -78.76421), (42.94987, -78.76175), (42.95146, -78.75889), (42.95198, -78.7546), (42.95191, -78.74358), (42.95062, -78.73236), (42.95067, -78.70763), (42.95016, -78.70496), (42.94836, -78.70334), (42.9478, -78.70201), (42.94705, -78.69956), (42.94701, -78.69694), (42.90919, -78.69692)]
(41, 25)[(42.97761, -78.80065), (42.98513, -78.79359), (42.98538, -78.79266), (42.98467, -78.7914), (42.98396, -78.79202), (42.98468, -78.79375), (42.99259, -78.80143), (43.00202, -78.81395), (43.0036, -78.81792), (43.00432, -78.82343), (43.00383, -78.8275), (43.00136, -78.83642), (43.00105, -78.85117), (43.00064, -78.85326), (43.00992, -78.8622), (43.01186, -78.86296), (43.02069, -78.86098), (43.03074, -78.86062), (43.03094, -78.85003), (43.02819, -78.8499), (43.02822, -78.84402), (43.02694, -78.84398)]
(41, 26)[(42.97761, -78.80065), (42.96304, -78.81387), (42.95945, -78.81391), (42.95766, -78.81852), (42.95805, -78.81935), (42.95867, -78.85862), (42.9546, -78.85893), (42.95455, -78.86443), (42.94909, -78.86454)]
(41, 27)[(42.97761, -78.80065), (42.98949, -78.78987), (42.9919, -78.78794), (42.99499, -78.78666), (42.99602, -78.78576), (42.99686, -78.78372), (42.99706, -78.77723), (42.99751, -78.77592), (42.99823, -78.77491), (43.00344, -78.77215), (43.00469, -78.77236), (43.00694, -78.77354), (43.008, -78.77363), (43.00657, -78.769), (43.00665, -78.76466), (43.00775, -78.76408), (43.00996, -78.76384), (43.01046, -78.76229), (43.01216, -78.75925), (43.01546, -78.75611), (43.01707, -78.75331), (43.0128, -78.75326)]
(41, 28)[(42.97761, -78.80065), (42.96304, -78.81387), (42.95945, -78.81391), (42.95737, -78.81898), (42.94407, -78.83379), (42.94493, -78.83522), (42.94504, -78.84694), (42.94635, -78.8469), (42.94633, -78.84498), (42.94668, -78.84498)]
(41, 29)[(42.97761, -78.80065), (42.98949, -78.78987), (42.99602, -78.78576), (42.99686, -78.78372), (42.99706, -78.77723), (42.99823, -78.77491), (43.00344, -78.77215), (43.00742, -78.77365), (43.00914, -78.77313), (43.0168, -78.76737), (43.02425, -78.75919), (43.02426, -78.75324), (43.02369, -78.75137), (43.02374, -78.74049), (43.0271, -78.73282), (43.02304, -78.73269), (43.02304, -78.72489), (43.02384, -78.72489), (43.02405, -78.72568)]
(41, 30)[(42.97761, -78.80065), (42.97178, -78.80609), (42.96915, -78.80392), (42.95044, -78.80389), (42.94889, -78.80343), (42.9489, -78.79819), (42.94752, -78.79797), (42.94425, -78.79557), (42.94477, -78.79423)]
(41, 31)[(42.97761, -78.80065), (42.97937, -78.79902), (42.97852, -78.78381), (42.93268, -78.78413), (42.93238, -78.77163), (42.93308, -78.77162), (42.93302, -78.76938)]
(41, 32)[(42.97761, -78.80065), (42.97937, -78.79902), (42.9782, -78.7767), (42.97802, -78.76004), (42.97867, -78.75367), (42.97844, -78.72908), (42.97769, -78.72286), (42.97824, -78.68742), (42.97682, -78.68743), (42.97679, -78.68618), (42.97542, -78.68612), (42.97536, -78.68284), (42.97154, -78.68284)]
(41, 33)[(42.97761, -78.80065), (42.98302, -78.79541), (42.98229, -78.79051), (42.97711, -78.78146), (42.96641, -78.76853), (42.94772, -78.76587), (42.89289, -78.76746), (42.88402, -78.7689), (42.88376, -78.75859), (42.88474, -78.75453), (42.87805, -78.75319), (42.85118, -78.75454), (42.85077, -78.71205), (42.84039, -78.71204), (42.84122, -78.72318)]
(41, 34)[(42.97761, -78.80065), (42.98302, -78.79541), (42.98209, -78.78995), (42.97815, -78.7829), (42.96928, -78.77125), (42.9648, -78.76768), (42.94772, -78.76587), (42.89289, -78.76746), (42.88402, -78.7689), (42.88376, -78.75859), (42.88474, -78.75453), (42.87805, -78.75319), (42.85118, -78.75454), (42.85083, -78.72083)]
(41, 35)[(42.97761, -78.80065), (42.98302, -78.79541), (42.98209, -78.78995), (42.96872, -78.77053), (42.96353, -78.76733), (42.88558, -78.76785), (42.87978, -78.77253), (42.8737, -78.78929), (42.85103, -78.7928), (42.84399, -78.77182), (42.84186, -78.75419), (42.80391, -78.75175), (42.80494, -78.76073)]
(41, 36)[(42.97761, -78.80065), (42.98302, -78.79541), (42.98209, -78.78995), (42.97815, -78.7829), (42.96928, -78.77125), (42.9648, -78.76768), (42.94772, -78.76587), (42.88488, -78.76801), (42.881, -78.77071), (42.87878, -78.77523), (42.87647, -78.7859), (42.87614, -78.80865), (42.87201, -78.81711), (42.87206, -78.81998), (42.8645, -78.82541), (42.85984, -78.82552), (42.85596, -78.82774), (42.85488, -78.83221), (42.84702, -78.83231), (42.84705, -78.83619), (42.84329, -78.83688)]
(41, 37)[(42.97761, -78.80065), (42.98302, -78.79541), (42.98209, -78.78995), (42.96872, -78.77053), (42.96353, -78.76733), (42.88558, -78.76785), (42.87978, -78.77253), (42.8737, -78.78929), (42.85103, -78.7928), (42.84815, -78.78254), (42.84122, -78.78565), (42.83641, -78.77497), (42.82418, -78.7745), (42.80993, -78.76119)]
(41, 38)[(42.97761, -78.80065), (42.98302, -78.79541), (42.98209, -78.78995), (42.97815, -78.7829), (42.96928, -78.77125), (42.9648, -78.76768), (42.94772, -78.76587), (42.88558, -78.76785), (42.8815, -78.77012), (42.87878, -78.77523), (42.87647, -78.7859), (42.87614, -78.80865), (42.87201, -78.81711), (42.87206, -78.81998), (42.8645, -78.82541), (42.86015, -78.82561), (42.85606, -78.82359), (42.8492, -78.81323)]
(41, 39)[(42.97761, -78.80065), (42.98308, -78.79516), (42.98209, -78.78995), (42.97887, -78.78401), (42.9673, -78.76914), (42.9564, -78.76638), (42.91945, -78.76633), (42.88488, -78.76801), (42.87978, -78.77253), (42.87627, -78.78589), (42.8737, -78.78929), (42.8657, -78.79191), (42.85383, -78.79099), (42.85067, -78.7927), (42.84906, -78.78363), (42.84399, -78.77182), (42.84334, -78.75891), (42.84186, -78.75419), (42.83031, -78.75358), (42.83122, -78.74788), (42.82981, -78.7444), (42.82837, -78.74434), (42.82836, -78.74012)]
(41, 40)[(42.97761, -78.80065), (42.98302, -78.79541), (42.98209, -78.78995), (42.97815, -78.7829), (42.96928, -78.77125), (42.9648, -78.76768), (42.94772, -78.76587), (42.89289, -78.76746), (42.88402, -78.7689), (42.88376, -78.75859), (42.88474, -78.75453), (42.87805, -78.75319), (42.85517, -78.75465), (42.85818, -78.71451), (42.86013, -78.71449)]
(42, 0)[(42.91536, -78.86511), (42.91536, -78.8655), (42.92065, -78.86384), (42.92057, -78.86693), (42.92084, -78.8679), (42.92588, -78.87363), (42.93138, -78.87378), (42.93209, -78.8744), (42.933, -78.8746), (42.93339, -78.87703), (42.93588, -78.87822), (42.93591, -78.88014), (42.93684, -78.88173), (42.93733, -78.88359), (42.93736, -78.88662), (42.93769, -78.88875), (42.93746, -78.88938), (42.93824, -78.88989), (42.93605, -78.89616), (42.9361, -78.89867), (42.93864, -78.89812), (42.94969, -78.90381), (42.95379, -78.89998), (42.95341, -78.89921)]
(42, 1)[(42.91536, -78.86511), (42.92221, -78.85727), (42.92193, -78.84281), (42.92374, -78.84225), (42.92874, -78.83462), (42.92981, -78.82149), (42.933, -78.81137), (42.93247, -78.76556), (42.93012, -78.75996), (42.93002, -78.74696), (42.92829, -78.74111), (42.93012, -78.73848), (42.93502, -78.71406), (42.93697, -78.71039), (42.93728, -78.69969), (42.94009, -78.68708), (42.94431, -78.67715), (42.96355, -78.67693)]
(42, 2)[(42.91536, -78.86511), (42.91527, -78.85511), (42.91474, -78.85297), (42.91468, -78.81374), (42.89694, -78.81403), (42.89786, -78.80696), (42.89758, -78.80455), (42.89899, -78.79766), (42.90256, -78.76643), (42.89708, -78.76654), (42.8968, -78.76557)]
(42, 3)[(42.91536, -78.86511), (42.92221, -78.85727), (42.92193, -78.84281), (42.92343, -78.84257), (42.92672, -78.83846), (42.92954, -78.83166), (42.92981, -78.82149), (42.93306, -78.81082), (42.93247, -78.76556), (42.93012, -78.75996), (42.93002, -78.74696), (42.92857, -78.74242), (42.92408, -78.74157), (42.90965, -78.73003), (42.90876, -78.71709), (42.91467, -78.67943), (42.90786, -78.67835), (42.90785, -78.67606), (42.90598, -78.67569)]
(42, 4)[(42.91536, -78.86511), (42.91535, -78.86445), (42.92221, -78.85727), (42.92193, -78.84281), (42.92374, -78.84225), (42.92721, -78.83772), (42.92874, -78.83462), (42.92974, -78.83005), (42.92981, -78.82149), (42.93296, -78.81167), (42.93309, -78.79827), (42.93257, -78.7923), (42.93293, -78.77477), (42.93247, -78.76556), (42.93186, -78.76412), (42.93029, -78.76441), (42.93047, -78.76564), (42.93152, -78.76618), (42.94216, -78.76626), (42.94566, -78.76586), (42.94765, -78.76333), (42.94869, -78.76283), (42.95102, -78.76333), (42.95295, -78.76538), (42.95449, -78.76607), (42.95582, -78.76601), (42.95935, -78.76419), (42.96534, -78.72942), (42.96712, -78.72946)]
(42, 5)[(42.91536, -78.86511), (42.91535, -78.86445), (42.92221, -78.85727), (42.92193, -78.84281), (42.92374, -78.84225), (42.92721, -78.83772), (42.92874, -78.83462), (42.92974, -78.83005), (42.92981, -78.82149), (42.93296, -78.81167), (42.93309, -78.79827), (42.93257, -78.7923), (42.93293, -78.77477), (42.93247, -78.76556), (42.93186, -78.76412), (42.93029, -78.76441), (42.93047, -78.76564), (42.93152, -78.76618), (42.94216, -78.76626), (42.94566, -78.76586), (42.94765, -78.76333), (42.94869, -78.76283), (42.95102, -78.76333), (42.95295, -78.76538), (42.95449, -78.76607), (42.95582, -78.76601), (42.95935, -78.76419), (42.96468, -78.73356), (42.9642, -78.73343)]
(42, 6)[(42.91536, -78.86511), (42.91535, -78.86445), (42.95398, -78.82275), (42.95816, -78.82382), (42.97968, -78.82292), (42.98087, -78.82551), (42.98075, -78.83326), (42.98174, -78.83326), (42.98201, -78.83436)]
(42, 7)[(42.91536, -78.86511), (42.92221, -78.85727), (42.92193, -78.84281), (42.92374, -78.84225), (42.92874, -78.83462), (42.92981, -78.82149), (42.93296, -78.81167), (42.93247, -78.76556), (42.93012, -78.75996), (42.93002, -78.74696), (42.92829, -78.74111), (42.93012, -78.73848), (42.93502, -78.71406), (42.93697, -78.71039), (42.93728, -78.69969), (42.94009, -78.68708), (42.94494, -78.67548)]
(42, 8)[(42.91536, -78.86511), (42.92065, -78.86384), (42.92084, -78.8679), (42.92588, -78.87363), (42.93138, -78.87378), (42.933, -78.8746), (42.93339, -78.87703), (42.93561, -78.87818), (42.98397, -78.87864)]
(42, 9)[(42.91536, -78.86511), (42.91535, -78.86445), (42.93365, -78.84517), (42.94759, -78.82992), (42.9472, -78.82936), (42.94634, -78.8298), (42.94438, -78.82886), (42.94373, -78.82797), (42.9438, -78.82764)]
(42, 10)[(42.91536, -78.86511), (42.91535, -78.86445), (42.92221, -78.85727), (42.92193, -78.84281), (42.92343, -78.84257), (42.92672, -78.83846), (42.92943, -78.83231), (42.92981, -78.82149), (42.93306, -78.81082), (42.93268, -78.78413), (42.97867, -78.78381), (42.97896, -78.78887), (42.97977, -78.78874)]
(42, 11)[(42.91536, -78.86511), (42.92221, -78.85727), (42.92193, -78.84281), (42.92374, -78.84225), (42.92874, -78.83462), (42.92981, -78.82149), (42.93296, -78.81167), (42.93247, -78.76556), (42.93186, -78.76412), (42.93034, -78.76432), (42.93152, -78.76618), (42.94216, -78.76626), (42.94566, -78.76586), (42.94869, -78.76283), (42.95449, -78.76607), (42.95908, -78.76437), (42.96611, -78.72469), (42.97793, -78.7248), (42.97772, -78.72089), (42.98992, -78.72072), (42.99686, -78.71753), (43.00005, -78.71738), (43.00177, -78.71897), (43.00336, -78.71811), (43.0028, -78.71633)]
(42, 12)[(42.91536, -78.86511), (42.91527, -78.85511), (42.91475, -78.85321), (42.91461, -78.83913), (42.90889, -78.83908), (42.90888, -78.83848)]
(42, 13)[(42.91536, -78.86511), (42.91535, -78.86445), (42.92221, -78.85727), (42.92193, -78.84281), (42.92374, -78.84225), (42.92721, -78.83772), (42.92874, -78.83462), (42.92974, -78.83005), (42.92981, -78.82149), (42.93296, -78.81167), (42.93309, -78.79827), (42.93257, -78.7923), (42.93293, -78.77477), (42.93247, -78.76556), (42.93012, -78.75996), (42.93002, -78.74696), (42.92829, -78.74111), (42.93012, -78.73848), (42.93502, -78.71406), (42.93697, -78.71039), (42.9369, -78.7033), (42.93794, -78.69693), (42.94017, -78.69695), (42.94018, -78.69877)]
(42, 14)[(42.91536, -78.86511), (42.92221, -78.85727), (42.92193, -78.84281), (42.92374, -78.84225), (42.92874, -78.83462), (42.92981, -78.82149), (42.933, -78.81137), (42.93247, -78.76556), (42.93012, -78.75996), (42.93002, -78.74696), (42.92829, -78.74111), (42.93012, -78.73848), (42.93502, -78.71406), (42.93697, -78.71039), (42.93728, -78.69969), (42.94009, -78.68708), (42.94431, -78.67715), (42.95897, -78.67713), (42.95893, -78.67445), (42.96027, -78.67349)]
(42, 15)[(42.91536, -78.86511), (42.91535, -78.86445), (42.93694, -78.84158), (42.94019, -78.84332), (42.94031, -78.84414), (42.96477, -78.84357), (42.97256, -78.85311), (42.9808, -78.85286), (42.98083, -78.84639), (42.98839, -78.84642), (42.98838, -78.84525), (42.98987, -78.84524)]
(42, 16)[(42.91536, -78.86511), (42.91535, -78.86445), (42.92221, -78.85727), (42.92193, -78.84281), (42.92374, -78.84225), (42.92721, -78.83772), (42.92874, -78.83462), (42.92974, -78.83005), (42.92981, -78.82149), (42.93306, -78.81082), (42.93309, -78.79827), (42.93257, -78.7923), (42.93293, -78.77477), (42.93237, -78.76478), (42.93022, -78.76045), (42.92993, -78.75412), (42.92059, -78.75458)]
(42, 17)[(42.91536, -78.86511), (42.92065, -78.86384), (42.92084, -78.8679), (42.92588, -78.87363), (42.93138, -78.87378), (42.933, -78.8746), (42.93339, -78.87703), (42.93561, -78.87818), (42.96845, -78.87874), (42.96846, -78.87811)]
(42, 18)[(42.91536, -78.86511), (42.91535, -78.86445), (42.95737, -78.81898), (42.95976, -78.81316), (42.96008, -78.81391), (42.96304, -78.81387), (42.97996, -78.79881)]
(42, 19)[(42.91536, -78.86511), (42.92065, -78.86384), (42.92081, -78.86758), (42.92768, -78.86773), (42.929, -78.86573), (42.93232, -78.86493), (42.93691, -78.86722), (43.00135, -78.87525), (43.01248, -78.87214), (43.02218, -78.87577), (43.02347, -78.87082)]
(42, 20)[(42.91536, -78.86511), (42.92221, -78.85727), (42.92193, -78.84281), (42.92374, -78.84225), (42.92874, -78.83462), (42.92981, -78.82149), (42.93304, -78.81111), (42.93247, -78.76556), (42.93012, -78.75996), (42.93002, -78.74696), (42.92829, -78.74111), (42.93012, -78.73848), (42.93502, -78.71406), (42.93697, -78.71039), (42.93728, -78.69969), (42.94009, -78.68708), (42.94431, -78.67715), (42.9369, -78.67722), (42.93716, -78.67861)]
(42, 21)[(42.91536, -78.86511), (42.91535, -78.86445), (42.92221, -78.85727), (42.92193, -78.84281), (42.92374, -78.84225), (42.92721, -78.83772), (42.92874, -78.83462), (42.92974, -78.83005), (42.92981, -78.82149), (42.93296, -78.81167), (42.93309, -78.79827), (42.93257, -78.7923), (42.93293, -78.77477), (42.93247, -78.76556), (42.93186, -78.76412), (42.93041, -78.76424), (42.9304, -78.76553), (42.93152, -78.76618), (42.94435, -78.76619), (42.94588, -78.7657), (42.94765, -78.76333), (42.9489, -78.76281), (42.95134, -78.76353), (42.95396, -78.76595), (42.96529, -78.76757), (42.96935, -78.77099), (42.97824, -78.7826), (42.98171, -78.78871)]
(42, 22)[(42.91536, -78.86511), (42.92221, -78.85727), (42.92193, -78.84281), (42.92343, -78.84257), (42.92672, -78.83846), (42.92943, -78.83231), (42.92981, -78.82149), (42.93306, -78.81082), (42.93293, -78.77477), (42.93237, -78.76478), (42.93009, -78.75966), (42.92998, -78.7466), (42.92857, -78.74242), (42.92408, -78.74157), (42.90965, -78.73003), (42.90876, -78.71709), (42.91467, -78.67943), (42.91055, -78.67854), (42.91034, -78.68067)]
(42, 23)[(42.91536, -78.86511), (42.91535, -78.86445), (42.92221, -78.85727), (42.92193, -78.84281), (42.92374, -78.84225), (42.92721, -78.83772), (42.92874, -78.83462), (42.92974, -78.83005), (42.92981, -78.82149), (42.93296, -78.81167), (42.93309, -78.79827), (42.93257, -78.7923), (42.93293, -78.77477), (42.93247, -78.76556), (42.93186, -78.76412), (42.93025, -78.76453), (42.93047, -78.76564), (42.93152, -78.76618), (42.94435, -78.76619), (42.94588, -78.7657), (42.94765, -78.76333), (42.9489, -78.76281), (42.95134, -78.76353), (42.95343, -78.7657), (42.95542, -78.76611), (42.95945, -78.76406), (42.96632, -78.72323), (42.96617, -78.71577), (42.96147, -78.71589), (42.95964, -78.7149)]
(42, 24)[(42.91536, -78.86511), (42.91535, -78.86445), (42.92221, -78.85727), (42.92193, -78.84281), (42.92343, -78.84257), (42.92672, -78.83846), (42.92943, -78.83231), (42.92981, -78.82149), (42.93306, -78.81082), (42.93309, -78.79827), (42.93257, -78.7923), (42.93293, -78.77477), (42.93237, -78.76478), (42.93009, -78.75966), (42.92998, -78.7466), (42.92857, -78.74242), (42.92776, -78.74184), (42.92718, -78.74294), (42.92408, -78.74157), (42.90965, -78.73003), (42.90881, -78.72279), (42.90876, -78.71709), (42.91192, -78.69692), (42.90919, -78.69692)]
(42, 25)[(42.91536, -78.86511), (42.92065, -78.86384), (42.92081, -78.86758), (42.92768, -78.86773), (42.929, -78.86573), (42.93232, -78.86493), (42.93691, -78.86722), (42.99453, -78.87434), (42.99583, -78.86236), (42.99837, -78.85202), (43.01086, -78.86279), (43.03074, -78.86062), (43.03094, -78.85003), (43.02819, -78.8499), (43.02822, -78.84402), (43.02694, -78.84398)]
(42, 26)[(42.91536, -78.86511), (42.91536, -78.8655), (42.92065, -78.86384), (42.92057, -78.86693), (42.92081, -78.86758), (42.92245, -78.86734), (42.92768, -78.86773), (42.92804, -78.86756), (42.929, -78.86573), (42.93232, -78.86493), (42.93369, -78.86568), (42.93485, -78.86588), (42.93691, -78.86722), (42.94779, -78.8685), (42.94777, -78.86456), (42.94909, -78.86454)]
(42, 27)[(42.91536, -78.86511), (42.95737, -78.81898), (42.95976, -78.81316), (42.96304, -78.81387), (42.98746, -78.79152), (42.99579, -78.78604), (42.99686, -78.78372), (42.99706, -78.77723), (42.99823, -78.77491), (43.00344, -78.77215), (43.008, -78.77363), (43.00657, -78.769), (43.00665, -78.76466), (43.00996, -78.76384), (43.01216, -78.75925), (43.01707, -78.75331), (43.0128, -78.75326)]
(42, 28)[(42.91536, -78.86511), (42.91535, -78.86445), (42.92816, -78.85097), (42.92973, -78.85391), (42.93031, -78.85448), (42.93296, -78.8519), (42.9359, -78.85101), (42.93758, -78.85065), (42.94166, -78.85074), (42.94362, -78.84987), (42.94638, -78.84979), (42.94633, -78.84498), (42.94668, -78.84498)]
(42, 29)[(42.91536, -78.86511), (42.95737, -78.81898), (42.95976, -78.81316), (42.96304, -78.81387), (42.98746, -78.79152), (42.99579, -78.78604), (42.99686, -78.78372), (42.99706, -78.77723), (42.99823, -78.77491), (43.00344, -78.77215), (43.00914, -78.77313), (43.0168, -78.76737), (43.02425, -78.75919), (43.02374, -78.74049), (43.0271, -78.73282), (43.02304, -78.73269), (43.02304, -78.72489), (43.02405, -78.72568)]
(42, 30)[(42.91536, -78.86511), (42.91535, -78.86445), (42.92221, -78.85727), (42.92193, -78.84281), (42.92343, -78.84257), (42.92602, -78.8394), (42.92815, -78.83599), (42.92926, -78.83298), (42.92974, -78.83005), (42.92981, -78.82149), (42.93271, -78.81274), (42.93304, -78.81111), (42.93306, -78.80211), (42.93279, -78.799), (42.93806, -78.79903), (42.94048, -78.8016), (42.94117, -78.80056), (42.94258, -78.79958), (42.94477, -78.79423)]
(42, 31)[(42.91536, -78.86511), (42.91535, -78.86445), (42.92221, -78.85727), (42.92193, -78.84281), (42.92343, -78.84257), (42.92672, -78.83846), (42.92943, -78.83231), (42.92981, -78.82149), (42.93306, -78.81082), (42.93238, -78.77163), (42.93308, -78.77162), (42.93302, -78.76938)]
(42, 32)[(42.91536, -78.86511), (42.92221, -78.85727), (42.92193, -78.84281), (42.92374, -78.84225), (42.92874, -78.83462), (42.92981, -78.82149), (42.93304, -78.81111), (42.93247, -78.76556), (42.93012, -78.75996), (42.93002, -78.74696), (42.92828, -78.74127), (42.93012, -78.73848), (42.93502, -78.71406), (42.93697, -78.71039), (42.93794, -78.69693), (42.96526, -78.69675), (42.96503, -78.68677), (42.9692, -78.68668), (42.96917, -78.68286), (42.97154, -78.68284)]
(42, 33)[(42.91536, -78.86511), (42.91533, -78.86232), (42.90156, -78.86261), (42.8913, -78.86596), (42.89003, -78.86915), (42.87716, -78.87289), (42.8676, -78.82878), (42.86641, -78.82717), (42.86513, -78.82744), (42.86404, -78.82139), (42.8587, -78.81363), (42.84638, -78.79923), (42.83988, -78.78304), (42.83922, -78.72065), (42.83479, -78.71202), (42.84133, -78.71185), (42.84028, -78.71222), (42.84122, -78.72318)]
(42, 34)[(42.91536, -78.86511), (42.91533, -78.86232), (42.90156, -78.86261), (42.8913, -78.86596), (42.89003, -78.86915), (42.88018, -78.87271), (42.87716, -78.87289), (42.87542, -78.86296), (42.87347, -78.8586), (42.86787, -78.82863), (42.86888, -78.82117), (42.87559, -78.81054), (42.87621, -78.80663), (42.87614, -78.80097), (42.87545, -78.7999), (42.87476, -78.8009), (42.87175, -78.80102), (42.87141, -78.7853), (42.87079, -78.7824), (42.86818, -78.77611), (42.85661, -78.75975), (42.85517, -78.75465), (42.85118, -78.75454), (42.85083, -78.72083)]
(42, 35)[(42.91536, -78.86511), (42.91533, -78.86232), (42.90156, -78.86261), (42.8913, -78.86596), (42.89003, -78.86915), (42.87729, -78.87304), (42.87542, -78.86296), (42.87347, -78.8586), (42.86797, -78.82986), (42.86653, -78.82726), (42.86513, -78.82744), (42.86404, -78.82139), (42.84638, -78.79923), (42.84326, -78.79081), (42.83565, -78.78844), (42.83095, -78.77703), (42.82307, -78.77378), (42.80527, -78.75665), (42.80494, -78.76073)]
(42, 36)[(42.91536, -78.86511), (42.91539, -78.86918), (42.88708, -78.87795), (42.88605, -78.87906), (42.88613, -78.87989), (42.88523, -78.88019), (42.88173, -78.87865), (42.87925, -78.87894), (42.87574, -78.87806), (42.87006, -78.87902), (42.86392, -78.8746), (42.85227, -78.86365), (42.83918, -78.85718), (42.84206, -78.84719), (42.84638, -78.83965), (42.84705, -78.83619), (42.84649, -78.83618), (42.8464, -78.83684), (42.84329, -78.83688)]
(42, 37)[(42.91536, -78.86511), (42.91533, -78.86232), (42.90156, -78.86261), (42.8913, -78.86596), (42.89003, -78.86915), (42.87722, -78.87298), (42.87542, -78.86296), (42.87347, -78.8586), (42.86797, -78.82986), (42.86653, -78.82726), (42.86513, -78.82744), (42.86404, -78.82139), (42.84638, -78.79923), (42.84326, -78.79081), (42.83565, -78.78844), (42.8311, -78.77719), (42.82324, -78.77391), (42.80993, -78.76119)]
(42, 38)[(42.91536, -78.86511), (42.91533, -78.86232), (42.90156, -78.86261), (42.8913, -78.86596), (42.89003, -78.86915), (42.88018, -78.87271), (42.87729, -78.87304), (42.87542, -78.86296), (42.87347, -78.8586), (42.8676, -78.82878), (42.86641, -78.82717), (42.86513, -78.82744), (42.86473, -78.82529), (42.86015, -78.82561), (42.85606, -78.82359), (42.8492, -78.81323)]
(42, 39)[(42.91536, -78.86511), (42.91533, -78.86232), (42.90156, -78.86261), (42.8913, -78.86596), (42.89003, -78.86915), (42.87716, -78.87289), (42.86773, -78.82909), (42.86641, -78.82717), (42.86513, -78.82744), (42.86404, -78.82139), (42.8587, -78.81363), (42.84638, -78.79923), (42.83988, -78.78304), (42.83949, -78.75407), (42.83031, -78.75358), (42.83122, -78.74788), (42.82981, -78.7444), (42.82837, -78.74434), (42.82836, -78.74012)]
(42, 40)[(42.91536, -78.86511), (42.91533, -78.86232), (42.90156, -78.86261), (42.8913, -78.86596), (42.89003, -78.86915), (42.88018, -78.87271), (42.87709, -78.87275), (42.87542, -78.86296), (42.87347, -78.8586), (42.86787, -78.82863), (42.86888, -78.82117), (42.87559, -78.81054), (42.87621, -78.80663), (42.87614, -78.80097), (42.87545, -78.7999), (42.87476, -78.8009), (42.87175, -78.80102), (42.87141, -78.7853), (42.87079, -78.7824), (42.86818, -78.77611), (42.85661, -78.75975), (42.85517, -78.75465), (42.85818, -78.71451), (42.86013, -78.71449)]
(43, 0)[(42.92247, -78.75388), (42.93037, -78.75414), (42.93028, -78.75959), (42.93245, -78.76452), (42.93306, -78.77511), (42.93273, -78.79279), (42.9332, -78.79844), (42.93317, -78.81129), (42.93007, -78.82096), (42.92939, -78.83308), (42.92745, -78.8376), (42.92355, -78.84357), (42.92995, -78.85427), (42.93248, -78.85686), (42.93333, -78.85875), (42.93466, -78.87113), (42.93397, -78.87483), (42.93438, -78.87823), (42.93706, -78.88232), (42.93746, -78.88938), (42.93824, -78.88989), (42.93605, -78.89616), (42.9361, -78.89867), (42.93864, -78.89812), (42.94969, -78.90381), (42.95379, -78.89998), (42.95341, -78.89921)]
(43, 1)[(42.92247, -78.75388), (42.92707, -78.75414), (42.93502, -78.71406), (42.93697, -78.71039), (42.93734, -78.69933), (42.94026, -78.68646), (42.94431, -78.67715), (42.96316, -78.67717), (42.96317, -78.67644), (42.96355, -78.67693)]
(43, 2)[(42.92247, -78.75388), (42.92246, -78.75415), (42.90288, -78.7543), (42.90271, -78.75497), (42.90378, -78.75515), (42.90381, -78.75584), (42.90256, -78.76643), (42.89708, -78.76654), (42.8968, -78.76557)]
(43, 3)[(42.92247, -78.75388), (42.92246, -78.75415), (42.91885, -78.75418), (42.91877, -78.73756), (42.91272, -78.73296), (42.90965, -78.73003), (42.9089, -78.72385), (42.90876, -78.71709), (42.91467, -78.67943), (42.90997, -78.67843), (42.90786, -78.67835), (42.90785, -78.67606), (42.906, -78.67608), (42.90598, -78.67569)]
(43, 4)[(42.92247, -78.75388), (42.94849, -78.75438), (42.95904, -78.75482), (42.96105, -78.75549), (42.96534, -78.72942), (42.96712, -78.72946)]
(43, 5)[(42.92247, -78.75388), (42.94849, -78.75438), (42.95904, -78.75482), (42.96105, -78.75549), (42.96468, -78.73356), (42.9642, -78.73343)]
(43, 6)[(42.92247, -78.75388), (42.93037, -78.75414), (42.93027, -78.75939), (42.93073, -78.76127), (42.93212, -78.76323), (42.93355, -78.76367), (42.93587, -78.76601), (42.94488, -78.76612), (42.9461, -78.76549), (42.94765, -78.76333), (42.9489, -78.76281), (42.95134, -78.76353), (42.95396, -78.76595), (42.96529, -78.76757), (42.96832, -78.76976), (42.97592, -78.77955), (42.97849, -78.7817), (42.98086, -78.82281), (42.98075, -78.83326), (42.98174, -78.83326), (42.98201, -78.83436)]
(43, 7)[(42.92247, -78.75388), (42.92246, -78.75415), (42.92707, -78.75414), (42.93502, -78.71406), (42.93697, -78.71039), (42.93682, -78.70578), (42.93728, -78.69969), (42.94009, -78.68708), (42.94064, -78.6855), (42.94189, -78.68352), (42.94494, -78.67548)]
(43, 8)[(42.92247, -78.75388), (42.93037, -78.75414), (42.93027, -78.75939), (42.93073, -78.76127), (42.93212, -78.76323), (42.93355, -78.76367), (42.93587, -78.76601), (42.94488, -78.76612), (42.9461, -78.76549), (42.94765, -78.76333), (42.9489, -78.76281), (42.95134, -78.76353), (42.95396, -78.76595), (42.96529, -78.76757), (42.96832, -78.76976), (42.97592, -78.77955), (42.97849, -78.7817), (42.98087, -78.82304), (42.98101, -78.87865), (42.98397, -78.87864)]
(43, 9)[(42.92247, -78.75388), (42.92246, -78.75415), (42.93037, -78.75414), (42.93035, -78.76007), (42.93073, -78.76127), (42.93212, -78.76351), (42.93256, -78.76532), (42.93259, -78.76935), (42.93306, -78.77511), (42.93308, -78.78719), (42.93274, -78.79331), (42.93316, -78.79732), (42.9332, -78.80691), (42.93346, -78.81047), (42.93733, -78.81043), (42.93733, -78.81364), (42.94497, -78.81367), (42.94603, -78.82573), (42.9472, -78.82936), (42.9466, -78.82979), (42.94609, -78.82973), (42.94438, -78.82886), (42.94373, -78.82797), (42.9438, -78.82764)]
(43, 10)[(42.92247, -78.75388), (42.93037, -78.75414), (42.93027, -78.75939), (42.93073, -78.76127), (42.93212, -78.76323), (42.93355, -78.76367), (42.93587, -78.76601), (42.94488, -78.76612), (42.9461, -78.76549), (42.94765, -78.76333), (42.9489, -78.76281), (42.95134, -78.76353), (42.95396, -78.76595), (42.96363, -78.76709), (42.96664, -78.76835), (42.96935, -78.77099), (42.97592, -78.77955), (42.97849, -78.7817), (42.97896, -78.78887), (42.97977, -78.78874)]
(43, 11)[(42.92247, -78.75388), (42.96105, -78.75549), (42.96611, -78.72469), (42.97793, -78.7248), (42.97772, -78.72089), (42.98992, -78.72072), (42.99686, -78.71753), (43.00005, -78.71738), (43.00177, -78.71897), (43.00336, -78.71811), (43.0028, -78.71633)]
(43, 12)[(42.92247, -78.75388), (42.93037, -78.75414), (42.93035, -78.76007), (42.93245, -78.76452), (42.93306, -78.77511), (42.93273, -78.79228), (42.9332, -78.79844), (42.9331, -78.81174), (42.93007, -78.82096), (42.92988, -78.82971), (42.92917, -78.8338), (42.92745, -78.8376), (42.92386, -78.84251), (42.92203, -78.84348), (42.91101, -78.84368), (42.91094, -78.8391), (42.90889, -78.83908), (42.90888, -78.83848)]
(43, 13)[(42.92247, -78.75388), (42.92246, -78.75415), (42.92707, -78.75414), (42.93502, -78.71406), (42.93697, -78.71039), (42.9369, -78.7033), (42.93734, -78.69933), (42.93794, -78.69693), (42.94017, -78.69695), (42.94018, -78.69877)]
(43, 14)[(42.92247, -78.75388), (42.92246, -78.75415), (42.92707, -78.75414), (42.93502, -78.71406), (42.93697, -78.71039), (42.93685, -78.70469), (42.93734, -78.69933), (42.94026, -78.68646), (42.94189, -78.68352), (42.94431, -78.67715), (42.95897, -78.67713), (42.95893, -78.67445), (42.96008, -78.67431), (42.96027, -78.67349)]
(43, 15)[(42.92247, -78.75388), (42.93037, -78.75414), (42.93027, -78.75939), (42.93073, -78.76127), (42.93212, -78.76323), (42.93355, -78.76367), (42.93587, -78.76601), (42.94488, -78.76612), (42.9461, -78.76549), (42.94765, -78.76333), (42.9489, -78.76281), (42.95134, -78.76353), (42.95396, -78.76595), (42.96529, -78.76757), (42.96832, -78.76976), (42.97592, -78.77955), (42.97849, -78.7817), (42.98087, -78.82551), (42.99107, -78.84039), (42.9911, -78.84472), (42.98987, -78.84524)]
(43, 16)[(42.92247, -78.75388), (42.92246, -78.75415), (42.92202, -78.75412), (42.92078, -78.75415), (42.92076, -78.75458), (42.92059, -78.75458)]
(43, 17)[(42.92247, -78.75388), (42.93037, -78.75414), (42.93035, -78.76007), (42.93252, -78.76498), (42.93306, -78.77511), (42.93273, -78.79279), (42.9332, -78.79844), (42.93317, -78.81129), (42.93007, -78.82096), (42.92988, -78.82971), (42.92917, -78.8338), (42.92745, -78.8376), (42.92354, -78.84342), (42.92995, -78.85427), (42.9331, -78.85791), (42.93466, -78.87113), (42.93415, -78.8759), (42.93505, -78.87798), (42.93793, -78.87859), (42.96845, -78.87874), (42.96846, -78.87811)]
(43, 18)[(42.92247, -78.75388), (42.93037, -78.75414), (42.93027, -78.75939), (42.93073, -78.76127), (42.93212, -78.76323), (42.93355, -78.76367), (42.93587, -78.76601), (42.94488, -78.76612), (42.9461, -78.76549), (42.94765, -78.76333), (42.9489, -78.76281), (42.95134, -78.76353), (42.95396, -78.76595), (42.96363, -78.76709), (42.96752, -78.76899), (42.97592, -78.77955), (42.97849, -78.7817), (42.97951, -78.79889), (42.97996, -78.79881)]
(43, 19)[(42.92247, -78.75388), (42.93037, -78.75414), (42.93073, -78.76127), (42.93587, -78.76601), (42.94488, -78.76612), (42.9489, -78.76281), (42.95396, -78.76595), (42.96433, -78.76727), (42.96832, -78.76976), (42.97824, -78.7826), (42.98437, -78.79335), (42.99259, -78.80143), (43.00296, -78.81592), (43.00428, -78.82445), (43.00141, -78.83605), (43.00064, -78.85326), (43.01086, -78.86279), (43.0266, -78.86085), (43.02509, -78.86777), (43.02387, -78.8673), (43.02347, -78.87082)]
(43, 20)[(42.92247, -78.75388), (42.92246, -78.75415), (42.92707, -78.75414), (42.93502, -78.71406), (42.93697, -78.71039), (42.93685, -78.70469), (42.93734, -78.69933), (42.94026, -78.68646), (42.94189, -78.68352), (42.94431, -78.67715), (42.9369, -78.67722), (42.9369, -78.67809), (42.93716, -78.67861)]
(43, 21)[(42.92247, -78.75388), (42.93037, -78.75414), (42.93027, -78.75939), (42.93073, -78.76127), (42.93212, -78.76323), (42.93355, -78.76367), (42.93587, -78.76601), (42.94488, -78.76612), (42.9461, -78.76549), (42.94765, -78.76333), (42.9489, -78.76281), (42.95134, -78.76353), (42.95396, -78.76595), (42.96363, -78.76709), (42.96664, -78.76835), (42.96935, -78.77099), (42.97824, -78.7826), (42.98171, -78.78871)]
(43, 22)[(42.92247, -78.75388), (42.92246, -78.75415), (42.91885, -78.75418), (42.91877, -78.73756), (42.91272, -78.73296), (42.90965, -78.73003), (42.90881, -78.72279), (42.90876, -78.71709), (42.91467, -78.67943), (42.91055, -78.67854), (42.91034, -78.68067)]
(43, 23)[(42.92247, -78.75388), (42.94849, -78.75438), (42.95904, -78.75482), (42.96105, -78.75549), (42.96632, -78.72323), (42.96619, -78.71619), (42.96129, -78.71587), (42.95964, -78.7149)]
(43, 24)[(42.92247, -78.75388), (42.92246, -78.75415), (42.91885, -78.75418), (42.91877, -78.73756), (42.91272, -78.73296), (42.90965, -78.73003), (42.90881, -78.72279), (42.90876, -78.71709), (42.91192, -78.69692), (42.90919, -78.69692)]
(43, 25)[(42.92247, -78.75388), (42.93037, -78.75414), (42.93073, -78.76127), (42.93568, -78.76595), (42.94488, -78.76612), (42.9489, -78.76281), (42.95396, -78.76595), (42.96529, -78.76757), (42.96935, -78.77099), (42.97898, -78.78369), (42.98437, -78.79335), (42.99259, -78.80143), (43.00264, -78.81519), (43.00428, -78.82445), (43.00141, -78.83605), (43.00064, -78.85326), (43.01011, -78.86237), (43.03074, -78.86062), (43.03094, -78.85003), (43.02819, -78.8499), (43.02822, -78.84402), (43.02694, -78.84398)]
(43, 26)[(42.92247, -78.75388), (42.93037, -78.75414), (42.93028, -78.75959), (42.93245, -78.76452), (42.93306, -78.77511), (42.93273, -78.79279), (42.9332, -78.79844), (42.93317, -78.81129), (42.93007, -78.82096), (42.92939, -78.83308), (42.92745, -78.8376), (42.92386, -78.84251), (42.92358, -78.84371), (42.93018, -78.85445), (42.93296, -78.8519), (42.93758, -78.85065), (42.9404, -78.85075), (42.94131, -78.85371), (42.94123, -78.85564), (42.94774, -78.859), (42.94777, -78.86456), (42.94909, -78.86454)]
(43, 27)[(42.92247, -78.75388), (42.95904, -78.75482), (42.96511, -78.75615), (42.98031, -78.76911), (42.98204, -78.76529), (42.992, -78.75961), (43.00249, -78.76069), (43.00665, -78.76466), (43.00964, -78.76406), (43.01707, -78.75331), (43.0128, -78.75326)]
(43, 28)[(42.92247, -78.75388), (42.93037, -78.75414), (42.93035, -78.76007), (42.93252, -78.76498), (42.93306, -78.77511), (42.93273, -78.79279), (42.9332, -78.79844), (42.93321, -78.81081), (42.93016, -78.82049), (42.92986, -78.82297), (42.93019, -78.82674), (42.93266, -78.82674), (42.93272, -78.82827), (42.94032, -78.82813), (42.94493, -78.83522), (42.94504, -78.84694), (42.94635, -78.8469), (42.94633, -78.84498), (42.94668, -78.84498)]
(43, 29)[(42.92247, -78.75388), (42.96105, -78.75549), (42.96611, -78.72469), (43.02154, -78.72455), (43.02405, -78.72568)]
(43, 30)[(42.92247, -78.75388), (42.92246, -78.75415), (42.93037, -78.75414), (42.93035, -78.76007), (42.93073, -78.76127), (42.93212, -78.76351), (42.93252, -78.76498), (42.93331, -78.78413), (42.94447, -78.78413), (42.945, -78.78389), (42.94477, -78.79423)]
(43, 31)[(42.92247, -78.75388), (42.92246, -78.75415), (42.92707, -78.75414), (42.92529, -78.76303), (42.92458, -78.76908), (42.92455, -78.77147), (42.92836, -78.7716), (42.92846, -78.77105), (42.92875, -78.77064), (42.92987, -78.77029), (42.93123, -78.77056), (42.93227, -78.77057), (42.93238, -78.77163), (42.93308, -78.77162), (42.93285, -78.77069), (42.93285, -78.76959), (42.93302, -78.76938)]
(43, 32)[(42.92247, -78.75388), (42.92707, -78.75414), (42.93502, -78.71406), (42.93697, -78.71039), (42.9369, -78.7033), (42.93794, -78.69693), (42.96526, -78.69675), (42.96503, -78.68677), (42.9692, -78.68668), (42.96917, -78.68286), (42.97154, -78.68284)]
(43, 33)[(42.92247, -78.75388), (42.8852, -78.7546), (42.87805, -78.75319), (42.85118, -78.75454), (42.85077, -78.71205), (42.84039, -78.71204), (42.84122, -78.72318)]
(43, 34)[(42.92247, -78.75388), (42.8852, -78.7546), (42.87805, -78.75319), (42.86963, -78.75418), (42.85118, -78.75454), (42.85083, -78.72083)]
(43, 35)[(42.92247, -78.75388), (42.8852, -78.7546), (42.87805, -78.75319), (42.85454, -78.75466), (42.80391, -78.75175), (42.80394, -78.75538), (42.80527, -78.75665), (42.80494, -78.76073)]
(43, 36)[(42.92247, -78.75388), (42.90721, -78.75439), (42.90746, -78.7571), (42.90903, -78.76231), (42.90928, -78.76903), (42.91089, -78.76933), (42.91145, -78.76772), (42.91007, -78.76676), (42.88558, -78.76785), (42.88316, -78.76872), (42.8815, -78.77012), (42.87894, -78.77466), (42.87659, -78.78509), (42.87614, -78.80865), (42.8752, -78.81191), (42.87201, -78.81711), (42.87206, -78.81998), (42.8645, -78.82541), (42.85984, -78.82552), (42.85596, -78.82774), (42.85488, -78.83042), (42.85488, -78.83221), (42.84702, -78.83231), (42.84705, -78.83619), (42.84649, -78.83618), (42.8464, -78.83684), (42.84329, -78.83688)]
(43, 37)[(42.92247, -78.75388), (42.8852, -78.7546), (42.87805, -78.75319), (42.85454, -78.75466), (42.81129, -78.75185), (42.81119, -78.76239), (42.80993, -78.76119)]
(43, 38)[(42.92247, -78.75388), (42.90721, -78.75439), (42.90746, -78.7571), (42.90903, -78.76231), (42.90928, -78.76903), (42.91089, -78.76933), (42.91145, -78.76772), (42.91007, -78.76676), (42.89289, -78.76746), (42.88488, -78.76801), (42.8827, -78.76902), (42.881, -78.77071), (42.87894, -78.77466), (42.87647, -78.7859), (42.87603, -78.80935), (42.87484, -78.81262), (42.87201, -78.81711), (42.87206, -78.81998), (42.8645, -78.82541), (42.86015, -78.82561), (42.85606, -78.82359), (42.8492, -78.81323)]
(43, 39)[(42.92247, -78.75388), (42.8852, -78.7546), (42.87805, -78.75319), (42.85454, -78.75466), (42.83031, -78.75358), (42.83122, -78.74788), (42.82981, -78.7444), (42.82837, -78.74434), (42.82836, -78.74012)]
(43, 40)[(42.92247, -78.75388), (42.8852, -78.7546), (42.87805, -78.75319), (42.87031, -78.75414), (42.85517, -78.75465), (42.85818, -78.71451), (42.86013, -78.71449)]
(44, 0)[(42.97483, -78.85841), (42.98099, -78.8586), (42.98098, -78.88539), (42.96093, -78.88887), (42.96158, -78.894), (42.95996, -78.89425), (42.95379, -78.89998), (42.95341, -78.89921)]
(44, 1)[(42.97483, -78.85841), (42.98079, -78.8586), (42.9807, -78.82283), (42.97811, -78.76787), (42.97286, -78.76184), (42.96561, -78.75638), (42.96105, -78.75549), (42.96632, -78.72323), (42.96505, -78.67722), (42.96355, -78.67693)]
(44, 2)[(42.97483, -78.85841), (42.98079, -78.8586), (42.98071, -78.82304), (42.97937, -78.79902), (42.98308, -78.79497), (42.98209, -78.78995), (42.97887, -78.78401), (42.96872, -78.77053), (42.96353, -78.76733), (42.94772, -78.76587), (42.90858, -78.76682), (42.90757, -78.7679), (42.90803, -78.76935), (42.9091, -78.76884), (42.90895, -78.76316), (42.90705, -78.7544), (42.90268, -78.75445), (42.90381, -78.75584), (42.90256, -78.76643), (42.89708, -78.76654), (42.8968, -78.76557)]
(44, 3)[(42.97483, -78.85841), (42.98079, -78.8586), (42.98071, -78.82304), (42.97937, -78.79902), (42.98305, -78.79473), (42.98209, -78.78995), (42.97887, -78.78401), (42.96777, -78.76956), (42.96425, -78.76751), (42.95187, -78.76609), (42.95019, -78.76464), (42.94987, -78.76175), (42.95146, -78.75889), (42.95198, -78.7546), (42.95034, -78.70542), (42.94801, -78.70257), (42.94701, -78.69694), (42.93426, -78.69693), (42.93268, -78.68216), (42.91759, -78.6821), (42.91625, -78.67938), (42.90786, -78.67835), (42.90785, -78.67606), (42.90598, -78.67569)]
(44, 4)[(42.97483, -78.85841), (42.98079, -78.8586), (42.9807, -78.82283), (42.97843, -78.78222), (42.97811, -78.76787), (42.97286, -78.76184), (42.96821, -78.7593), (42.96561, -78.75638), (42.96105, -78.75549), (42.96534, -78.72942), (42.96712, -78.72946)]
(44, 5)[(42.97483, -78.85841), (42.98079, -78.8586), (42.9807, -78.82283), (42.97843, -78.78222), (42.97811, -78.76787), (42.97286, -78.76184), (42.96821, -78.7593), (42.96561, -78.75638), (42.96105, -78.75549), (42.96468, -78.73356), (42.9642, -78.73343)]
(44, 6)[(42.97483, -78.85841), (42.98079, -78.8586), (42.98087, -78.85052), (42.98076, -78.83753), (42.98174, -78.83751), (42.98174, -78.83437), (42.98201, -78.83436)]
(44, 7)[(42.97483, -78.85841), (42.98079, -78.8586), (42.98071, -78.82304), (42.97937, -78.79902), (42.98305, -78.79473), (42.98209, -78.78995), (42.97887, -78.78401), (42.96777, -78.76956), (42.96353, -78.76733), (42.95153, -78.766), (42.95003, -78.76421), (42.94987, -78.76175), (42.95146, -78.75889), (42.95198, -78.7546), (42.95062, -78.73236), (42.95051, -78.70613), (42.94801, -78.70257), (42.94701, -78.69694), (42.93794, -78.69693), (42.94026, -78.68646), (42.94494, -78.67548)]
(44, 8)[(42.97483, -78.85841), (42.98099, -78.8586), (42.98101, -78.87865), (42.98397, -78.87864)]
(44, 9)[(42.97483, -78.85841), (42.97439, -78.85839), (42.97438, -78.85602), (42.97256, -78.85311), (42.96872, -78.84868), (42.96299, -78.84115), (42.9614, -78.83862), (42.95818, -78.83188), (42.95568, -78.82963), (42.95307, -78.82377), (42.94759, -78.82992), (42.9472, -78.82936), (42.94634, -78.8298), (42.94438, -78.82886), (42.94373, -78.82797), (42.9438, -78.82764)]
(44, 10)[(42.97483, -78.85841), (42.98079, -78.8586), (42.9807, -78.82283), (42.97872, -78.78693), (42.97896, -78.78887), (42.97977, -78.78874)]
(44, 11)[(42.97483, -78.85841), (42.98079, -78.8586), (42.98071, -78.82304), (42.97937, -78.79902), (42.99127, -78.78778), (42.99108, -78.72), (42.99686, -78.71753), (43.00005, -78.71738), (43.00161, -78.71894), (43.00272, -78.71871), (43.00336, -78.71811), (43.0028, -78.71633)]
(44, 12)[(42.97483, -78.85841), (42.97439, -78.85839), (42.97438, -78.85602), (42.97256, -78.85311), (42.96477, -78.84357), (42.95249, -78.84395), (42.95241, -78.83884), (42.9211, -78.83934), (42.90889, -78.83908), (42.90888, -78.83848)]
(44, 13)[(42.97483, -78.85841), (42.98079, -78.8586), (42.98071, -78.82304), (42.97937, -78.79902), (42.98302, -78.79541), (42.98234, -78.79071), (42.97815, -78.7829), (42.9673, -78.76914), (42.96353, -78.76733), (42.95187, -78.76609), (42.95019, -78.76464), (42.94987, -78.76175), (42.95146, -78.75889), (42.95198, -78.7546), (42.95191, -78.74358), (42.95062, -78.73236), (42.95051, -78.70613), (42.94987, -78.70446), (42.94801, -78.70257), (42.94705, -78.69956), (42.94701, -78.69694), (42.94017, -78.69695), (42.94018, -78.69877)]
(44, 14)[(42.97483, -78.85841), (42.98079, -78.8586), (42.9807, -78.82283), (42.97811, -78.76787), (42.97286, -78.76184), (42.96561, -78.75638), (42.96105, -78.75549), (42.96632, -78.72323), (42.96505, -78.67722), (42.96196, -78.67716), (42.96189, -78.67312), (42.96027, -78.67349)]
(44, 15)[(42.97483, -78.85841), (42.98079, -78.8586), (42.98083, -78.84639), (42.98839, -78.84642), (42.98838, -78.84525), (42.98987, -78.84524)]
(44, 16)[(42.97483, -78.85841), (42.98079, -78.8586), (42.98071, -78.82304), (42.97937, -78.79902), (42.98302, -78.79541), (42.98209, -78.78995), (42.97711, -78.78146), (42.96872, -78.77053), (42.96641, -78.76853), (42.96353, -78.76733), (42.95816, -78.76651), (42.94772, -78.76587), (42.9436, -78.76652), (42.93204, -78.76643), (42.93098, -78.76729), (42.93136, -78.7685), (42.93238, -78.76798), (42.93244, -78.76519), (42.93022, -78.76045), (42.92993, -78.75412), (42.92059, -78.75458)]
(44, 17)[(42.97483, -78.85841), (42.97439, -78.85839), (42.97443, -78.8659), (42.97206, -78.86606), (42.9696, -78.86722), (42.96843, -78.86762), (42.96843, -78.87072), (42.96852, -78.87072), (42.96846, -78.87811)]
(44, 18)[(42.97483, -78.85841), (42.98079, -78.8586), (42.98071, -78.82304), (42.97937, -78.79902), (42.97989, -78.79853), (42.97996, -78.79881)]
(44, 19)[(42.97483, -78.85841), (42.98099, -78.8586), (42.98097, -78.87238), (43.00135, -78.87525), (43.01248, -78.87214), (43.02218, -78.87577), (43.02347, -78.87082)]
(44, 20)[(42.97483, -78.85841), (42.98079, -78.8586), (42.98071, -78.82304), (42.97937, -78.79902), (42.98302, -78.79541), (42.98234, -78.79071), (42.97815, -78.7829), (42.9673, -78.76914), (42.96353, -78.76733), (42.95187, -78.76609), (42.95019, -78.76464), (42.94987, -78.76175), (42.95146, -78.75889), (42.95198, -78.7546), (42.95062, -78.73236), (42.95051, -78.70613), (42.94801, -78.70257), (42.94701, -78.69694), (42.93426, -78.69693), (42.93262, -78.68354), (42.93326, -78.67722), (42.9369, -78.67722), (42.93716, -78.67861)]
(44, 21)[(42.97483, -78.85841), (42.98079, -78.8586), (42.9807, -78.82283), (42.97849, -78.7817), (42.97888, -78.78181), (42.97942, -78.78264), (42.98038, -78.78605), (42.98171, -78.78871)]
(44, 22)[(42.97483, -78.85841), (42.98079, -78.8586), (42.98071, -78.82304), (42.97937, -78.79902), (42.98302, -78.79541), (42.98229, -78.79051), (42.97815, -78.7829), (42.9673, -78.76914), (42.96353, -78.76733), (42.95187, -78.76609), (42.95019, -78.76464), (42.94987, -78.76175), (42.95146, -78.75889), (42.95198, -78.7546), (42.95062, -78.73236), (42.95067, -78.70763), (42.95016, -78.70496), (42.9478, -78.70201), (42.94701, -78.69694), (42.93426, -78.69693), (42.93268, -78.68216), (42.91759, -78.6821), (42.91625, -78.67938), (42.91055, -78.67854), (42.91034, -78.68067)]
(44, 23)[(42.97483, -78.85841), (42.98079, -78.8586), (42.9807, -78.82283), (42.97843, -78.78222), (42.97811, -78.76787), (42.97286, -78.76184), (42.96821, -78.7593), (42.96561, -78.75638), (42.96105, -78.75549), (42.96632, -78.72323), (42.96619, -78.71619), (42.96129, -78.71587), (42.95964, -78.7149)]
(44, 24)[(42.97483, -78.85841), (42.98079, -78.8586), (42.98071, -78.82304), (42.97937, -78.79902), (42.98244, -78.79622), (42.98305, -78.79473), (42.98209, -78.78995), (42.97887, -78.78401), (42.96777, -78.76956), (42.96425, -78.76751), (42.95187, -78.76609), (42.95019, -78.76464), (42.94987, -78.76175), (42.95146, -78.75889), (42.95198, -78.7546), (42.95191, -78.74358), (42.95062, -78.73236), (42.95067, -78.70763), (42.95016, -78.70496), (42.94836, -78.70334), (42.9478, -78.70201), (42.94705, -78.69956), (42.94701, -78.69694), (42.90919, -78.69692)]
(44, 25)[(42.97483, -78.85841), (42.98555, -78.85858), (42.9866, -78.85722), (42.98663, -78.85381), (42.98713, -78.8528), (42.99542, -78.85266), (42.99837, -78.85202), (43.0017, -78.85399), (43.01086, -78.86279), (43.01326, -78.86281), (43.02069, -78.86098), (43.03074, -78.86062), (43.03094, -78.85003), (43.02819, -78.8499), (43.02822, -78.84402), (43.02694, -78.84398)]
(44, 26)[(42.97483, -78.85841), (42.96375, -78.8583), (42.9546, -78.85893), (42.95455, -78.86443), (42.94909, -78.86454)]
(44, 27)[(42.97483, -78.85841), (42.98079, -78.8586), (42.98071, -78.82304), (42.97937, -78.79902), (42.99112, -78.78856), (42.99602, -78.78576), (42.99686, -78.78372), (42.99706, -78.77723), (42.99823, -78.77491), (43.00344, -78.77215), (43.008, -78.77363), (43.00657, -78.769), (43.00665, -78.76466), (43.00996, -78.76384), (43.01216, -78.75925), (43.01546, -78.75611), (43.01707, -78.75331), (43.0128, -78.75326)]
(44, 28)[(42.97483, -78.85841), (42.96375, -78.8583), (42.95936, -78.85845), (42.95788, -78.85887), (42.95149, -78.85899), (42.95143, -78.85182), (42.9509, -78.84884), (42.94994, -78.8466), (42.94635, -78.8469), (42.94633, -78.84498), (42.94668, -78.84498)]
(44, 29)[(42.97483, -78.85841), (42.98079, -78.8586), (42.98071, -78.82304), (42.97937, -78.79902), (42.99112, -78.78856), (42.99602, -78.78576), (42.99686, -78.78372), (42.99706, -78.77723), (42.99823, -78.77491), (43.00344, -78.77215), (43.00742, -78.77365), (43.00914, -78.77313), (43.0168, -78.76737), (43.02425, -78.75919), (43.02426, -78.75324), (43.02369, -78.75137), (43.02374, -78.74049), (43.0271, -78.73282), (43.02304, -78.73269), (43.02304, -78.72489), (43.02384, -78.72489), (43.02405, -78.72568)]
(44, 30)[(42.97483, -78.85841), (42.97439, -78.85839), (42.97425, -78.8558), (42.97205, -78.85238), (42.96879, -78.84877), (42.96291, -78.84104), (42.9614, -78.83862), (42.95818, -78.83188), (42.95568, -78.82963), (42.95486, -78.82779), (42.95281, -78.82947), (42.95158, -78.82679), (42.95145, -78.82559), (42.94913, -78.82133), (42.9489, -78.79819), (42.94752, -78.79797), (42.94425, -78.79557), (42.94477, -78.79423)]
(44, 31)[(42.97483, -78.85841), (42.97439, -78.85839), (42.97425, -78.8558), (42.96291, -78.84104), (42.95818, -78.83188), (42.95568, -78.82963), (42.95486, -78.82779), (42.95281, -78.82947), (42.95145, -78.82559), (42.94913, -78.82133), (42.94889, -78.80343), (42.94232, -78.80336), (42.93806, -78.79903), (42.93279, -78.799), (42.93238, -78.77163), (42.93308, -78.77162), (42.93302, -78.76938)]
(44, 32)[(42.97483, -78.85841), (42.98079, -78.8586), (42.9807, -78.82283), (42.9782, -78.7767), (42.97824, -78.68742), (42.97542, -78.68612), (42.97536, -78.68284), (42.97154, -78.68284)]
(44, 33)[(42.97483, -78.85841), (42.98079, -78.8586), (42.98071, -78.82304), (42.97937, -78.79902), (42.98308, -78.79497), (42.98209, -78.78995), (42.97887, -78.78401), (42.96815, -78.76992), (42.96353, -78.76733), (42.94772, -78.76587), (42.89289, -78.76746), (42.88402, -78.7689), (42.88376, -78.75859), (42.88474, -78.75453), (42.87805, -78.75319), (42.85118, -78.75454), (42.85077, -78.71205), (42.84039, -78.71204), (42.84122, -78.72318)]
(44, 34)[(42.97483, -78.85841), (42.98079, -78.8586), (42.98071, -78.82304), (42.97937, -78.79902), (42.98308, -78.79497), (42.98209, -78.78995), (42.97887, -78.78401), (42.96872, -78.77053), (42.96353, -78.76733), (42.94772, -78.76587), (42.89289, -78.76746), (42.88402, -78.7689), (42.88376, -78.75859), (42.88474, -78.75453), (42.87805, -78.75319), (42.85118, -78.75454), (42.85083, -78.72083)]
(44, 35)[(42.97483, -78.85841), (42.98079, -78.8586), (42.97937, -78.79902), (42.98308, -78.79497), (42.97887, -78.78401), (42.96641, -78.76853), (42.94772, -78.76587), (42.88558, -78.76785), (42.87978, -78.77253), (42.8737, -78.78929), (42.85103, -78.7928), (42.84399, -78.77182), (42.84186, -78.75419), (42.80391, -78.75175), (42.80494, -78.76073)]
(44, 36)[(42.97483, -78.85841), (42.98099, -78.8586), (42.98062, -78.90222), (42.96586, -78.92247), (42.96162, -78.91984), (42.95444, -78.91056), (42.9436, -78.90807), (42.93357, -78.90289), (42.92888, -78.89887), (42.91507, -78.90154), (42.90288, -78.90096), (42.89848, -78.89804), (42.87942, -78.87927), (42.87574, -78.87806), (42.86912, -78.87853), (42.85227, -78.86365), (42.83918, -78.85718), (42.84206, -78.84719), (42.84638, -78.83965), (42.84705, -78.83619), (42.84329, -78.83688)]
(44, 37)[(42.97483, -78.85841), (42.98079, -78.8586), (42.97937, -78.79902), (42.98308, -78.79497), (42.97887, -78.78401), (42.96641, -78.76853), (42.94772, -78.76587), (42.88558, -78.76785), (42.87978, -78.77253), (42.8737, -78.78929), (42.85103, -78.7928), (42.84815, -78.78254), (42.84122, -78.78565), (42.83641, -78.77497), (42.82418, -78.7745), (42.80993, -78.76119)]
(44, 38)[(42.97483, -78.85841), (42.98099, -78.8586), (42.98062, -78.90222), (42.96599, -78.92248), (42.96162, -78.91984), (42.95444, -78.91056), (42.9436, -78.90807), (42.93357, -78.90289), (42.92888, -78.89887), (42.91507, -78.90154), (42.9035, -78.90122), (42.89848, -78.89804), (42.87986, -78.87878), (42.87347, -78.8586), (42.8676, -78.82878), (42.86641, -78.82717), (42.86513, -78.82744), (42.86473, -78.82529), (42.86015, -78.82561), (42.85606, -78.82359), (42.8492, -78.81323)]
(44, 39)[(42.97483, -78.85841), (42.98079, -78.8586), (42.98071, -78.82304), (42.97937, -78.79902), (42.98308, -78.79497), (42.98209, -78.78995), (42.97887, -78.78401), (42.9673, -78.76914), (42.96353, -78.76733), (42.94772, -78.76587), (42.88558, -78.76785), (42.88225, -78.76937), (42.87978, -78.77253), (42.87627, -78.78589), (42.8737, -78.78929), (42.8657, -78.79191), (42.85383, -78.79099), (42.85085, -78.79277), (42.84994, -78.79169), (42.84906, -78.78363), (42.84399, -78.77182), (42.84334, -78.75891), (42.84186, -78.75419), (42.83031, -78.75358), (42.83122, -78.74788), (42.82981, -78.7444), (42.82837, -78.74434), (42.82836, -78.74012)]
(44, 40)[(42.97483, -78.85841), (42.98079, -78.8586), (42.98071, -78.82304), (42.97937, -78.79902), (42.98308, -78.79497), (42.98209, -78.78995), (42.97887, -78.78401), (42.96872, -78.77053), (42.96353, -78.76733), (42.94772, -78.76587), (42.89289, -78.76746), (42.88402, -78.7689), (42.88376, -78.75859), (42.88474, -78.75453), (42.87805, -78.75319), (42.85517, -78.75465), (42.85818, -78.71451), (42.86013, -78.71449)]
(45, 0)[(43.01874, -78.82288), (43.01874, -78.82223), (43.00472, -78.82273), (43.00426, -78.82601), (43.00141, -78.83605), (43.00094, -78.84986), (42.99993, -78.85333), (42.99686, -78.85942), (42.99602, -78.86271), (42.99558, -78.87578), (42.99596, -78.87711), (42.99669, -78.87706), (42.99702, -78.87516), (42.99632, -78.87463), (42.98097, -78.87238), (42.98098, -78.88539), (42.96093, -78.88887), (42.96158, -78.894), (42.95996, -78.89425), (42.95379, -78.89998), (42.95341, -78.89921)]
(45, 1)[(43.01874, -78.82288), (43.01874, -78.82223), (43.00331, -78.82247), (43.00288, -78.82291), (43.00308, -78.82426), (43.00402, -78.82361), (43.0039, -78.82056), (43.00304, -78.81694), (43.00137, -78.81337), (42.99179, -78.8009), (42.98448, -78.79394), (42.97815, -78.7829), (42.96872, -78.77053), (42.9648, -78.76768), (42.95691, -78.76661), (42.95705, -78.76551), (42.95935, -78.76419), (42.95983, -78.76307), (42.96632, -78.72323), (42.96509, -78.69167), (42.96505, -78.67722), (42.96316, -78.67717), (42.96315, -78.67645), (42.96355, -78.67693)]
(45, 2)[(43.01874, -78.82288), (43.00331, -78.82247), (43.00308, -78.82426), (43.00402, -78.82361), (43.00371, -78.81938), (43.00112, -78.81299), (42.99179, -78.8009), (42.98448, -78.79394), (42.97815, -78.7829), (42.96872, -78.77053), (42.9648, -78.76768), (42.94772, -78.76587), (42.91683, -78.7664), (42.90858, -78.76682), (42.90757, -78.7679), (42.90803, -78.76935), (42.9091, -78.76884), (42.90891, -78.76282), (42.90705, -78.7544), (42.90608, -78.75436), (42.90268, -78.75445), (42.90381, -78.75584), (42.90256, -78.76643), (42.89708, -78.76654), (42.8968, -78.76557)]
(45, 3)[(43.01874, -78.82288), (43.00331, -78.82247), (43.00315, -78.82432), (43.00402, -78.82361), (43.0039, -78.82056), (43.00137, -78.81337), (42.99179, -78.8009), (42.98448, -78.79394), (42.97815, -78.7829), (42.96872, -78.77053), (42.96425, -78.76751), (42.95037, -78.76498), (42.94987, -78.76175), (42.95146, -78.75889), (42.95198, -78.7546), (42.95062, -78.73236), (42.95067, -78.70763), (42.95016, -78.70496), (42.9478, -78.70201), (42.94701, -78.69694), (42.93426, -78.69693), (42.93268, -78.68216), (42.91759, -78.6821), (42.91625, -78.67938), (42.90786, -78.67835), (42.90785, -78.67606), (42.90598, -78.67569)]
(45, 4)[(43.01874, -78.82288), (43.01874, -78.82223), (43.00331, -78.82247), (43.00288, -78.82291), (43.00308, -78.82426), (43.00402, -78.82361), (43.0039, -78.82056), (43.00304, -78.81694), (43.00137, -78.81337), (42.99179, -78.8009), (42.98448, -78.79394), (42.97815, -78.7829), (42.96872, -78.77053), (42.9648, -78.76768), (42.95694, -78.76668), (42.95705, -78.76551), (42.95935, -78.76419), (42.95983, -78.76307), (42.96534, -78.72942), (42.96712, -78.72946)]
(45, 5)[(43.01874, -78.82288), (43.01874, -78.82223), (43.00331, -78.82247), (43.00288, -78.82291), (43.00315, -78.82432), (43.00402, -78.82361), (43.0039, -78.82056), (43.00304, -78.81694), (43.00137, -78.81337), (42.99179, -78.8009), (42.98448, -78.79394), (42.97815, -78.7829), (42.96872, -78.77053), (42.96467, -78.76764), (42.95701, -78.76679), (42.95705, -78.76551), (42.95935, -78.76419), (42.95983, -78.76307), (42.96468, -78.73356), (42.9642, -78.73343)]
(45, 6)[(43.01874, -78.82288), (43.01874, -78.82223), (42.98087, -78.82304), (42.98075, -78.83326), (42.98174, -78.83326), (42.98174, -78.83437), (42.98201, -78.83436)]
(45, 7)[(43.01874, -78.82288), (43.00331, -78.82247), (43.00315, -78.82432), (43.00402, -78.82361), (43.0039, -78.82056), (43.00137, -78.81337), (42.99179, -78.8009), (42.98448, -78.79394), (42.97815, -78.7829), (42.96872, -78.77053), (42.96425, -78.76751), (42.95187, -78.76609), (42.95019, -78.76464), (42.94987, -78.76175), (42.95146, -78.75889), (42.95198, -78.7546), (42.95062, -78.73236), (42.95051, -78.70613), (42.94801, -78.70257), (42.94701, -78.69694), (42.93794, -78.69693), (42.94026, -78.68646), (42.94494, -78.67548)]
(45, 8)[(43.01874, -78.82288), (43.01874, -78.82223), (43.0048, -78.82258), (43.00426, -78.82601), (43.00203, -78.83294), (43.00141, -78.83605), (43.00115, -78.83902), (43.00114, -78.8483), (43.00094, -78.84986), (42.99993, -78.85333), (42.99686, -78.85942), (42.99602, -78.86271), (42.99558, -78.87578), (42.99596, -78.87711), (42.9965, -78.8772), (42.99683, -78.87688), (42.99702, -78.87516), (42.99632, -78.87463), (42.9838, -78.87277), (42.98379, -78.87864), (42.98397, -78.87864)]
(45, 9)[(43.01874, -78.82288), (43.01874, -78.82223), (43.00545, -78.82236), (42.95816, -78.82382), (42.95398, -78.82275), (42.94759, -78.82992), (42.94438, -78.82886), (42.9438, -78.82764)]
(45, 10)[(43.01874, -78.82288), (43.01874, -78.82223), (43.00331, -78.82247), (43.00288, -78.82291), (43.00315, -78.82432), (43.00402, -78.82361), (43.0039, -78.82056), (43.00304, -78.81694), (43.00137, -78.81337), (42.99179, -78.8009), (42.98483, -78.79439), (42.9783, -78.78313), (42.9768, -78.78209), (42.97645, -78.78387), (42.97867, -78.78381), (42.97896, -78.78887), (42.97977, -78.78874)]
(45, 11)[(43.01874, -78.82288), (43.01874, -78.82223), (42.99091, -78.82268), (42.99072, -78.80196), (42.99149, -78.77062), (42.99103, -78.75794), (42.99108, -78.72), (42.99686, -78.71753), (43.00005, -78.71738), (43.00161, -78.71894), (43.00272, -78.71871), (43.00336, -78.71811), (43.0028, -78.71633)]
(45, 12)[(43.01874, -78.82288), (42.95816, -78.82382), (42.95398, -78.82275), (42.93908, -78.83926), (42.90888, -78.83848)]
(45, 13)[(43.01874, -78.82288), (43.01874, -78.82223), (43.00331, -78.82247), (43.00288, -78.82291), (43.00315, -78.82432), (43.00402, -78.82361), (43.0039, -78.82056), (43.00304, -78.81694), (43.00137, -78.81337), (42.99179, -78.8009), (42.98448, -78.79394), (42.97815, -78.7829), (42.96872, -78.77053), (42.96425, -78.76751), (42.95187, -78.76609), (42.95037, -78.76498), (42.94987, -78.76175), (42.95146, -78.75889), (42.95198, -78.7546), (42.95191, -78.74358), (42.95062, -78.73236), (42.95051, -78.70613), (42.94987, -78.70446), (42.94801, -78.70257), (42.94705, -78.69956), (42.94701, -78.69694), (42.94017, -78.69695), (42.94018, -78.69877)]
(45, 14)[(43.01874, -78.82288), (43.01874, -78.82223), (43.00331, -78.82247), (43.00288, -78.82291), (43.00308, -78.82426), (43.00402, -78.82361), (43.0039, -78.82056), (43.00304, -78.81694), (43.00137, -78.81337), (42.99179, -78.8009), (42.98448, -78.79394), (42.97815, -78.7829), (42.96872, -78.77053), (42.9648, -78.76768), (42.95691, -78.76661), (42.95705, -78.76551), (42.95935, -78.76419), (42.95983, -78.76307), (42.96632, -78.72323), (42.96509, -78.69167), (42.96505, -78.67722), (42.96196, -78.67716), (42.96189, -78.67312), (42.96027, -78.67349)]
(45, 15)[(43.01874, -78.82288), (43.01874, -78.82223), (42.99091, -78.82268), (42.9911, -78.84472), (42.9905, -78.84472), (42.9903, -78.84517), (42.98987, -78.84524)]
(45, 16)[(43.01874, -78.82288), (43.00331, -78.82247), (43.00308, -78.82426), (43.00402, -78.82361), (43.00371, -78.81938), (43.00127, -78.81321), (42.99179, -78.8009), (42.98483, -78.79439), (42.97815, -78.7829), (42.9673, -78.76914), (42.96353, -78.76733), (42.94772, -78.76587), (42.93204, -78.76643), (42.93098, -78.76729), (42.93136, -78.7685), (42.93238, -78.76798), (42.93244, -78.76519), (42.93022, -78.76045), (42.92993, -78.75412), (42.92059, -78.75458)]
(45, 17)[(43.01874, -78.82288), (43.01874, -78.82223), (43.00472, -78.82273), (43.00426, -78.82601), (43.00141, -78.83605), (43.00094, -78.84986), (42.99993, -78.85333), (42.99686, -78.85942), (42.99602, -78.86271), (42.99558, -78.87578), (42.99596, -78.87711), (42.99669, -78.87706), (42.99702, -78.87516), (42.99632, -78.87463), (42.98097, -78.87238), (42.98101, -78.87865), (42.96845, -78.87874), (42.96846, -78.87811)]
(45, 18)[(43.01874, -78.82288), (43.01874, -78.82223), (43.00331, -78.82247), (43.00288, -78.82291), (43.00291, -78.82393), (43.00321, -78.82437), (43.00372, -78.82428), (43.00402, -78.82361), (43.004, -78.82148), (43.00352, -78.81855), (43.00227, -78.81506), (43.00072, -78.81244), (42.9914, -78.80045), (42.98725, -78.79696), (42.98649, -78.79649), (42.9846, -78.79644), (42.98375, -78.79531), (42.9802, -78.79824), (42.97989, -78.79853), (42.97996, -78.79881)]
(45, 19)[(43.01874, -78.82288), (43.01878, -78.82656), (43.01965, -78.82816), (43.01818, -78.82988), (43.0149, -78.83596), (43.01266, -78.84287), (43.01241, -78.84604), (43.0117, -78.84921), (43.0115, -78.85893), (43.01206, -78.86364), (43.01149, -78.86588), (43.01902, -78.87367), (43.01943, -78.87505), (43.02058, -78.8751), (43.02218, -78.87577), (43.02347, -78.87082)]
(45, 20)[(43.01874, -78.82288), (43.00331, -78.82247), (43.00315, -78.82432), (43.00402, -78.82361), (43.0039, -78.82056), (43.00137, -78.81337), (42.99179, -78.8009), (42.98448, -78.79394), (42.97815, -78.7829), (42.96872, -78.77053), (42.96425, -78.76751), (42.95037, -78.76498), (42.94987, -78.76175), (42.95146, -78.75889), (42.95198, -78.7546), (42.95062, -78.73236), (42.95051, -78.70613), (42.94801, -78.70257), (42.94701, -78.69694), (42.93426, -78.69693), (42.93262, -78.68354), (42.93326, -78.67722), (42.9369, -78.67722), (42.93716, -78.67861)]
(45, 21)[(43.01874, -78.82288), (43.01874, -78.82223), (43.00331, -78.82247), (43.00288, -78.82291), (43.00308, -78.82426), (43.00402, -78.82361), (43.0039, -78.82056), (43.00304, -78.81694), (43.00137, -78.81337), (42.99179, -78.8009), (42.98483, -78.79439), (42.97815, -78.7829), (42.97738, -78.78206), (42.97668, -78.78221), (42.97645, -78.78387), (42.97852, -78.78381), (42.97849, -78.7817), (42.97888, -78.78181), (42.98171, -78.78871)]
(45, 22)[(43.01874, -78.82288), (43.00331, -78.82247), (43.00315, -78.82432), (43.00402, -78.82361), (43.0039, -78.82056), (43.00137, -78.81337), (42.99179, -78.8009), (42.98448, -78.79394), (42.97815, -78.7829), (42.96872, -78.77053), (42.96425, -78.76751), (42.95055, -78.76524), (42.94987, -78.76175), (42.95146, -78.75889), (42.95198, -78.7546), (42.95062, -78.73236), (42.95067, -78.70763), (42.95016, -78.70496), (42.9478, -78.70201), (42.94701, -78.69694), (42.93426, -78.69693), (42.93268, -78.68216), (42.91759, -78.6821), (42.91625, -78.67938), (42.91055, -78.67854), (42.91034, -78.68067)]
(45, 23)[(43.01874, -78.82288), (43.01874, -78.82223), (43.00331, -78.82247), (43.00288, -78.82291), (43.00308, -78.82426), (43.00402, -78.82361), (43.0039, -78.82056), (43.00304, -78.81694), (43.00137, -78.81337), (42.99179, -78.8009), (42.98448, -78.79394), (42.97815, -78.7829), (42.96872, -78.77053), (42.9648, -78.76768), (42.95694, -78.76668), (42.95705, -78.76551), (42.95935, -78.76419), (42.95983, -78.76307), (42.96632, -78.72323), (42.96617, -78.71577), (42.96147, -78.71589), (42.95964, -78.7149)]
(45, 24)[(43.01874, -78.82288), (43.00331, -78.82247), (43.00315, -78.82432), (43.00402, -78.82361), (43.0039, -78.82056), (43.00137, -78.81337), (42.99179, -78.8009), (42.98448, -78.79394), (42.97815, -78.7829), (42.96872, -78.77053), (42.96425, -78.76751), (42.95037, -78.76498), (42.94987, -78.76175), (42.95146, -78.75889), (42.95198, -78.7546), (42.95062, -78.73236), (42.95067, -78.70763), (42.95016, -78.70496), (42.9478, -78.70201), (42.94701, -78.69694), (42.90919, -78.69692)]
(45, 25)[(43.01874, -78.82288), (43.01874, -78.82223), (43.03186, -78.82221), (43.03606, -78.82314), (43.036, -78.82855), (43.03419, -78.82878), (43.03279, -78.82932), (43.02815, -78.83219), (43.02714, -78.83435), (43.02437, -78.83834), (43.02314, -78.84039), (43.02129, -78.8446), (43.02105, -78.84608), (43.02297, -78.84612), (43.02299, -78.84514), (43.0237, -78.84341), (43.02446, -78.8439), (43.02694, -78.84398)]
(45, 26)[(43.01874, -78.82288), (43.01874, -78.82223), (43.00476, -78.82265), (43.00426, -78.82601), (43.00141, -78.83605), (43.00105, -78.85117), (43.00057, -78.85344), (42.99837, -78.85202), (42.99542, -78.85266), (42.98713, -78.8528), (42.98663, -78.85381), (42.98647, -78.85768), (42.98537, -78.85861), (42.96375, -78.8583), (42.9546, -78.85893), (42.95455, -78.86443), (42.94909, -78.86454)]
(45, 27)[(43.01874, -78.82288), (43.01874, -78.82223), (43.02512, -78.82215), (43.02504, -78.82061), (43.0233, -78.81375), (43.02323, -78.81212), (43.02229, -78.80903), (43.02245, -78.80681), (43.02106, -78.80145), (43.02132, -78.80034), (43.02211, -78.79948), (43.02221, -78.79899), (43.02671, -78.79913), (43.02668, -78.79771), (43.0264, -78.79684), (43.02458, -78.79497), (43.02415, -78.79412), (43.02376, -78.78897), (43.02402, -78.78267), (43.02426, -78.75649), (43.01981, -78.75622), (43.01902, -78.75561), (43.01592, -78.75569), (43.01707, -78.75331), (43.0128, -78.75326)]
(45, 28)[(43.01874, -78.82288), (43.01874, -78.82223), (43.00545, -78.82236), (42.95816, -78.82382), (42.95398, -78.82275), (42.94407, -78.83379), (42.94493, -78.83522), (42.94504, -78.84694), (42.94635, -78.8469), (42.94633, -78.84498), (42.94668, -78.84498)]
(45, 29)[(43.01874, -78.82288), (43.01874, -78.82223), (43.02512, -78.82215), (43.02107, -78.8012), (43.02221, -78.79899), (43.02671, -78.79913), (43.0264, -78.79684), (43.02411, -78.79395), (43.02372, -78.78821), (43.02427, -78.75349), (43.02369, -78.75137), (43.02374, -78.74049), (43.0271, -78.73282), (43.02304, -78.73269), (43.02304, -78.72489), (43.02384, -78.72489), (43.02405, -78.72568)]
(45, 30)[(43.01874, -78.82288), (43.01874, -78.82223), (43.00331, -78.82247), (43.00288, -78.82291), (43.00308, -78.82426), (43.00402, -78.82361), (43.0039, -78.82056), (43.00304, -78.81694), (43.00137, -78.81337), (42.99179, -78.8009), (42.98483, -78.79439), (42.97728, -78.78202), (42.97656, -78.78239), (42.97645, -78.78387), (42.94537, -78.78408), (42.94492, -78.7847), (42.94477, -78.79423)]
(45, 31)[(43.01874, -78.82288), (43.00331, -78.82247), (43.00308, -78.82426), (43.00402, -78.82361), (43.00371, -78.81938), (43.00127, -78.81321), (42.99179, -78.8009), (42.98483, -78.79439), (42.97815, -78.7829), (42.96641, -78.76853), (42.9564, -78.76638), (42.93634, -78.76654), (42.93265, -78.76933), (42.93331, -78.78392), (42.93268, -78.78413), (42.93302, -78.76938)]
(45, 32)[(43.01874, -78.82288), (43.01874, -78.82223), (43.00331, -78.82247), (43.00288, -78.82291), (43.00308, -78.82426), (43.00402, -78.82361), (43.0039, -78.82056), (43.00304, -78.81694), (43.00137, -78.81337), (42.99179, -78.8009), (42.98448, -78.79394), (42.97815, -78.7829), (42.96872, -78.77053), (42.9648, -78.76768), (42.95911, -78.76666), (42.95739, -78.76707), (42.95688, -78.76653), (42.95705, -78.76551), (42.95935, -78.76419), (42.95983, -78.76307), (42.96632, -78.72323), (42.96503, -78.68677), (42.9692, -78.68668), (42.96917, -78.68286), (42.97154, -78.68284)]
(45, 33)[(43.01874, -78.82288), (43.00331, -78.82247), (43.00308, -78.82426), (43.00371, -78.81938), (43.00112, -78.81299), (42.9648, -78.76768), (42.94772, -78.76587), (42.88402, -78.7689), (42.88474, -78.75453), (42.85118, -78.75454), (42.85077, -78.71205), (42.84039, -78.71204), (42.84122, -78.72318)]
(45, 34)[(43.01874, -78.82288), (43.00331, -78.82247), (43.00308, -78.82426), (43.00371, -78.81938), (43.00112, -78.81299), (42.9648, -78.76768), (42.94772, -78.76587), (42.88402, -78.7689), (42.88474, -78.75453), (42.85118, -78.75454), (42.85083, -78.72083)]
(45, 35)[(43.01874, -78.82288), (43.00331, -78.82247), (43.00308, -78.82426), (43.00371, -78.81938), (43.00112, -78.81299), (42.98448, -78.79394), (42.96872, -78.77053), (42.96425, -78.76751), (42.88558, -78.76785), (42.87978, -78.77253), (42.8737, -78.78929), (42.85103, -78.7928), (42.84399, -78.77182), (42.84186, -78.75419), (42.80391, -78.75175), (42.80494, -78.76073)]
(45, 36)[(43.01874, -78.82288), (43.00331, -78.82247), (43.00308, -78.82426), (43.00371, -78.81938), (43.00112, -78.81299), (42.9648, -78.76768), (42.94772, -78.76587), (42.88641, -78.76777), (42.88189, -78.76971), (42.87878, -78.77523), (42.87647, -78.7859), (42.87614, -78.80865), (42.87206, -78.81998), (42.85596, -78.82774), (42.85488, -78.83221), (42.84702, -78.83231), (42.84705, -78.83619), (42.84329, -78.83688)]
(45, 37)[(43.01874, -78.82288), (43.00331, -78.82247), (43.00308, -78.82426), (43.00371, -78.81938), (43.00112, -78.81299), (42.98448, -78.79394), (42.96872, -78.77053), (42.96425, -78.76751), (42.88558, -78.76785), (42.87978, -78.77253), (42.8737, -78.78929), (42.85103, -78.7928), (42.84815, -78.78254), (42.84122, -78.78565), (42.83641, -78.77497), (42.82418, -78.7745), (42.80993, -78.76119)]
(45, 38)[(43.01874, -78.82288), (43.00331, -78.82247), (43.00315, -78.82432), (43.0039, -78.82056), (43.00137, -78.81337), (42.98448, -78.79394), (42.96815, -78.76992), (42.94772, -78.76587), (42.88377, -78.7684), (42.8783, -78.77722), (42.87614, -78.80865), (42.87206, -78.81998), (42.8645, -78.82541), (42.86015, -78.82561), (42.85606, -78.82359), (42.8492, -78.81323)]
(45, 39)[(43.01874, -78.82288), (43.00331, -78.82247), (43.00308, -78.82426), (43.00371, -78.81938), (43.00112, -78.81299), (42.98448, -78.79394), (42.96872, -78.77053), (42.96353, -78.76733), (42.88558, -78.76785), (42.87978, -78.77253), (42.8737, -78.78929), (42.85067, -78.7927), (42.84399, -78.77182), (42.84186, -78.75419), (42.83031, -78.75358), (42.83122, -78.74788), (42.82837, -78.74434), (42.82836, -78.74012)]
(45, 40)[(43.01874, -78.82288), (43.00331, -78.82247), (43.00308, -78.82426), (43.00371, -78.81938), (43.00112, -78.81299), (42.9648, -78.76768), (42.94772, -78.76587), (42.88402, -78.7689), (42.88474, -78.75453), (42.85517, -78.75465), (42.85818, -78.71451), (42.86013, -78.71449)]
