(41, 0)[(42.97761, -78.80065), (42.97951, -78.79889), (42.98087, -78.82304), (42.98098, -78.88539), (42.96093, -78.88887), (42.96158, -78.894), (42.95996, -78.89425), (42.95379, -78.89998), (42.95341, -78.89921)]
(41, 1)[(42.97761, -78.80065), (42.97951, -78.79889), (42.98079, -78.82104), (42.98087, -78.82551), (42.9834, -78.82922), (42.98638, -78.83317), (42.99101, -78.83304), (42.99156, -78.83278), (42.99172, -78.8334)]
(41, 2)[(42.97761, -78.80065), (42.99127, -78.78778), (42.99108, -78.72), (42.98937, -78.70346), (42.9893, -78.69695), (43.00485, -78.69715)]
(41, 3)[(42.97761, -78.80065), (42.96304, -78.81387), (42.9331, -78.81365), (42.93016, -78.82049), (42.92884, -78.83476), (42.92253, -78.84337), (42.90898, -78.84349), (42.90369, -78.84637), (42.90373, -78.84463), (42.88334, -78.84404), (42.88335, -78.83659)]
(41, 4)[(42.97761, -78.80065), (42.97937, -78.79902), (42.97811, -78.76787), (42.97286, -78.76184), (42.96821, -78.7593), (42.96561, -78.75638), (42.96105, -78.75549), (42.96632, -78.72323), (42.96503, -78.68677), (42.9692, -78.68668), (42.96932, -78.68741), (42.97123, -78.68754)]
(41, 5)[(42.97761, -78.80065), (42.98302, -78.79541), (42.98209, -78.78995), (42.97815, -78.7829), (42.96872, -78.77053), (42.96353, -78.76733), (42.94772, -78.76587), (42.88767, -78.76773), (42.88402, -78.7689), (42.88419, -78.77685), (42.88007, -78.77767)]
(41, 6)[(42.97761, -78.80065), (42.97937, -78.79902), (42.9782, -78.7767), (42.97811, -78.76787), (42.97476, -78.76449), (42.97286, -78.76184), (42.96821, -78.7593), (42.96561, -78.75638), (42.96105, -78.75549), (42.96176, -78.75145), (42.96248, -78.75146)]
(41, 7)[(42.97761, -78.80065), (42.97937, -78.79902), (42.9782, -78.7767), (42.97802, -78.76004), (42.97867, -78.75367), (42.97855, -78.73829), (42.97844, -78.7289), (42.97771, -78.7233), (42.97772, -78.72089), (42.98167, -78.72083), (42.98166, -78.71949), (42.98219, -78.71916)]
(41, 8)[(42.97761, -78.80065), (42.99112, -78.78856), (42.99579, -78.78604), (42.99686, -78.78372), (42.99697, -78.77788), (42.99751, -78.77592), (42.99885, -78.77442), (43.00248, -78.77248), (43.00414, -78.77219), (43.00694, -78.77354), (43.00836, -78.77354), (43.01594, -78.76808), (43.01852, -78.76798), (43.03478, -78.76781), (43.03708, -78.76824), (43.03706, -78.77111)]
(41, 9)[(42.97761, -78.80065), (42.96304, -78.81387), (42.93796, -78.81364), (42.93591, -78.8187), (42.92639, -78.81841), (42.92306, -78.81662), (42.92262, -78.81714), (42.9213, -78.81674), (42.9213, -78.81767)]
(41, 10)[(42.97761, -78.80065), (42.98513, -78.79359), (42.98538, -78.79266), (42.98483, -78.79153), (42.98426, -78.79142), (42.98396, -78.79202), (42.98468, -78.79375), (42.9868, -78.79621), (42.99223, -78.80102), (43.00102, -78.81241), (43.0031, -78.81614), (43.00406, -78.81931), (43.00535, -78.82024), (43.00545, -78.82236), (43.00749, -78.82233), (43.00749, -78.8264), (43.00491, -78.8335), (43.00491, -78.83614), (43.01006, -78.83594), (43.01009, -78.83754), (43.00832, -78.83758)]
(41, 11)[(42.97761, -78.80065), (42.98513, -78.79359), (42.98538, -78.79266), (42.98467, -78.7914), (42.98396, -78.79202), (42.98468, -78.79375), (42.99223, -78.80102), (43.00102, -78.81241), (43.00338, -78.81718), (43.00432, -78.82343), (43.00383, -78.8275), (43.00136, -78.83642), (43.00105, -78.85117), (43.00064, -78.85326), (43.0105, -78.86265), (43.01268, -78.86289), (43.015, -78.86223), (43.01643, -78.86583), (43.01938, -78.86334)]
(41, 12)[(42.97761, -78.80065), (42.98949, -78.78987), (42.99602, -78.78576), (42.99686, -78.78372), (42.99706, -78.77723), (42.99823, -78.77491), (43.00344, -78.77215), (43.00742, -78.77365), (43.00914, -78.77313), (43.0168, -78.76737), (43.02425, -78.75919), (43.02426, -78.75324), (43.02369, -78.75137), (43.02374, -78.74049), (43.02824, -78.73044), (43.02809, -78.72681)]
(41, 13)[(42.97761, -78.80065), (42.98308, -78.79516), (42.98209, -78.78995), (42.97887, -78.78401), (42.9673, -78.76914), (42.95816, -78.76651), (42.91945, -78.76633), (42.8868, -78.76792), (42.88402, -78.7689), (42.88435, -78.7846), (42.87976, -78.78471), (42.88035, -78.78693)]
(41, 14)[(42.97761, -78.80065), (42.96304, -78.81387), (42.95945, -78.81391), (42.95766, -78.81852), (42.95805, -78.81935), (42.95852, -78.84384), (42.95524, -78.84389), (42.95528, -78.84675)]
(41, 15)[(42.97761, -78.80065), (42.98949, -78.78987), (42.99602, -78.78576), (42.99686, -78.78372), (42.99706, -78.77723), (42.99823, -78.77491), (43.00344, -78.77215), (43.00836, -78.77354), (43.0161, -78.76796), (43.03472, -78.74773), (43.0343, -78.70326), (43.03339, -78.69695), (43.03722, -78.69695), (43.03705, -78.69525)]
(41, 16)[(42.97761, -78.80065), (42.96304, -78.81387), (42.9442, -78.81367), (42.94449, -78.81764), (42.94371, -78.81758), (42.94403, -78.82242)]
(41, 17)[(42.97761, -78.80065), (42.97951, -78.79889), (42.98, -78.80785), (42.98796, -78.80763), (42.98977, -78.80475), (42.99514, -78.80162), (42.99734, -78.7994), (42.99853, -78.79872), (43.01231, -78.79897), (43.01247, -78.7922), (43.01203, -78.79178), (43.01093, -78.79303)]
(41, 18)[(42.97761, -78.80065), (42.97178, -78.80609), (42.96837, -78.8091), (42.96952, -78.8103), (42.96975, -78.81112), (42.96977, -78.81171), (42.96944, -78.81334), (42.96946, -78.81699), (42.96805, -78.81702), (42.96776, -78.81735), (42.96772, -78.81783)]
(41, 19)[(42.97761, -78.80065), (42.98933, -78.79001), (42.99073, -78.78811), (42.99127, -78.78778), (42.99149, -78.77062), (42.99113, -78.76604), (42.99111, -78.75978), (42.99293, -78.75947), (42.99471, -78.75961), (42.9988, -78.76101), (43.00206, -78.76071), (43.00214, -78.74975), (43.00306, -78.74974), (43.00306, -78.74796)]
(41, 20)[(42.97761, -78.80065), (42.98302, -78.79541), (42.98305, -78.79473), (42.98251, -78.79354), (42.98234, -78.79071), (42.98209, -78.78995), (42.97815, -78.7829), (42.96777, -78.76956), (42.96641, -78.76853), (42.96425, -78.76751), (42.95911, -78.76666), (42.95709, -78.76691), (42.95683, -78.76614), (42.95705, -78.76551), (42.95935, -78.76419), (42.95968, -78.76358), (42.96077, -78.75734), (42.9576, -78.75733)]
(41, 21)[(42.97761, -78.80065), (42.98302, -78.79541), (42.98209, -78.78995), (42.97815, -78.7829), (42.96928, -78.77125), (42.9648, -78.76768), (42.94772, -78.76587), (42.89289, -78.76746), (42.88402, -78.7689), (42.88376, -78.75859), (42.88495, -78.75431)]
(41, 22)[(42.97761, -78.80065), (42.96304, -78.81387), (42.91264, -78.81375), (42.90883, -78.82323), (42.89376, -78.82418)]
(41, 23)[(42.97761, -78.80065), (42.96304, -78.81387), (42.89694, -78.81403), (42.89618, -78.81991), (42.89783, -78.82003)]
(41, 24)[(42.97761, -78.80065), (42.96304, -78.81387), (42.93796, -78.81364), (42.93266, -78.82674), (42.9202, -78.82654)]
(41, 25)[(42.97761, -78.80065), (42.98513, -78.79359), (42.98533, -78.79249), (42.9844, -78.79136), (42.98401, -78.79252), (42.98573, -78.7951), (42.99714, -78.80537), (43.00157, -78.80289), (43.00894, -78.8029), (43.01341, -78.80182), (43.01791, -78.79878), (43.01887, -78.79725), (43.01821, -78.79612), (43.01749, -78.79686), (43.01748, -78.79899), (43.0347, -78.79958), (43.03498, -78.81008), (43.03447, -78.81122)]
(41, 26)[(42.97761, -78.80065), (42.97951, -78.79889), (42.98087, -78.82304), (42.98086, -78.84973)]
(41, 27)[(42.97761, -78.80065), (42.98513, -78.79359), (42.98538, -78.79266), (42.98475, -78.79144), (42.9844, -78.79136), (42.98401, -78.79175), (42.98398, -78.7924), (42.98437, -78.79335), (42.9868, -78.79621), (42.99074, -78.79948), (42.99259, -78.80143), (43.00102, -78.81241), (43.00296, -78.81592), (43.00407, -78.82016), (43.00428, -78.82445), (43.00383, -78.8275), (43.00203, -78.83294), (43.00141, -78.83605), (43.00115, -78.83902), (43.00105, -78.85117), (43.00064, -78.85326), (43.00258, -78.8548), (43.00507, -78.85098), (43.00526, -78.8478), (43.00554, -78.84714), (43.00607, -78.84683), (43.00944, -78.84679), (43.00943, -78.84559), (43.01067, -78.84558)]
(41, 28)[(42.97761, -78.80065), (42.97937, -78.79902), (42.9782, -78.7767), (42.97802, -78.76004), (42.97867, -78.75367), (42.97844, -78.72908), (42.97769, -78.72286), (42.97818, -78.67704), (42.97057, -78.67713)]
(41, 29)[(42.97761, -78.80065), (42.97937, -78.79902), (42.9782, -78.7767), (42.97802, -78.76004), (42.97867, -78.75367), (42.97844, -78.72908), (42.97769, -78.72286), (42.97822, -78.68283), (42.98091, -78.6828), (42.98029, -78.67976), (42.98171, -78.67938)]
(41, 30)[(42.97761, -78.80065), (42.98513, -78.79359), (42.98538, -78.79266), (42.98483, -78.79153), (42.98426, -78.79142), (42.98396, -78.79202), (42.98468, -78.79375), (42.9868, -78.79621), (42.99223, -78.80102), (43.00102, -78.81241), (43.0031, -78.81614), (43.00406, -78.81931), (43.00535, -78.82024), (43.00545, -78.82236), (43.00749, -78.82233), (43.00749, -78.8264), (43.00491, -78.8335), (43.00491, -78.83614), (43.01006, -78.83594), (43.01009, -78.83754), (43.01193, -78.83751), (43.01205, -78.83982), (43.0117, -78.8404)]
(41, 31)[(42.97761, -78.80065), (42.98513, -78.79359), (42.98538, -78.79266), (42.98467, -78.7914), (42.98396, -78.79202), (42.98468, -78.79375), (42.99223, -78.80102), (43.00102, -78.81241), (43.00338, -78.81718), (43.00432, -78.82343), (43.00383, -78.8275), (43.00136, -78.83642), (43.00105, -78.85117), (43.00064, -78.85326), (43.01086, -78.86279), (43.01326, -78.86281), (43.02069, -78.86098), (43.0266, -78.86085), (43.02509, -78.86777), (43.02634, -78.86824), (43.02518, -78.87366), (43.02827, -78.87489)]
(41, 32)[(42.97761, -78.80065), (42.98513, -78.79359), (42.98538, -78.79266), (42.98467, -78.7914), (42.98396, -78.79202), (42.98468, -78.79375), (42.99223, -78.80102), (43.00102, -78.81241), (43.0031, -78.81614), (43.00406, -78.81931), (43.00535, -78.82024), (43.00545, -78.82236), (43.03186, -78.82221), (43.03606, -78.82314), (43.036, -78.82855), (43.03279, -78.82932), (43.02835, -78.83195), (43.02532, -78.83695), (43.02598, -78.83729)]
(41, 33)[(42.97761, -78.80065), (42.98308, -78.79516), (42.98209, -78.78995), (42.97887, -78.78401), (42.9673, -78.76914), (42.9564, -78.76638), (42.91945, -78.76633), (42.88488, -78.76801), (42.87978, -78.77253), (42.87627, -78.78589), (42.8737, -78.78929), (42.8657, -78.79191), (42.85383, -78.79099), (42.85067, -78.7927), (42.84906, -78.78363), (42.84399, -78.77182), (42.8432, -78.75804), (42.84186, -78.75419), (42.83949, -78.75407), (42.83936, -78.7382), (42.83243, -78.7382), (42.83059, -78.73079), (42.83089, -78.7277), (42.8294, -78.72701)]
(41, 34)[(42.97761, -78.80065), (42.98302, -78.79541), (42.98209, -78.78995), (42.9648, -78.76768), (42.94772, -78.76587), (42.88558, -78.76785), (42.87978, -78.77253), (42.87627, -78.78589), (42.87325, -78.78953), (42.86335, -78.79201), (42.85071, -78.79029), (42.84381, -78.79289), (42.8173, -78.79163), (42.81298, -78.79526), (42.80402, -78.81299), (42.78949, -78.82013), (42.78922, -78.82386), (42.79714, -78.82388), (42.79771, -78.83477), (42.81952, -78.8363)]
(41, 35)[(42.97761, -78.80065), (42.98302, -78.79541), (42.98229, -78.79051), (42.97815, -78.7829), (42.96872, -78.77053), (42.96353, -78.76733), (42.94772, -78.76587), (42.88641, -78.76806), (42.88402, -78.7689), (42.88435, -78.7846), (42.87505, -78.78484), (42.87092, -78.7874), (42.8645, -78.78724), (42.8649, -78.79064), (42.86306, -78.79541)]
(41, 36)[(42.97761, -78.80065), (42.98302, -78.79541), (42.98209, -78.78995), (42.97815, -78.7829), (42.96928, -78.77125), (42.9648, -78.76768), (42.94772, -78.76587), (42.88488, -78.76801), (42.87978, -78.77253), (42.87627, -78.78589), (42.87325, -78.78953), (42.8657, -78.79191), (42.85798, -78.79212), (42.85071, -78.79029), (42.84427, -78.79285), (42.82828, -78.79318), (42.82833, -78.81322), (42.82601, -78.82142), (42.82574, -78.82704), (42.8272, -78.84439), (42.82796, -78.84471)]
(41, 37)[(42.97761, -78.80065), (42.98302, -78.79541), (42.98209, -78.78995), (42.97815, -78.7829), (42.96872, -78.77053), (42.96425, -78.76751), (42.94772, -78.76587), (42.91945, -78.76633), (42.88767, -78.76773), (42.88402, -78.7689), (42.88376, -78.75859), (42.88494, -78.75471), (42.87805, -78.75319), (42.85367, -78.75462), (42.85353, -78.76637), (42.85109, -78.76637)]
(41, 38)[(42.97761, -78.80065), (42.98308, -78.79516), (42.98209, -78.78995), (42.97887, -78.78401), (42.9673, -78.76914), (42.9564, -78.76638), (42.91945, -78.76633), (42.88488, -78.76801), (42.87978, -78.77253), (42.87627, -78.78589), (42.8737, -78.78929), (42.8657, -78.79191), (42.85383, -78.79099), (42.85067, -78.7927), (42.84906, -78.78363), (42.84399, -78.77182), (42.8432, -78.75804), (42.84186, -78.75419), (42.83949, -78.75407), (42.83948, -78.73048)]
(41, 39)[(42.97761, -78.80065), (42.98302, -78.79541), (42.98209, -78.78995), (42.97815, -78.7829), (42.96928, -78.77125), (42.9648, -78.76768), (42.94772, -78.76587), (42.8843, -78.76818), (42.88034, -78.77161), (42.8783, -78.77722), (42.87647, -78.7859), (42.87614, -78.80865), (42.87201, -78.81711), (42.87206, -78.81998), (42.8645, -78.82541), (42.85984, -78.82552), (42.85596, -78.82774), (42.85488, -78.83221), (42.84702, -78.83231), (42.84684, -78.83802), (42.8453, -78.84092), (42.84669, -78.84231)]
(41, 40)[(42.97761, -78.80065), (42.98302, -78.79541), (42.98209, -78.78995), (42.97815, -78.7829), (42.96928, -78.77125), (42.9648, -78.76768), (42.94772, -78.76587), (42.88558, -78.76785), (42.88225, -78.76937), (42.87978, -78.77253), (42.87659, -78.78509), (42.87614, -78.80865), (42.87201, -78.81711), (42.87327, -78.82315), (42.87519, -78.82213)]
(42, 0)[(42.91536, -78.86511), (42.91536, -78.8655), (42.92065, -78.86384), (42.92057, -78.86693), (42.92084, -78.8679), (42.92588, -78.87363), (42.93138, -78.87378), (42.93209, -78.8744), (42.933, -78.8746), (42.93339, -78.87703), (42.93588, -78.87822), (42.93591, -78.88014), (42.93684, -78.88173), (42.93733, -78.88359), (42.93736, -78.88662), (42.93769, -78.88875), (42.93746, -78.88938), (42.93824, -78.88989), (42.93605, -78.89616), (42.9361, -78.89867), (42.93864, -78.89812), (42.94969, -78.90381), (42.95379, -78.89998), (42.95341, -78.89921)]
(42, 1)[(42.91536, -78.86511), (42.91535, -78.86445), (42.95398, -78.82275), (42.95816, -78.82382), (42.9909, -78.82245), (42.99102, -78.83405), (42.99172, -78.83403), (42.99172, -78.8334)]
(42, 2)[(42.91536, -78.86511), (42.92221, -78.85727), (42.92193, -78.84281), (42.92374, -78.84225), (42.92874, -78.83462), (42.92981, -78.82149), (42.93304, -78.81111), (42.93247, -78.76556), (42.93012, -78.75996), (42.93002, -78.74696), (42.92828, -78.74127), (42.93012, -78.73848), (42.93502, -78.71406), (42.93697, -78.71039), (42.93794, -78.69693), (43.00485, -78.69715)]
(42, 3)[(42.91536, -78.86511), (42.91527, -78.85511), (42.91475, -78.85321), (42.91469, -78.84806), (42.90376, -78.84807), (42.90373, -78.84463), (42.89229, -78.84455), (42.89163, -78.84403), (42.88334, -78.84404), (42.88335, -78.83659)]
(42, 4)[(42.91536, -78.86511), (42.92221, -78.85727), (42.92193, -78.84281), (42.92374, -78.84225), (42.92874, -78.83462), (42.92981, -78.82149), (42.93304, -78.81111), (42.93247, -78.76556), (42.93012, -78.75996), (42.93002, -78.74696), (42.92828, -78.74127), (42.93012, -78.73848), (42.93502, -78.71406), (42.93697, -78.71039), (42.93794, -78.69693), (42.96526, -78.69675), (42.96503, -78.68677), (42.97123, -78.68754)]
(42, 5)[(42.91536, -78.86511), (42.91527, -78.85511), (42.91474, -78.85285), (42.91446, -78.82536), (42.91467, -78.81472), (42.90975, -78.81478), (42.90963, -78.79635), (42.90699, -78.79636), (42.90749, -78.78687), (42.90719, -78.78421), (42.898, -78.78417), (42.88802, -78.78482), (42.87976, -78.78471), (42.87966, -78.77842), (42.87971, -78.77768), (42.88007, -78.77767)]
(42, 6)[(42.91536, -78.86511), (42.91535, -78.86445), (42.92221, -78.85727), (42.92193, -78.84281), (42.92374, -78.84225), (42.92721, -78.83772), (42.92874, -78.83462), (42.92974, -78.83005), (42.92981, -78.82149), (42.93296, -78.81167), (42.93309, -78.79827), (42.93257, -78.7923), (42.93293, -78.77477), (42.93247, -78.76556), (42.93186, -78.76412), (42.93029, -78.76441), (42.93047, -78.76564), (42.93152, -78.76618), (42.94435, -78.76619), (42.94588, -78.7657), (42.94765, -78.76333), (42.9489, -78.76281), (42.95134, -78.76353), (42.95396, -78.76595), (42.95609, -78.7659), (42.95968, -78.76358), (42.96176, -78.75145), (42.96248, -78.75146)]
(42, 7)[(42.91536, -78.86511), (42.91535, -78.86445), (42.92221, -78.85727), (42.92193, -78.84281), (42.92374, -78.84225), (42.92721, -78.83772), (42.92874, -78.83462), (42.92974, -78.83005), (42.92981, -78.82149), (42.93296, -78.81167), (42.93309, -78.79827), (42.93257, -78.7923), (42.93293, -78.77477), (42.93247, -78.76556), (42.93186, -78.76412), (42.93029, -78.76441), (42.93047, -78.76564), (42.93152, -78.76618), (42.94216, -78.76626), (42.94566, -78.76586), (42.94765, -78.76333), (42.94869, -78.76283), (42.95102, -78.76333), (42.95295, -78.76538), (42.95449, -78.76607), (42.95582, -78.76601), (42.95935, -78.76419), (42.96611, -78.72469), (42.97793, -78.7248), (42.97772, -78.72089), (42.98167, -78.72083), (42.98166, -78.71949), (42.98219, -78.71916)]
(42, 8)[(42.91536, -78.86511), (42.95737, -78.81898), (42.95976, -78.81316), (42.96304, -78.81387), (42.98746, -78.79152), (42.99579, -78.78604), (42.99686, -78.78372), (42.99715, -78.77685), (42.99865, -78.77457), (43.00344, -78.77215), (43.00836, -78.77354), (43.01594, -78.76808), (43.03478, -78.76781), (43.03708, -78.76824), (43.03706, -78.77111)]
(42, 9)[(42.91536, -78.86511), (42.91535, -78.86445), (42.92221, -78.85727), (42.92176, -78.83411), (42.92258, -78.82429), (42.92262, -78.81714), (42.9215, -78.81662), (42.9213, -78.81674), (42.9213, -78.81767)]
(42, 10)[(42.91536, -78.86511), (42.95398, -78.82275), (42.95816, -78.82382), (42.97968, -78.82292), (42.9892, -78.83728), (43.01006, -78.83594), (43.01009, -78.83754), (43.00832, -78.83758)]
(42, 11)[(42.91536, -78.86511), (42.92065, -78.86384), (42.92081, -78.86758), (42.92768, -78.86773), (42.929, -78.86573), (42.93232, -78.86493), (42.93691, -78.86722), (42.99453, -78.87434), (42.99583, -78.86236), (42.99837, -78.85202), (43.0105, -78.86265), (43.015, -78.86223), (43.01643, -78.86583), (43.01938, -78.86334)]
(42, 12)[(42.91536, -78.86511), (42.95737, -78.81898), (42.95976, -78.81316), (42.96304, -78.81387), (42.98746, -78.79152), (42.99579, -78.78604), (42.99686, -78.78372), (42.99706, -78.77723), (42.99823, -78.77491), (43.00344, -78.77215), (43.00914, -78.77313), (43.0168, -78.76737), (43.02425, -78.75919), (43.02374, -78.74049), (43.02824, -78.73044), (43.02809, -78.72681)]
(42, 13)[(42.91536, -78.86511), (42.91527, -78.85511), (42.91475, -78.85321), (42.91469, -78.84806), (42.90376, -78.84807), (42.90373, -78.84463), (42.89229, -78.84455), (42.89163, -78.84403), (42.88504, -78.84403), (42.88468, -78.80384), (42.88527, -78.80172), (42.88425, -78.79843), (42.88457, -78.79674), (42.88441, -78.78683), (42.88035, -78.78693)]
(42, 14)[(42.91536, -78.86511), (42.91535, -78.86445), (42.93694, -78.84158), (42.93725, -78.8421), (42.93839, -78.8423), (42.94019, -78.84332), (42.94031, -78.84414), (42.95524, -78.84389), (42.95528, -78.84675)]
(42, 15)[(42.91536, -78.86511), (42.92221, -78.85727), (42.92193, -78.84281), (42.92374, -78.84225), (42.92874, -78.83462), (42.92981, -78.82149), (42.93304, -78.81111), (42.93247, -78.76556), (42.93012, -78.75996), (42.93002, -78.74696), (42.92828, -78.74127), (42.93012, -78.73848), (42.93502, -78.71406), (42.93697, -78.71039), (42.93794, -78.69693), (43.03722, -78.69695), (43.03705, -78.69525)]
(42, 16)[(42.91536, -78.86511), (42.91535, -78.86445), (42.92765, -78.8515), (42.92748, -78.83942), (42.93488, -78.82126), (42.93524, -78.82162), (42.94398, -78.82165), (42.94403, -78.82242)]
(42, 17)[(42.91536, -78.86511), (42.95737, -78.81898), (42.95976, -78.81316), (42.98603, -78.81428), (42.98956, -78.80498), (42.99784, -78.79903), (43.01231, -78.79897), (43.01247, -78.7922), (43.01093, -78.79303)]
(42, 18)[(42.91536, -78.86511), (42.91535, -78.86445), (42.95398, -78.82275), (42.95816, -78.82382), (42.9668, -78.82349), (42.9667, -78.81825), (42.96772, -78.81783)]
(42, 19)[(42.91536, -78.86511), (42.92221, -78.85727), (42.92193, -78.84281), (42.92374, -78.84225), (42.92874, -78.83462), (42.92981, -78.82149), (42.93296, -78.81167), (42.93247, -78.76556), (42.93186, -78.76412), (42.93034, -78.76432), (42.93152, -78.76618), (42.94435, -78.76619), (42.9489, -78.76281), (42.95542, -78.76611), (42.95945, -78.76406), (42.96045, -78.75935), (42.96821, -78.7593), (42.97275, -78.76174), (42.98031, -78.76911), (42.98204, -78.76529), (42.98976, -78.76011), (43.00206, -78.76071), (43.00214, -78.74975), (43.00306, -78.74974), (43.00306, -78.74796)]
(42, 20)[(42.91536, -78.86511), (42.91535, -78.86445), (42.92221, -78.85727), (42.92193, -78.84281), (42.92374, -78.84225), (42.92721, -78.83772), (42.92874, -78.83462), (42.92974, -78.83005), (42.92981, -78.82149), (42.93296, -78.81167), (42.93309, -78.79827), (42.93257, -78.7923), (42.93293, -78.77477), (42.93247, -78.76556), (42.93186, -78.76412), (42.93029, -78.76441), (42.93047, -78.76564), (42.93152, -78.76618), (42.94435, -78.76619), (42.94588, -78.7657), (42.94765, -78.76333), (42.9489, -78.76281), (42.95134, -78.76353), (42.95343, -78.7657), (42.95542, -78.76611), (42.95935, -78.76419), (42.95983, -78.76307), (42.96077, -78.75734), (42.9576, -78.75733)]
(42, 21)[(42.91536, -78.86511), (42.91535, -78.86445), (42.92221, -78.85727), (42.92193, -78.84281), (42.92343, -78.84257), (42.92672, -78.83846), (42.92943, -78.83231), (42.92981, -78.82149), (42.93306, -78.81082), (42.93309, -78.79827), (42.93257, -78.7923), (42.93293, -78.77477), (42.93238, -78.76918), (42.9292, -78.76658), (42.9239, -78.76633), (42.88767, -78.76773), (42.88402, -78.7689), (42.88376, -78.75859), (42.8851, -78.75499), (42.88495, -78.75431)]
(42, 22)[(42.91536, -78.86511), (42.91527, -78.85511), (42.91474, -78.85297), (42.91448, -78.82429), (42.90347, -78.82422), (42.90353, -78.82375), (42.89568, -78.82358), (42.89376, -78.82365), (42.89376, -78.82418)]
(42, 23)[(42.91536, -78.86511), (42.91527, -78.85511), (42.91474, -78.85297), (42.91448, -78.82429), (42.90347, -78.82422), (42.90353, -78.82375), (42.89568, -78.82358), (42.89618, -78.81991), (42.89783, -78.82003)]
(42, 24)[(42.91536, -78.86511), (42.91527, -78.85511), (42.91474, -78.85297), (42.91448, -78.8265), (42.9202, -78.82654)]
(42, 25)[(42.91536, -78.86511), (42.95398, -78.82275), (42.95816, -78.82382), (42.99956, -78.82231), (43.03437, -78.82273), (43.03447, -78.81122)]
(42, 26)[(42.91536, -78.86511), (42.91535, -78.86445), (42.93694, -78.84158), (42.94019, -78.84332), (42.94031, -78.84414), (42.96477, -78.84357), (42.97256, -78.85311), (42.9808, -78.85286), (42.98086, -78.84973)]
(42, 27)[(42.91536, -78.86511), (42.92065, -78.86384), (42.92081, -78.86758), (42.92768, -78.86773), (42.929, -78.86573), (42.93232, -78.86493), (42.93691, -78.86722), (42.99453, -78.87434), (42.99583, -78.86236), (42.99837, -78.85202), (43.00258, -78.8548), (43.00507, -78.85098), (43.00554, -78.84714), (43.01067, -78.84558)]
(42, 28)[(42.91536, -78.86511), (42.92221, -78.85727), (42.92193, -78.84281), (42.92374, -78.84225), (42.92874, -78.83462), (42.92981, -78.82149), (42.93304, -78.81111), (42.93247, -78.76556), (42.93012, -78.75996), (42.93002, -78.74696), (42.92828, -78.74127), (42.93012, -78.73848), (42.93502, -78.71406), (42.93697, -78.71039), (42.93794, -78.69693), (42.96526, -78.69675), (42.96505, -78.67722), (42.97057, -78.67713)]
(42, 29)[(42.91536, -78.86511), (42.92221, -78.85727), (42.92193, -78.84281), (42.92374, -78.84225), (42.92874, -78.83462), (42.92981, -78.82149), (42.93304, -78.81111), (42.93247, -78.76556), (42.93012, -78.75996), (42.93002, -78.74696), (42.92828, -78.74127), (42.93012, -78.73848), (42.93502, -78.71406), (42.93697, -78.71039), (42.93794, -78.69693), (42.97615, -78.69677), (42.97645, -78.69445), (42.97825, -78.69401), (42.97822, -78.68283), (42.98091, -78.6828), (42.98029, -78.67976), (42.98171, -78.67938)]
(42, 30)[(42.91536, -78.86511), (42.92065, -78.86384), (42.92081, -78.86758), (42.92768, -78.86773), (42.929, -78.86573), (42.93232, -78.86493), (42.93691, -78.86722), (42.99453, -78.87434), (42.99583, -78.86236), (42.99837, -78.85202), (43.00258, -78.8548), (43.00507, -78.85098), (43.00563, -78.84703), (43.01227, -78.84677), (43.01308, -78.84157), (43.0117, -78.8404)]
(42, 31)[(42.91536, -78.86511), (42.92065, -78.86384), (42.92081, -78.86758), (42.92768, -78.86773), (42.929, -78.86573), (42.93232, -78.86493), (42.93691, -78.86722), (43.00135, -78.87525), (43.01248, -78.87214), (43.02453, -78.87669), (43.02518, -78.87366), (43.02827, -78.87489)]
(42, 32)[(42.91536, -78.86511), (42.95398, -78.82275), (42.95816, -78.82382), (42.99956, -78.82231), (43.03606, -78.82314), (43.036, -78.82855), (43.02835, -78.83195), (43.02532, -78.83695), (43.02598, -78.83729)]
(42, 33)[(42.91536, -78.86511), (42.91533, -78.86232), (42.90156, -78.86261), (42.8913, -78.86596), (42.89003, -78.86915), (42.87716, -78.87289), (42.8676, -78.82878), (42.86641, -78.82717), (42.86513, -78.82744), (42.86404, -78.82139), (42.8587, -78.81363), (42.84638, -78.79923), (42.83988, -78.78304), (42.83936, -78.7382), (42.83243, -78.7382), (42.83059, -78.73079), (42.83089, -78.7277), (42.8294, -78.72701)]
(42, 34)[(42.91536, -78.86511), (42.91539, -78.86918), (42.88708, -78.87795), (42.88523, -78.88019), (42.87574, -78.87806), (42.8705, -78.87911), (42.86392, -78.8746), (42.85227, -78.86365), (42.82696, -78.85036), (42.8139, -78.84545), (42.79779, -78.84681), (42.79771, -78.83477), (42.8142, -78.83458), (42.81952, -78.8363)]
(42, 35)[(42.91536, -78.86511), (42.91533, -78.86232), (42.90156, -78.86261), (42.8913, -78.86596), (42.89003, -78.86915), (42.88018, -78.87271), (42.87722, -78.87298), (42.87542, -78.86296), (42.87347, -78.8586), (42.86785, -78.82947), (42.86653, -78.82726), (42.86513, -78.82744), (42.86404, -78.82139), (42.8584, -78.81326), (42.86198, -78.79792), (42.86306, -78.79541)]
(42, 36)[(42.91536, -78.86511), (42.91539, -78.86918), (42.88708, -78.87795), (42.88523, -78.88019), (42.87574, -78.87806), (42.87006, -78.87902), (42.85227, -78.86365), (42.82774, -78.85092), (42.82796, -78.84471)]
(42, 37)[(42.91536, -78.86511), (42.91533, -78.86232), (42.90156, -78.86261), (42.8913, -78.86596), (42.89003, -78.86915), (42.88018, -78.87271), (42.87716, -78.87289), (42.87542, -78.86296), (42.87347, -78.8586), (42.86773, -78.82909), (42.86641, -78.82717), (42.86513, -78.82744), (42.86404, -78.82139), (42.8587, -78.81363), (42.8515, -78.80523), (42.8548, -78.79962), (42.85437, -78.77138), (42.85353, -78.76637), (42.85109, -78.76637)]
(42, 38)[(42.91536, -78.86511), (42.91533, -78.86232), (42.90156, -78.86261), (42.8913, -78.86596), (42.89003, -78.86915), (42.88018, -78.87271), (42.87716, -78.87289), (42.87542, -78.86296), (42.87347, -78.8586), (42.8676, -78.82878), (42.86641, -78.82717), (42.86513, -78.82744), (42.86404, -78.82139), (42.8587, -78.81363), (42.84638, -78.79923), (42.83988, -78.78304), (42.83948, -78.73048)]
(42, 39)[(42.91536, -78.86511), (42.91539, -78.86918), (42.88708, -78.87795), (42.88605, -78.87906), (42.88613, -78.87989), (42.88523, -78.88019), (42.88173, -78.87865), (42.87925, -78.87894), (42.87574, -78.87806), (42.87006, -78.87902), (42.86392, -78.8746), (42.85227, -78.86365), (42.83918, -78.85718), (42.84206, -78.84719), (42.84621, -78.83958), (42.8453, -78.84114), (42.84669, -78.84231)]
(42, 40)[(42.91536, -78.86511), (42.91527, -78.85511), (42.91495, -78.85399), (42.88185, -78.85392), (42.87917, -78.83849), (42.87527, -78.82836), (42.87716, -78.82699), (42.87519, -78.82213)]
(43, 0)[(42.92247, -78.75388), (42.93037, -78.75414), (42.93028, -78.75959), (42.93245, -78.76452), (42.93306, -78.77511), (42.93273, -78.79279), (42.9332, -78.79844), (42.93317, -78.81129), (42.93007, -78.82096), (42.92939, -78.83308), (42.92745, -78.8376), (42.92355, -78.84357), (42.92995, -78.85427), (42.93248, -78.85686), (42.93333, -78.85875), (42.93466, -78.87113), (42.93397, -78.87483), (42.93438, -78.87823), (42.93706, -78.88232), (42.93746, -78.88938), (42.93824, -78.88989), (42.93605, -78.89616), (42.9361, -78.89867), (42.93864, -78.89812), (42.94969, -78.90381), (42.95379, -78.89998), (42.95341, -78.89921)]
(43, 1)[(42.92247, -78.75388), (42.93037, -78.75414), (42.93027, -78.75939), (42.93073, -78.76127), (42.93212, -78.76323), (42.93355, -78.76367), (42.93587, -78.76601), (42.94488, -78.76612), (42.9461, -78.76549), (42.94765, -78.76333), (42.9489, -78.76281), (42.95134, -78.76353), (42.95396, -78.76595), (42.96529, -78.76757), (42.96935, -78.77099), (42.97824, -78.7826), (42.98278, -78.79031), (42.98464, -78.79113), (42.98574, -78.79273), (42.98867, -78.79054), (42.98938, -78.79236), (42.99122, -78.79222), (42.99072, -78.80196), (42.99102, -78.83405), (42.99172, -78.83403), (42.99172, -78.8334)]
(43, 2)[(42.92247, -78.75388), (42.92707, -78.75414), (42.93502, -78.71406), (42.93697, -78.71039), (42.93794, -78.69693), (43.00485, -78.69715)]
(43, 3)[(42.92247, -78.75388), (42.92246, -78.75415), (42.90268, -78.75445), (42.90284, -78.7551), (42.90378, -78.75515), (42.90381, -78.75584), (42.89899, -78.79766), (42.89837, -78.80219), (42.89758, -78.80455), (42.89786, -78.80696), (42.89483, -78.8293), (42.88989, -78.83344), (42.88983, -78.83383), (42.88954, -78.83373), (42.88729, -78.83566), (42.88579, -78.83737), (42.88499, -78.83923), (42.88335, -78.83923), (42.88335, -78.83659)]
(43, 4)[(42.92247, -78.75388), (42.92707, -78.75414), (42.93502, -78.71406), (42.93697, -78.71039), (42.9369, -78.7033), (42.93794, -78.69693), (42.96526, -78.69675), (42.96503, -78.68677), (42.9692, -78.68668), (42.96932, -78.68741), (42.97123, -78.68754)]
(43, 5)[(42.92247, -78.75388), (42.88544, -78.75469), (42.88376, -78.75859), (42.88419, -78.77685), (42.8797, -78.77699), (42.88007, -78.77767)]
(43, 6)[(42.92247, -78.75388), (42.92246, -78.75415), (42.94849, -78.75438), (42.95021, -78.75479), (42.95904, -78.75482), (42.96105, -78.75549), (42.96176, -78.75145), (42.96248, -78.75146)]
(43, 7)[(42.92247, -78.75388), (42.94849, -78.75438), (42.95904, -78.75482), (42.96105, -78.75549), (42.96611, -78.72469), (42.97793, -78.7248), (42.97772, -78.72089), (42.98167, -78.72083), (42.98166, -78.71949), (42.98219, -78.71916)]
(43, 8)[(42.92247, -78.75388), (42.93037, -78.75414), (42.93073, -78.76127), (42.93587, -78.76601), (42.94488, -78.76612), (42.9489, -78.76281), (42.95396, -78.76595), (42.96664, -78.76835), (42.97824, -78.7826), (42.98573, -78.7951), (42.99704, -78.80535), (43.00157, -78.80289), (43.01341, -78.80182), (43.02051, -78.79585), (43.02482, -78.78596), (43.02555, -78.76719), (43.02787, -78.76212), (43.0348, -78.75907), (43.03478, -78.76781), (43.03708, -78.76824), (43.03706, -78.77111)]
(43, 9)[(42.92247, -78.75388), (42.92246, -78.75415), (42.92707, -78.75414), (42.92495, -78.76541), (42.92456, -78.76937), (42.92452, -78.77483), (42.91984, -78.79365), (42.92278, -78.79233), (42.92262, -78.81714), (42.9215, -78.81662), (42.9213, -78.81674), (42.9213, -78.81767)]
(43, 10)[(42.92247, -78.75388), (42.93037, -78.75414), (42.93073, -78.76127), (42.93587, -78.76601), (42.94488, -78.76612), (42.9489, -78.76281), (42.95396, -78.76595), (42.96433, -78.76727), (42.96832, -78.76976), (42.97824, -78.7826), (42.98437, -78.79335), (42.99223, -78.80102), (43.00102, -78.81241), (43.00535, -78.82024), (43.00545, -78.82236), (43.00749, -78.82233), (43.00749, -78.8264), (43.00491, -78.8335), (43.00491, -78.83614), (43.01006, -78.83594), (43.01009, -78.83754), (43.00832, -78.83758)]
(43, 11)[(42.92247, -78.75388), (42.93037, -78.75414), (42.93073, -78.76127), (42.93587, -78.76601), (42.94488, -78.76612), (42.9489, -78.76281), (42.95396, -78.76595), (42.96433, -78.76727), (42.96832, -78.76976), (42.97824, -78.7826), (42.98437, -78.79335), (42.99259, -78.80143), (43.00296, -78.81592), (43.00428, -78.82445), (43.00141, -78.83605), (43.00064, -78.85326), (43.0105, -78.86265), (43.015, -78.86223), (43.01643, -78.86583), (43.01938, -78.86334)]
(43, 12)[(42.92247, -78.75388), (42.96105, -78.75549), (42.96395, -78.73803), (42.96877, -78.73941), (42.9932, -78.73951), (43.02492, -78.73788), (43.02824, -78.73044), (43.02809, -78.72681)]
(43, 13)[(42.92247, -78.75388), (42.90273, -78.75437), (42.90278, -78.75506), (42.90378, -78.75515), (42.90381, -78.75584), (42.90049, -78.78464), (42.8987, -78.78474), (42.89836, -78.78416), (42.87976, -78.78471), (42.87979, -78.78695), (42.88035, -78.78693)]
(43, 14)[(42.92247, -78.75388), (42.93037, -78.75414), (42.93035, -78.76007), (42.93252, -78.76498), (42.93306, -78.77511), (42.93273, -78.79279), (42.9332, -78.79844), (42.93321, -78.81081), (42.93016, -78.82049), (42.92986, -78.82297), (42.93019, -78.82674), (42.93266, -78.82674), (42.93272, -78.82827), (42.94032, -78.82813), (42.94493, -78.83522), (42.94503, -78.84409), (42.95524, -78.84389), (42.95528, -78.84675)]
(43, 15)[(42.92247, -78.75388), (42.92707, -78.75414), (42.93502, -78.71406), (42.93697, -78.71039), (42.93794, -78.69693), (43.03722, -78.69695), (43.03705, -78.69525)]
(43, 16)[(42.92247, -78.75388), (42.92246, -78.75415), (42.93037, -78.75414), (42.93035, -78.76007), (42.93073, -78.76127), (42.93212, -78.76351), (42.93256, -78.76532), (42.93259, -78.76935), (42.93306, -78.77511), (42.93308, -78.78719), (42.93274, -78.79331), (42.93316, -78.79732), (42.9332, -78.80691), (42.93346, -78.81047), (42.93733, -78.81043), (42.93733, -78.81364), (42.94169, -78.81366), (42.9416, -78.82164), (42.94398, -78.82165), (42.94403, -78.82242)]
(43, 17)[(42.92247, -78.75388), (42.93037, -78.75414), (42.93073, -78.76127), (42.93587, -78.76601), (42.94488, -78.76612), (42.9489, -78.76281), (42.95396, -78.76595), (42.96664, -78.76835), (42.97824, -78.7826), (42.98573, -78.7951), (42.9965, -78.80518), (43.00195, -78.80282), (43.01263, -78.80212), (43.01882, -78.79747), (43.01805, -78.79614), (43.01748, -78.79899), (43.01231, -78.79897), (43.01247, -78.7922), (43.01093, -78.79303)]
(43, 18)[(42.92247, -78.75388), (42.93037, -78.75414), (42.93035, -78.76007), (42.93256, -78.76532), (42.93306, -78.77511), (42.93274, -78.79331), (42.9335, -78.799), (42.93806, -78.79903), (42.94232, -78.80336), (42.94889, -78.80343), (42.94898, -78.81371), (42.96683, -78.81383), (42.9667, -78.81825), (42.96772, -78.81783)]
(43, 19)[(42.92247, -78.75388), (42.95904, -78.75482), (42.96511, -78.75615), (42.98031, -78.76911), (42.98204, -78.76529), (42.98976, -78.76011), (43.00206, -78.76071), (43.00214, -78.74975), (43.00306, -78.74974), (43.00306, -78.74796)]
(43, 20)[(42.92247, -78.75388), (42.92246, -78.75415), (42.94849, -78.75438), (42.95021, -78.75479), (42.95904, -78.75482), (42.96105, -78.75549), (42.96077, -78.75734), (42.9576, -78.75733)]
(43, 21)[(42.92247, -78.75388), (42.92246, -78.75415), (42.90615, -78.75443), (42.8852, -78.7546), (42.88491, -78.75457), (42.88495, -78.75431)]
(43, 22)[(42.92247, -78.75388), (42.92246, -78.75415), (42.90268, -78.75445), (42.90284, -78.7551), (42.90378, -78.75515), (42.90381, -78.75584), (42.89899, -78.79766), (42.89837, -78.80219), (42.89758, -78.80455), (42.89786, -78.80696), (42.89581, -78.82267), (42.89376, -78.82266), (42.89376, -78.82418)]
(43, 23)[(42.92247, -78.75388), (42.92246, -78.75415), (42.90268, -78.75445), (42.90284, -78.7551), (42.90378, -78.75515), (42.90381, -78.75584), (42.89899, -78.79766), (42.89837, -78.80219), (42.89758, -78.80455), (42.89786, -78.80696), (42.89618, -78.81991), (42.89783, -78.82003)]
(43, 24)[(42.92247, -78.75388), (42.92246, -78.75415), (42.93037, -78.75414), (42.93035, -78.76007), (42.93245, -78.76452), (42.93306, -78.77511), (42.93308, -78.78719), (42.93273, -78.79279), (42.9332, -78.79844), (42.93321, -78.81081), (42.93264, -78.81343), (42.93016, -78.82049), (42.92986, -78.82297), (42.93019, -78.82674), (42.9202, -78.82654)]
(43, 25)[(42.92247, -78.75388), (42.93037, -78.75414), (42.93073, -78.76127), (42.93587, -78.76601), (42.94488, -78.76612), (42.9489, -78.76281), (42.95396, -78.76595), (42.96664, -78.76835), (42.97824, -78.7826), (42.98573, -78.7951), (42.9965, -78.80518), (43.00157, -78.80289), (43.01341, -78.80182), (43.01791, -78.79878), (43.01887, -78.79725), (43.01821, -78.79612), (43.01748, -78.79899), (43.0347, -78.79958), (43.03447, -78.81122)]
(43, 26)[(42.92247, -78.75388), (42.93037, -78.75414), (42.93027, -78.75939), (42.93073, -78.76127), (42.93212, -78.76323), (42.93355, -78.76367), (42.93587, -78.76601), (42.94488, -78.76612), (42.9461, -78.76549), (42.94765, -78.76333), (42.9489, -78.76281), (42.95134, -78.76353), (42.95396, -78.76595), (42.96529, -78.76757), (42.96832, -78.76976), (42.97592, -78.77955), (42.97849, -78.7817), (42.98087, -78.82304), (42.98086, -78.84973)]
(43, 27)[(42.92247, -78.75388), (42.93037, -78.75414), (42.93073, -78.76127), (42.93587, -78.76601), (42.94488, -78.76612), (42.9489, -78.76281), (42.95396, -78.76595), (42.96433, -78.76727), (42.96832, -78.76976), (42.97824, -78.7826), (42.98437, -78.79335), (42.99259, -78.80143), (43.00296, -78.81592), (43.00428, -78.82445), (43.00141, -78.83605), (43.00064, -78.85326), (43.00258, -78.8548), (43.00507, -78.85098), (43.00554, -78.84714), (43.01067, -78.84558)]
(43, 28)[(42.92247, -78.75388), (42.92707, -78.75414), (42.93502, -78.71406), (42.93697, -78.71039), (42.9369, -78.7033), (42.93794, -78.69693), (42.96526, -78.69675), (42.96505, -78.67722), (42.97057, -78.67713)]
(43, 29)[(42.92247, -78.75388), (42.92707, -78.75414), (42.93502, -78.71406), (42.93697, -78.71039), (42.9369, -78.7033), (42.93794, -78.69693), (42.97615, -78.69677), (42.97645, -78.69445), (42.97825, -78.69401), (42.97822, -78.68283), (42.98091, -78.6828), (42.98029, -78.67976), (42.98171, -78.67938)]
(43, 30)[(42.92247, -78.75388), (42.93037, -78.75414), (42.93073, -78.76127), (42.93587, -78.76601), (42.94488, -78.76612), (42.9489, -78.76281), (42.95396, -78.76595), (42.96433, -78.76727), (42.96832, -78.76976), (42.97824, -78.7826), (42.98437, -78.79335), (42.99223, -78.80102), (43.00102, -78.81241), (43.00535, -78.82024), (43.00545, -78.82236), (43.00749, -78.82233), (43.00749, -78.8264), (43.00491, -78.8335), (43.00491, -78.83614), (43.01006, -78.83594), (43.01009, -78.83754), (43.01193, -78.83751), (43.0117, -78.8404)]
(43, 31)[(42.92247, -78.75388), (42.93037, -78.75414), (42.93073, -78.76127), (42.93587, -78.76601), (42.94488, -78.76612), (42.9489, -78.76281), (42.95396, -78.76595), (42.96433, -78.76727), (42.96832, -78.76976), (42.97824, -78.7826), (42.98437, -78.79335), (42.99259, -78.80143), (43.00296, -78.81592), (43.00428, -78.82445), (43.00141, -78.83605), (43.00064, -78.85326), (43.01086, -78.86279), (43.0266, -78.86085), (43.02509, -78.86777), (43.02634, -78.86824), (43.02518, -78.87366), (43.02827, -78.87489)]
(43, 32)[(42.92247, -78.75388), (42.93037, -78.75414), (42.93073, -78.76127), (42.93587, -78.76601), (42.94488, -78.76612), (42.9489, -78.76281), (42.95396, -78.76595), (42.96363, -78.76709), (42.96752, -78.76899), (42.97824, -78.7826), (42.98468, -78.79375), (42.99223, -78.80102), (43.00102, -78.81241), (43.00535, -78.82024), (43.00545, -78.82236), (43.03606, -78.82314), (43.036, -78.82855), (43.02835, -78.83195), (43.02532, -78.83695), (43.02598, -78.83729)]
(43, 33)[(42.92247, -78.75388), (42.83949, -78.75407), (42.83936, -78.7382), (42.83243, -78.7382), (42.83059, -78.73079), (42.83089, -78.7277), (42.8294, -78.72701)]
(43, 34)[(42.92247, -78.75388), (42.90721, -78.75439), (42.90903, -78.76231), (42.90928, -78.76903), (42.91089, -78.76933), (42.91145, -78.76772), (42.91007, -78.76676), (42.88641, -78.76777), (42.8827, -78.76902), (42.87941, -78.7733), (42.87591, -78.7867), (42.8728, -78.78972), (42.86335, -78.79201), (42.85071, -78.79029), (42.84381, -78.79289), (42.83481, -78.79303), (42.82789, -78.79108), (42.81613, -78.79215), (42.81262, -78.79585), (42.80685, -78.80906), (42.80402, -78.81299), (42.79986, -78.81598), (42.79468, -78.81738), (42.79269, -78.82017), (42.78949, -78.82013), (42.78922, -78.82386), (42.79714, -78.82388), (42.79771, -78.83477), (42.8142, -78.83458), (42.81952, -78.8363)]
(43, 35)[(42.92247, -78.75388), (42.90273, -78.75437), (42.90278, -78.75506), (42.90378, -78.75515), (42.90381, -78.75584), (42.90049, -78.78464), (42.8987, -78.78474), (42.89836, -78.78416), (42.87505, -78.78484), (42.87145, -78.78732), (42.8645, -78.78724), (42.8649, -78.79064), (42.86306, -78.79541)]
(43, 36)[(42.92247, -78.75388), (42.90721, -78.75439), (42.90903, -78.76231), (42.90928, -78.76903), (42.91089, -78.76933), (42.91145, -78.76772), (42.91007, -78.76676), (42.88641, -78.76777), (42.8827, -78.76902), (42.87941, -78.7733), (42.87612, -78.78625), (42.87325, -78.78953), (42.8657, -78.79191), (42.85798, -78.79212), (42.85146, -78.79027), (42.84427, -78.79285), (42.82836, -78.79308), (42.82833, -78.81322), (42.82601, -78.82142), (42.82574, -78.82704), (42.8272, -78.84439), (42.82796, -78.84471)]
(43, 37)[(42.92247, -78.75388), (42.8852, -78.7546), (42.87805, -78.75319), (42.87031, -78.75414), (42.85367, -78.75462), (42.85353, -78.76637), (42.85109, -78.76637)]
(43, 38)[(42.92247, -78.75388), (42.83949, -78.75407), (42.83948, -78.73048)]
(43, 39)[(42.92247, -78.75388), (42.90721, -78.75439), (42.90746, -78.7571), (42.90903, -78.76231), (42.90928, -78.76903), (42.91089, -78.76933), (42.91145, -78.76772), (42.91007, -78.76676), (42.89289, -78.76746), (42.88488, -78.76801), (42.8827, -78.76902), (42.881, -78.77071), (42.87894, -78.77466), (42.87647, -78.7859), (42.87603, -78.80935), (42.87484, -78.81262), (42.87201, -78.81711), (42.87206, -78.81998), (42.8645, -78.82541), (42.85984, -78.82552), (42.85596, -78.82774), (42.85488, -78.83042), (42.85488, -78.83221), (42.84702, -78.83231), (42.84684, -78.83802), (42.84638, -78.83965), (42.8453, -78.84092), (42.84669, -78.84231)]
(43, 40)[(42.92247, -78.75388), (42.90721, -78.75439), (42.90746, -78.7571), (42.90903, -78.76231), (42.90928, -78.76903), (42.91089, -78.76933), (42.91145, -78.76772), (42.91007, -78.76676), (42.88641, -78.76777), (42.88316, -78.76872), (42.88034, -78.77161), (42.87878, -78.77523), (42.87647, -78.7859), (42.87603, -78.80935), (42.87484, -78.81262), (42.87201, -78.81711), (42.87206, -78.81998), (42.87327, -78.82315), (42.87519, -78.82213)]
(44, 0)[(42.97483, -78.85841), (42.98099, -78.8586), (42.98098, -78.88539), (42.96093, -78.88887), (42.96158, -78.894), (42.95996, -78.89425), (42.95379, -78.89998), (42.95341, -78.89921)]
(44, 1)[(42.97483, -78.85841), (42.98079, -78.8586), (42.98087, -78.85052), (42.98076, -78.83753), (42.9892, -78.83728), (42.98978, -78.83668), (42.99104, -78.83663), (42.99102, -78.83405), (42.99172, -78.83403), (42.99172, -78.8334)]
(44, 2)[(42.97483, -78.85841), (42.98079, -78.8586), (42.98071, -78.82304), (42.97937, -78.79902), (42.99127, -78.78778), (42.99108, -78.72), (42.98937, -78.70346), (42.9893, -78.69695), (43.00485, -78.69715)]
(44, 3)[(42.97483, -78.85841), (42.94774, -78.859), (42.94123, -78.85564), (42.94105, -78.85223), (42.93937, -78.85066), (42.93296, -78.8519), (42.93015, -78.85484), (42.92463, -78.84577), (42.9215, -78.84367), (42.90898, -78.84349), (42.90369, -78.84637), (42.90373, -78.84463), (42.88334, -78.84404), (42.88335, -78.83659)]
(44, 4)[(42.97483, -78.85841), (42.98079, -78.8586), (42.9807, -78.82283), (42.97843, -78.78222), (42.97811, -78.76787), (42.97286, -78.76184), (42.96821, -78.7593), (42.96561, -78.75638), (42.96105, -78.75549), (42.96632, -78.72323), (42.96503, -78.68677), (42.9692, -78.68668), (42.96932, -78.68741), (42.97123, -78.68754)]
(44, 5)[(42.97483, -78.85841), (42.98079, -78.8586), (42.98071, -78.82304), (42.97937, -78.79902), (42.98308, -78.79497), (42.98209, -78.78995), (42.97887, -78.78401), (42.9673, -78.76914), (42.96353, -78.76733), (42.94772, -78.76587), (42.88767, -78.76773), (42.88402, -78.7689), (42.88419, -78.77685), (42.88007, -78.77767)]
(44, 6)[(42.97483, -78.85841), (42.98079, -78.8586), (42.9807, -78.82283), (42.97843, -78.78222), (42.97811, -78.76787), (42.97286, -78.76184), (42.96821, -78.7593), (42.96561, -78.75638), (42.96105, -78.75549), (42.96176, -78.75145), (42.96248, -78.75146)]
(44, 7)[(42.97483, -78.85841), (42.98079, -78.8586), (42.98071, -78.82304), (42.9782, -78.7767), (42.97802, -78.76004), (42.97867, -78.75367), (42.97855, -78.73789), (42.97844, -78.7289), (42.97769, -78.72286), (42.97772, -78.72089), (42.98167, -78.72083), (42.98166, -78.71949), (42.98219, -78.71916)]
(44, 8)[(42.97483, -78.85841), (42.98555, -78.85858), (42.9866, -78.85722), (42.98663, -78.85381), (42.98713, -78.8528), (42.99977, -78.85194), (43.00089, -78.84866), (43.00121, -78.83606), (43.00384, -78.82651), (43.00411, -78.82347), (43.00304, -78.81694), (43.00146, -78.81358), (42.9978, -78.80935), (42.99745, -78.80779), (42.9978, -78.80611), (42.99955, -78.80397), (43.00157, -78.80289), (43.00894, -78.8029), (43.01417, -78.80148), (43.01746, -78.79922), (43.02112, -78.79497), (43.02368, -78.78987), (43.02496, -78.78524), (43.02557, -78.78005), (43.02555, -78.76719), (43.02635, -78.76424), (43.02787, -78.76212), (43.0348, -78.75907), (43.03478, -78.76781), (43.03708, -78.76824), (43.03706, -78.77111)]
(44, 9)[(42.97483, -78.85841), (42.97439, -78.85839), (42.97425, -78.8558), (42.96291, -78.84104), (42.95818, -78.83188), (42.95568, -78.82963), (42.95486, -78.82779), (42.95281, -78.82947), (42.95145, -78.82559), (42.94921, -78.82167), (42.94903, -78.81768), (42.93656, -78.8171), (42.93591, -78.8187), (42.92639, -78.81841), (42.92306, -78.81662), (42.92262, -78.81714), (42.9213, -78.81674), (42.9213, -78.81767)]
(44, 10)[(42.97483, -78.85841), (42.98079, -78.8586), (42.98076, -78.83753), (42.9892, -78.83728), (42.98988, -78.83666), (43.01006, -78.83594), (43.01009, -78.83754), (43.00832, -78.83758)]
(44, 11)[(42.97483, -78.85841), (42.98555, -78.85858), (42.9866, -78.85722), (42.98663, -78.85381), (42.98713, -78.8528), (42.99542, -78.85266), (42.99837, -78.85202), (43.0017, -78.85399), (43.0105, -78.86265), (43.01268, -78.86289), (43.015, -78.86223), (43.01643, -78.86583), (43.01938, -78.86334)]
(44, 12)[(42.97483, -78.85841), (42.98079, -78.8586), (42.98071, -78.82304), (42.97937, -78.79902), (42.99112, -78.78856), (42.99602, -78.78576), (42.99686, -78.78372), (42.99706, -78.77723), (42.99823, -78.77491), (43.00344, -78.77215), (43.00742, -78.77365), (43.00914, -78.77313), (43.0168, -78.76737), (43.02425, -78.75919), (43.02426, -78.75324), (43.02369, -78.75137), (43.02374, -78.74049), (43.02824, -78.73044), (43.02809, -78.72681)]
(44, 13)[(42.97483, -78.85841), (42.98079, -78.8586), (42.98071, -78.82304), (42.97937, -78.79902), (42.98308, -78.79497), (42.98209, -78.78995), (42.97887, -78.78401), (42.9673, -78.76914), (42.96353, -78.76733), (42.94772, -78.76587), (42.88726, -78.76781), (42.88402, -78.7689), (42.88435, -78.7846), (42.87976, -78.78471), (42.88035, -78.78693)]
(44, 14)[(42.97483, -78.85841), (42.97439, -78.85839), (42.97438, -78.85602), (42.97256, -78.85311), (42.97116, -78.85128), (42.96879, -78.84877), (42.96477, -78.84357), (42.96438, -78.84384), (42.95524, -78.84389), (42.95528, -78.84675)]
(44, 15)[(42.97483, -78.85841), (42.98555, -78.85858), (42.9866, -78.85722), (42.98663, -78.85381), (42.98713, -78.8528), (42.99977, -78.85194), (43.00089, -78.84866), (43.00121, -78.83606), (43.00384, -78.82651), (43.00405, -78.82204), (43.00352, -78.81855), (43.00227, -78.81506), (42.99769, -78.80909), (42.99769, -78.80638), (42.99946, -78.80405), (43.00157, -78.80289), (43.00969, -78.80279), (43.01521, -78.80089), (43.01987, -78.79667), (43.02368, -78.78987), (43.02544, -78.78202), (43.02552, -78.76759), (43.02607, -78.76496), (43.02836, -78.76171), (43.0348, -78.75907), (43.0343, -78.70326), (43.03339, -78.69695), (43.03722, -78.69695), (43.03705, -78.69525)]
(44, 16)[(42.97483, -78.85841), (42.97439, -78.85839), (42.97425, -78.8558), (42.97205, -78.85238), (42.96879, -78.84877), (42.96291, -78.84104), (42.9614, -78.83862), (42.95818, -78.83188), (42.95568, -78.82963), (42.95486, -78.82779), (42.95281, -78.82947), (42.95158, -78.82679), (42.95145, -78.82559), (42.94921, -78.82167), (42.94903, -78.81768), (42.94371, -78.81758), (42.94403, -78.82242)]
(44, 17)[(42.97483, -78.85841), (42.98079, -78.8586), (42.9807, -78.82283), (42.9909, -78.82245), (42.99073, -78.8042), (42.99514, -78.80162), (42.99734, -78.7994), (42.99862, -78.79869), (43.01231, -78.79897), (43.01247, -78.7922), (43.01203, -78.79178), (43.01093, -78.79303)]
(44, 18)[(42.97483, -78.85841), (42.98079, -78.8586), (42.98087, -78.85052), (42.98072, -78.82526), (42.97974, -78.82308), (42.96968, -78.82337), (42.96956, -78.81823), (42.96772, -78.81824), (42.96772, -78.81783)]
(44, 19)[(42.97483, -78.85841), (42.98079, -78.8586), (42.98071, -78.82304), (42.97937, -78.79902), (42.99127, -78.78778), (42.99149, -78.77062), (42.99111, -78.75978), (42.99471, -78.75961), (42.9988, -78.76101), (43.00206, -78.76071), (43.00214, -78.74975), (43.00306, -78.74974), (43.00306, -78.74796)]
(44, 20)[(42.97483, -78.85841), (42.98079, -78.8586), (42.98071, -78.82304), (42.97937, -78.79902), (42.98244, -78.79622), (42.98305, -78.79473), (42.98209, -78.78995), (42.97887, -78.78401), (42.96872, -78.77053), (42.96467, -78.76764), (42.95701, -78.76679), (42.95705, -78.76551), (42.95968, -78.76358), (42.96077, -78.75734), (42.9576, -78.75733)]
(44, 21)[(42.97483, -78.85841), (42.98079, -78.8586), (42.98071, -78.82304), (42.97937, -78.79902), (42.98308, -78.79497), (42.98209, -78.78995), (42.97887, -78.78401), (42.96872, -78.77053), (42.96353, -78.76733), (42.94772, -78.76587), (42.89289, -78.76746), (42.88402, -78.7689), (42.88376, -78.75859), (42.88495, -78.75431)]
(44, 22)[(42.97483, -78.85841), (42.94774, -78.859), (42.94123, -78.85564), (42.94105, -78.85223), (42.93937, -78.85066), (42.93296, -78.8519), (42.93015, -78.85484), (42.92463, -78.84577), (42.92161, -78.84369), (42.90898, -78.84349), (42.90369, -78.84637), (42.90353, -78.82375), (42.89376, -78.82418)]
(44, 23)[(42.97483, -78.85841), (42.94774, -78.859), (42.94123, -78.85564), (42.94105, -78.85223), (42.9404, -78.85075), (42.93937, -78.85066), (42.93296, -78.8519), (42.93015, -78.85484), (42.92463, -78.84577), (42.92161, -78.84369), (42.90898, -78.84349), (42.90667, -78.84428), (42.90369, -78.84637), (42.90353, -78.82375), (42.89568, -78.82358), (42.89618, -78.81991), (42.89783, -78.82003)]
(44, 24)[(42.97483, -78.85841), (42.97439, -78.85839), (42.97438, -78.85602), (42.97256, -78.85311), (42.96477, -78.84357), (42.95249, -78.84395), (42.95241, -78.83884), (42.92186, -78.83934), (42.92176, -78.83411), (42.92239, -78.82654), (42.9202, -78.82654)]
(44, 25)[(42.97483, -78.85841), (42.98555, -78.85858), (42.9866, -78.85722), (42.98663, -78.85381), (42.98713, -78.8528), (42.99977, -78.85194), (43.00089, -78.84866), (43.00096, -78.83887), (43.00145, -78.83449), (43.00402, -78.82529), (43.004, -78.82142), (43.00304, -78.82057), (43.00269, -78.82171), (43.00346, -78.8223), (43.03169, -78.82221), (43.03437, -78.82273), (43.03447, -78.81122)]
(44, 26)[(42.97483, -78.85841), (42.98079, -78.8586), (42.98079, -78.85318), (42.98086, -78.84973)]
(44, 27)[(42.97483, -78.85841), (42.98555, -78.85858), (42.98653, -78.85744), (42.98668, -78.85347), (42.98727, -78.85276), (42.99542, -78.85266), (42.99837, -78.85202), (43.00121, -78.85363), (43.00258, -78.8548), (43.00507, -78.85098), (43.00526, -78.8478), (43.00554, -78.84714), (43.00607, -78.84683), (43.00944, -78.84679), (43.00943, -78.84559), (43.01067, -78.84558)]
(44, 28)[(42.97483, -78.85841), (42.98079, -78.8586), (42.9807, -78.82283), (42.9782, -78.7767), (42.97818, -78.67704), (42.97057, -78.67713)]
(44, 29)[(42.97483, -78.85841), (42.98079, -78.8586), (42.98071, -78.82304), (42.9782, -78.7767), (42.97855, -78.73789), (42.97769, -78.72286), (42.97822, -78.68283), (42.98091, -78.6828), (42.98029, -78.67976), (42.98171, -78.67938)]
(44, 30)[(42.97483, -78.85841), (42.98555, -78.85858), (42.98653, -78.85744), (42.98668, -78.85347), (42.98727, -78.85276), (42.99542, -78.85266), (42.99837, -78.85202), (43.00121, -78.85363), (43.00258, -78.8548), (43.00507, -78.85098), (43.00526, -78.8478), (43.00563, -78.84703), (43.01227, -78.84677), (43.01266, -78.84287), (43.01308, -78.84157), (43.01205, -78.84111), (43.0117, -78.8404)]
(44, 31)[(42.97483, -78.85841), (42.98099, -78.8586), (42.98097, -78.87238), (43.00135, -78.87525), (43.01248, -78.87214), (43.02453, -78.87669), (43.02518, -78.87366), (43.02827, -78.87489)]
(44, 32)[(42.97483, -78.85841), (42.98555, -78.85858), (42.9866, -78.85722), (42.98663, -78.85381), (42.98713, -78.8528), (42.99542, -78.85266), (42.99837, -78.85202), (43.0017, -78.85399), (43.01086, -78.86279), (43.01326, -78.86281), (43.02069, -78.86098), (43.02542, -78.86108), (43.02582, -78.86084), (43.02583, -78.85746), (43.02283, -78.85734), (43.02136, -78.85356), (43.02095, -78.84723), (43.02129, -78.8446), (43.02314, -78.84039), (43.02532, -78.83695), (43.02598, -78.83729)]
(44, 33)[(42.97483, -78.85841), (42.98079, -78.8586), (42.98071, -78.82304), (42.97937, -78.79902), (42.98308, -78.79497), (42.98209, -78.78995), (42.97887, -78.78401), (42.96777, -78.76956), (42.96353, -78.76733), (42.94772, -78.76587), (42.88558, -78.76785), (42.88225, -78.76937), (42.87978, -78.77253), (42.87627, -78.78589), (42.8737, -78.78929), (42.8657, -78.79191), (42.85383, -78.79099), (42.85085, -78.79277), (42.84994, -78.79169), (42.84906, -78.78363), (42.84399, -78.77182), (42.8432, -78.75804), (42.84186, -78.75419), (42.83949, -78.75407), (42.83936, -78.7382), (42.83243, -78.7382), (42.83059, -78.73079), (42.83089, -78.7277), (42.8294, -78.72701)]
(44, 34)[(42.97483, -78.85841), (42.98099, -78.8586), (42.98062, -78.90222), (42.96586, -78.92247), (42.95444, -78.91056), (42.9436, -78.90807), (42.92888, -78.89887), (42.90288, -78.90096), (42.87942, -78.87927), (42.86946, -78.87875), (42.85227, -78.86365), (42.82696, -78.85036), (42.8139, -78.84545), (42.79779, -78.84681), (42.79771, -78.83477), (42.81952, -78.8363)]
(44, 35)[(42.97483, -78.85841), (42.98079, -78.8586), (42.98071, -78.82304), (42.97937, -78.79902), (42.98308, -78.79497), (42.98209, -78.78995), (42.97887, -78.78401), (42.96641, -78.76853), (42.94772, -78.76587), (42.8868, -78.76792), (42.88402, -78.7689), (42.88435, -78.7846), (42.87505, -78.78484), (42.87092, -78.7874), (42.8645, -78.78724), (42.8649, -78.79064), (42.86306, -78.79541)]
(44, 36)[(42.97483, -78.85841), (42.98099, -78.8586), (42.98062, -78.90222), (42.96599, -78.92248), (42.96162, -78.91984), (42.95444, -78.91056), (42.9436, -78.90807), (42.93357, -78.90289), (42.92888, -78.89887), (42.91446, -78.90159), (42.90183, -78.90037), (42.87942, -78.87927), (42.87574, -78.87806), (42.86946, -78.87875), (42.85227, -78.86365), (42.82774, -78.85092), (42.82796, -78.84471)]
(44, 37)[(42.97483, -78.85841), (42.98079, -78.8586), (42.98071, -78.82304), (42.97937, -78.79902), (42.98308, -78.79497), (42.98209, -78.78995), (42.97887, -78.78401), (42.9673, -78.76914), (42.96353, -78.76733), (42.94772, -78.76587), (42.89289, -78.76746), (42.88402, -78.7689), (42.88376, -78.75859), (42.88494, -78.75471), (42.87805, -78.75319), (42.85367, -78.75462), (42.85353, -78.76637), (42.85109, -78.76637)]
(44, 38)[(42.97483, -78.85841), (42.98079, -78.8586), (42.98071, -78.82304), (42.97937, -78.79902), (42.98308, -78.79497), (42.98209, -78.78995), (42.97887, -78.78401), (42.96777, -78.76956), (42.96353, -78.76733), (42.94772, -78.76587), (42.88558, -78.76785), (42.88225, -78.76937), (42.87978, -78.77253), (42.87627, -78.78589), (42.8737, -78.78929), (42.8657, -78.79191), (42.85383, -78.79099), (42.85085, -78.79277), (42.84994, -78.79169), (42.84906, -78.78363), (42.84399, -78.77182), (42.8432, -78.75804), (42.84186, -78.75419), (42.83949, -78.75407), (42.83948, -78.73048)]
(44, 39)[(42.97483, -78.85841), (42.98099, -78.8586), (42.98062, -78.90222), (42.96599, -78.92248), (42.96162, -78.91984), (42.95444, -78.91056), (42.9436, -78.90807), (42.93357, -78.90289), (42.92888, -78.89887), (42.91507, -78.90154), (42.90288, -78.90096), (42.89848, -78.89804), (42.87942, -78.87927), (42.87574, -78.87806), (42.86912, -78.87853), (42.85227, -78.86365), (42.83918, -78.85718), (42.84206, -78.84719), (42.84621, -78.83958), (42.8453, -78.84114), (42.84669, -78.84231)]
(44, 40)[(42.97483, -78.85841), (42.94774, -78.859), (42.94123, -78.85564), (42.94105, -78.85223), (42.93937, -78.85066), (42.93296, -78.8519), (42.93015, -78.85484), (42.92463, -78.84577), (42.9215, -78.84367), (42.90898, -78.84349), (42.90369, -78.84637), (42.90373, -78.84463), (42.88014, -78.84407), (42.87917, -78.83849), (42.87527, -78.82836), (42.87716, -78.82699), (42.87519, -78.82213)]
(45, 0)[(43.01874, -78.82288), (43.01874, -78.82223), (43.00472, -78.82273), (43.00426, -78.82601), (43.00141, -78.83605), (43.00094, -78.84986), (42.99993, -78.85333), (42.99686, -78.85942), (42.99602, -78.86271), (42.99558, -78.87578), (42.99596, -78.87711), (42.99669, -78.87706), (42.99702, -78.87516), (42.99632, -78.87463), (42.98097, -78.87238), (42.98098, -78.88539), (42.96093, -78.88887), (42.96158, -78.894), (42.95996, -78.89425), (42.95379, -78.89998), (42.95341, -78.89921)]
(45, 1)[(43.01874, -78.82288), (43.01874, -78.82223), (42.99091, -78.82268), (42.99102, -78.83405), (42.99172, -78.83403), (42.99172, -78.8334)]
(45, 2)[(43.01874, -78.82288), (43.01874, -78.82223), (43.02429, -78.82216), (43.0243, -78.82169), (43.02243, -78.8117), (43.0212, -78.80821), (43.02037, -78.80794), (43.0199, -78.80688), (43.02052, -78.8035), (43.02007, -78.79899), (43.01738, -78.79899), (43.0174, -78.7968), (43.01791, -78.79607), (43.0203, -78.79571), (43.02129, -78.79468), (43.02441, -78.78759), (43.02544, -78.78202), (43.02552, -78.76759), (43.02635, -78.76424), (43.02887, -78.76139), (43.0348, -78.75907), (43.0342, -78.70188), (43.03339, -78.69695), (43.00485, -78.69715)]
(45, 3)[(43.01874, -78.82288), (42.95816, -78.82382), (42.95398, -78.82275), (42.93908, -78.83926), (42.88335, -78.83923), (42.88335, -78.83659)]
(45, 4)[(43.01874, -78.82288), (43.01874, -78.82223), (43.00331, -78.82247), (43.00288, -78.82291), (43.00308, -78.82426), (43.00402, -78.82361), (43.0039, -78.82056), (43.00304, -78.81694), (43.00137, -78.81337), (42.99179, -78.8009), (42.98448, -78.79394), (42.97815, -78.7829), (42.96872, -78.77053), (42.9648, -78.76768), (42.95911, -78.76666), (42.95739, -78.76707), (42.95688, -78.76653), (42.95705, -78.76551), (42.95935, -78.76419), (42.95983, -78.76307), (42.96632, -78.72323), (42.96503, -78.68677), (42.9692, -78.68668), (42.96932, -78.68741), (42.97123, -78.68754)]
(45, 5)[(43.01874, -78.82288), (43.00331, -78.82247), (43.00308, -78.82426), (43.00402, -78.82361), (43.00371, -78.81938), (43.00112, -78.81299), (42.99179, -78.8009), (42.98448, -78.79394), (42.97815, -78.7829), (42.96872, -78.77053), (42.9648, -78.76768), (42.94772, -78.76587), (42.88767, -78.76773), (42.88402, -78.7689), (42.88419, -78.77685), (42.88007, -78.77767)]
(45, 6)[(43.01874, -78.82288), (43.01874, -78.82223), (43.00331, -78.82247), (43.00288, -78.82291), (43.00315, -78.82432), (43.00402, -78.82361), (43.0039, -78.82056), (43.00304, -78.81694), (43.00137, -78.81337), (42.99179, -78.8009), (42.98448, -78.79394), (42.97815, -78.7829), (42.96872, -78.77053), (42.96425, -78.76751), (42.95709, -78.76691), (42.95705, -78.76551), (42.95968, -78.76358), (42.96176, -78.75145), (42.96248, -78.75146)]
(45, 7)[(43.01874, -78.82288), (43.01874, -78.82223), (43.00331, -78.82247), (43.00288, -78.82291), (43.00308, -78.82426), (43.00402, -78.82361), (43.00371, -78.81938), (43.00127, -78.81321), (42.99179, -78.8009), (42.98448, -78.79394), (42.97815, -78.7829), (42.9768, -78.78209), (42.97645, -78.78387), (42.97852, -78.78381), (42.97802, -78.76004), (42.97867, -78.75367), (42.97848, -78.73221), (42.97772, -78.72089), (42.98167, -78.72083), (42.98166, -78.71949), (42.98219, -78.71916)]
(45, 8)[(43.01874, -78.82288), (43.01874, -78.82223), (43.03186, -78.82221), (43.03606, -78.82314), (43.0361, -78.81483), (43.03481, -78.80878), (43.03477, -78.77156), (43.03592, -78.7716), (43.03604, -78.77239), (43.03689, -78.77242), (43.03706, -78.77111)]
(45, 9)[(43.01874, -78.82288), (42.97974, -78.82308), (42.97725, -78.81373), (42.93796, -78.81364), (42.93591, -78.8187), (42.92639, -78.81841), (42.92306, -78.81662), (42.9213, -78.81767)]
(45, 10)[(43.01874, -78.82288), (43.01878, -78.82656), (43.01965, -78.82816), (43.01818, -78.82988), (43.01716, -78.8316), (43.01504, -78.83572), (43.01006, -78.83594), (43.01009, -78.83754), (43.00832, -78.83758)]
(45, 11)[(43.01874, -78.82288), (43.01878, -78.82656), (43.01965, -78.82816), (43.01818, -78.82988), (43.0149, -78.83596), (43.01266, -78.84287), (43.01241, -78.84604), (43.0117, -78.84921), (43.01146, -78.85616), (43.0115, -78.85893), (43.01172, -78.86126), (43.01074, -78.86174), (43.01054, -78.86211), (43.01059, -78.86249), (43.01086, -78.86279), (43.01166, -78.86295), (43.01362, -78.86275), (43.015, -78.86223), (43.01512, -78.86288), (43.01643, -78.86583), (43.01938, -78.86334)]
(45, 12)[(43.01874, -78.82288), (43.01874, -78.82223), (43.02512, -78.82215), (43.02229, -78.80903), (43.02245, -78.80681), (43.02106, -78.80145), (43.02221, -78.79899), (43.02671, -78.79913), (43.0264, -78.79684), (43.02411, -78.79395), (43.02372, -78.78821), (43.02427, -78.75349), (43.02369, -78.75137), (43.02374, -78.74049), (43.02824, -78.73044), (43.02809, -78.72681)]
(45, 13)[(43.01874, -78.82288), (43.00331, -78.82247), (43.00308, -78.82426), (43.00402, -78.82361), (43.00371, -78.81938), (43.00112, -78.81299), (42.99179, -78.8009), (42.98448, -78.79394), (42.97815, -78.7829), (42.96872, -78.77053), (42.96425, -78.76751), (42.94772, -78.76587), (42.88726, -78.76781), (42.88402, -78.7689), (42.88435, -78.7846), (42.87976, -78.78471), (42.88035, -78.78693)]
(45, 14)[(43.01874, -78.82288), (43.01874, -78.82223), (43.00545, -78.82236), (42.95816, -78.82382), (42.95852, -78.84384), (42.95524, -78.84389), (42.95528, -78.84675)]
(45, 15)[(43.01874, -78.82288), (43.01874, -78.82223), (43.02429, -78.82216), (43.0243, -78.82169), (43.02243, -78.8117), (43.0212, -78.80821), (43.02037, -78.80794), (43.0199, -78.80688), (43.02052, -78.8035), (43.02007, -78.79899), (43.01738, -78.79899), (43.0174, -78.7968), (43.01791, -78.79607), (43.0203, -78.79571), (43.02129, -78.79468), (43.02441, -78.78759), (43.02544, -78.78202), (43.02552, -78.76759), (43.02635, -78.76424), (43.02887, -78.76139), (43.0348, -78.75907), (43.0343, -78.70326), (43.03339, -78.69695), (43.03722, -78.69695), (43.03705, -78.69525)]
(45, 16)[(43.01874, -78.82288), (43.01874, -78.82223), (43.00545, -78.82236), (42.95816, -78.82382), (42.95398, -78.82275), (42.95145, -78.82559), (42.94921, -78.82167), (42.94903, -78.81768), (42.94371, -78.81758), (42.94403, -78.82242)]
(45, 17)[(43.01874, -78.82288), (43.01874, -78.82223), (43.02429, -78.82216), (43.0243, -78.82199), (43.02407, -78.81959), (43.02316, -78.81588), (43.02243, -78.8117), (43.0212, -78.80821), (43.02037, -78.80794), (43.02005, -78.80746), (43.0199, -78.80688), (43.0199, -78.80628), (43.02052, -78.8035), (43.02, -78.80143), (43.02007, -78.79899), (43.01231, -78.79897), (43.01247, -78.7922), (43.01221, -78.79214), (43.01203, -78.79178), (43.01153, -78.79234), (43.01136, -78.79279), (43.01093, -78.79303)]
(45, 18)[(43.01874, -78.82288), (43.01874, -78.82223), (43.01035, -78.82229), (42.96968, -78.82337), (42.96956, -78.81823), (42.96772, -78.81783)]
(45, 19)[(43.01874, -78.82288), (43.01874, -78.82223), (43.02512, -78.82215), (43.02504, -78.82061), (43.0233, -78.81375), (43.02323, -78.81212), (43.02229, -78.80903), (43.02245, -78.80681), (43.02106, -78.80145), (43.02132, -78.80034), (43.02211, -78.79948), (43.02221, -78.79899), (43.02671, -78.79913), (43.02668, -78.79771), (43.0264, -78.79684), (43.02458, -78.79497), (43.02407, -78.79376), (43.02372, -78.78821), (43.02403, -78.78217), (43.02157, -78.783), (43.01726, -78.78283), (43.01519, -78.78182), (43.01248, -78.77915), (43.0108, -78.77901), (43.00819, -78.7742), (43.00657, -78.769), (43.00672, -78.76512), (43.00647, -78.76418), (43.00419, -78.76241), (43.00295, -78.76083), (43.00206, -78.76071), (43.00214, -78.74975), (43.00306, -78.74974), (43.00306, -78.74796)]
(45, 20)[(43.01874, -78.82288), (43.01874, -78.82223), (43.00331, -78.82247), (43.00288, -78.82291), (43.00308, -78.82426), (43.00402, -78.82361), (43.0039, -78.82056), (43.00304, -78.81694), (43.00137, -78.81337), (42.99179, -78.8009), (42.98448, -78.79394), (42.97815, -78.7829), (42.96872, -78.77053), (42.96467, -78.76764), (42.95701, -78.76679), (42.95705, -78.76551), (42.95968, -78.76358), (42.96077, -78.75734), (42.9576, -78.75733)]
(45, 21)[(43.01874, -78.82288), (43.00331, -78.82247), (43.00308, -78.82426), (43.00402, -78.82361), (43.00371, -78.81938), (43.00112, -78.81299), (42.99179, -78.8009), (42.98448, -78.79394), (42.97815, -78.7829), (42.96872, -78.77053), (42.9648, -78.76768), (42.94772, -78.76587), (42.89289, -78.76746), (42.88402, -78.7689), (42.88376, -78.75859), (42.88495, -78.75431)]
(45, 22)[(43.01874, -78.82288), (43.00331, -78.82247), (43.00315, -78.82432), (43.00402, -78.82361), (43.0039, -78.82056), (43.00137, -78.81337), (42.99179, -78.8009), (42.98448, -78.79394), (42.97815, -78.7829), (42.96815, -78.76992), (42.96353, -78.76733), (42.94772, -78.76587), (42.91353, -78.76658), (42.90937, -78.76955), (42.90691, -78.77923), (42.90683, -78.79916), (42.90487, -78.8138), (42.89694, -78.81403), (42.89581, -78.82267), (42.89376, -78.82266), (42.89376, -78.82418)]
(45, 23)[(43.01874, -78.82288), (43.00331, -78.82247), (43.00315, -78.82432), (43.00402, -78.82361), (43.0039, -78.82056), (43.00137, -78.81337), (42.99179, -78.8009), (42.98448, -78.79394), (42.97815, -78.7829), (42.96815, -78.76992), (42.96353, -78.76733), (42.94772, -78.76587), (42.91353, -78.76658), (42.90937, -78.76955), (42.90691, -78.77923), (42.90683, -78.79916), (42.90487, -78.8138), (42.89694, -78.81403), (42.89618, -78.81991), (42.89783, -78.82003)]
(45, 24)[(43.01874, -78.82288), (42.97974, -78.82308), (42.97725, -78.81373), (42.93796, -78.81364), (42.93266, -78.82674), (42.9202, -78.82654)]
(45, 25)[(43.01874, -78.82288), (43.01874, -78.82223), (43.02362, -78.82216), (43.03204, -78.82222), (43.03437, -78.82273), (43.03447, -78.81122)]
(45, 26)[(43.01874, -78.82288), (43.01874, -78.82223), (42.98087, -78.82304), (42.98086, -78.84973)]
(45, 27)[(43.01874, -78.82288), (43.01878, -78.82656), (43.01965, -78.82816), (43.01818, -78.82988), (43.01716, -78.8316), (43.01479, -78.83622), (43.01266, -78.84287), (43.01245, -78.84556), (43.01067, -78.84558)]
(45, 28)[(43.01874, -78.82288), (43.01874, -78.82223), (43.00331, -78.82247), (43.00288, -78.82291), (43.00308, -78.82426), (43.00402, -78.82361), (43.0039, -78.82056), (43.00304, -78.81694), (43.00137, -78.81337), (42.99179, -78.8009), (42.98448, -78.79394), (42.97815, -78.7829), (42.96872, -78.77053), (42.9648, -78.76768), (42.95911, -78.76666), (42.95739, -78.76707), (42.95688, -78.76653), (42.95705, -78.76551), (42.95935, -78.76419), (42.95983, -78.76307), (42.96632, -78.72323), (42.96509, -78.69167), (42.96505, -78.67722), (42.97057, -78.67713)]
(45, 29)[(43.01874, -78.82288), (43.01874, -78.82223), (43.00331, -78.82247), (43.00288, -78.82291), (43.00308, -78.82426), (43.00402, -78.82361), (43.00371, -78.81938), (43.00127, -78.81321), (42.99179, -78.8009), (42.98448, -78.79394), (42.97815, -78.7829), (42.9768, -78.78209), (42.97645, -78.78387), (42.97852, -78.78381), (42.97802, -78.76004), (42.97867, -78.75367), (42.97844, -78.72908), (42.97769, -78.72286), (42.97822, -78.68283), (42.98091, -78.6828), (42.98029, -78.67976), (42.98171, -78.67938)]
(45, 30)[(43.01874, -78.82288), (43.01878, -78.82656), (43.01894, -78.82703), (43.01965, -78.82816), (43.01818, -78.82988), (43.01718, -78.83156), (43.0149, -78.83596), (43.01344, -78.84049), (43.01281, -78.84031), (43.0124, -78.8399), (43.01216, -78.83981), (43.0119, -78.83989), (43.0117, -78.8404)]
(45, 31)[(43.01874, -78.82288), (43.01878, -78.82656), (43.01965, -78.82816), (43.01818, -78.82988), (43.0149, -78.83596), (43.01266, -78.84287), (43.01241, -78.84604), (43.0117, -78.84921), (43.0115, -78.85893), (43.01206, -78.86364), (43.01149, -78.86588), (43.01902, -78.87367), (43.01943, -78.87505), (43.02058, -78.8751), (43.02453, -78.87669), (43.02518, -78.87366), (43.02827, -78.87489)]
(45, 32)[(43.01874, -78.82288), (43.01874, -78.82223), (43.03186, -78.82221), (43.03606, -78.82314), (43.036, -78.82855), (43.03419, -78.82878), (43.03279, -78.82932), (43.02835, -78.83195), (43.02714, -78.83435), (43.02532, -78.83695), (43.02598, -78.83729)]
(45, 33)[(43.01874, -78.82288), (43.00331, -78.82247), (43.00308, -78.82426), (43.00371, -78.81938), (43.00112, -78.81299), (42.98448, -78.79394), (42.96872, -78.77053), (42.96353, -78.76733), (42.88558, -78.76785), (42.87978, -78.77253), (42.8737, -78.78929), (42.85067, -78.7927), (42.84399, -78.77182), (42.8432, -78.75804), (42.84186, -78.75419), (42.83949, -78.75407), (42.83936, -78.7382), (42.83243, -78.7382), (42.8294, -78.72701)]
(45, 34)[(43.01874, -78.82288), (43.00331, -78.82247), (43.00308, -78.82426), (43.00371, -78.81938), (43.00112, -78.81299), (42.9648, -78.76768), (42.94772, -78.76587), (42.88641, -78.76777), (42.87978, -78.77253), (42.87627, -78.78589), (42.87325, -78.78953), (42.86335, -78.79201), (42.85071, -78.79029), (42.84381, -78.79289), (42.8173, -78.79163), (42.81298, -78.79526), (42.80402, -78.81299), (42.78949, -78.82013), (42.78922, -78.82386), (42.79714, -78.82388), (42.79771, -78.83477), (42.81952, -78.8363)]
(45, 35)[(43.01874, -78.82288), (43.00331, -78.82247), (43.00308, -78.82426), (43.00402, -78.82361), (43.00371, -78.81938), (43.00112, -78.81299), (42.99179, -78.8009), (42.98448, -78.79394), (42.97815, -78.7829), (42.96872, -78.77053), (42.96353, -78.76733), (42.94772, -78.76587), (42.8868, -78.76792), (42.88402, -78.7689), (42.88435, -78.7846), (42.87505, -78.78484), (42.87092, -78.7874), (42.8645, -78.78724), (42.8649, -78.79064), (42.86306, -78.79541)]
(45, 36)[(43.01874, -78.82288), (43.00472, -78.82273), (43.00141, -78.83605), (43.00094, -78.84986), (42.99602, -78.86271), (42.99291, -78.89901), (42.98811, -78.91305), (42.98581, -78.91437), (42.98026, -78.91011), (42.9743, -78.91159), (42.96498, -78.92133), (42.95444, -78.91056), (42.9436, -78.90807), (42.92888, -78.89887), (42.91446, -78.90159), (42.90183, -78.90037), (42.87942, -78.87927), (42.86946, -78.87875), (42.85227, -78.86365), (42.82774, -78.85092), (42.82796, -78.84471)]
(45, 37)[(43.01874, -78.82288), (43.00331, -78.82247), (43.00308, -78.82426), (43.00371, -78.81938), (43.00112, -78.81299), (42.9648, -78.76768), (42.94772, -78.76587), (42.88402, -78.7689), (42.88494, -78.75471), (42.87805, -78.75319), (42.85367, -78.75462), (42.85353, -78.76637), (42.85109, -78.76637)]
(45, 38)[(43.01874, -78.82288), (43.00331, -78.82247), (43.00308, -78.82426), (43.00371, -78.81938), (43.00112, -78.81299), (42.98448, -78.79394), (42.96872, -78.77053), (42.96353, -78.76733), (42.88558, -78.76785), (42.87978, -78.77253), (42.8737, -78.78929), (42.85067, -78.7927), (42.84399, -78.77182), (42.8432, -78.75804), (42.84186, -78.75419), (42.83949, -78.75407), (42.83948, -78.73048)]
(45, 39)[(43.01874, -78.82288), (43.00331, -78.82247), (43.00308, -78.82426), (43.00371, -78.81938), (43.00112, -78.81299), (42.9648, -78.76768), (42.94772, -78.76587), (42.88558, -78.76785), (42.87878, -78.77523), (42.87647, -78.7859), (42.87614, -78.80865), (42.87206, -78.81998), (42.85596, -78.82774), (42.85488, -78.83221), (42.84702, -78.83231), (42.8453, -78.84092), (42.84669, -78.84231)]
(45, 40)[(43.01874, -78.82288), (43.00331, -78.82247), (43.00315, -78.82432), (43.00402, -78.82361), (43.0039, -78.82056), (43.00137, -78.81337), (42.99179, -78.8009), (42.98448, -78.79394), (42.97815, -78.7829), (42.96815, -78.76992), (42.96353, -78.76733), (42.94772, -78.76587), (42.88641, -78.76777), (42.88225, -78.76937), (42.87941, -78.7733), (42.87659, -78.78509), (42.87603, -78.80935), (42.87201, -78.81711), (42.87327, -78.82315), (42.87519, -78.82213)]
