18

1088
2757.3 1884.1
4424.4 3336.4 1620.8
6506.7 5418.7 3703.1 2282.8
9766.2 8738.8 7182.6 5762.3 5028.1
7522.9 6504.4 4788.8 3270 4273.1 5143.8
4974.5 4408.2 5667.5 6509.1 8185.9 9902.6 5272.4
6566.7 6000.3 5443.7 5394.7 7071.5 8788.2 4158 1592.1
8675.1 8400 6684.4 5084 6087.1 6697.3 2500.9 5655.8 4522.5
6493.7 5927.3 7186.7 8447.9 9759.3 11456.5 6826.3 2275.3 3310.1 7070.8
16099.5 14582.4 12866.7 11446.5 12298.8 8189.8 8897.3 11229.5 9592.7 6939.7 11565.8
10668.1 11080.4 10823.8 12123.2 15871.6 15131.8 10501.6 5912.4 6985.4 10746.1 3799.1 20650.2
7801 7234.6 8494 9069 10380.4 15156.9 7447.4 3582.6 4139.8 7691.9 2543.9 15323.5 5590.3
11215 10648.6 9586.3 7729.4 8900.7 11549.1 5703.4 7247.7 5397.1 4143.8 5957.9 9752.5 8353.4 3600.9
16045.7 15479.3 14091.4 12671.2 13523.5 12752.9 9479.7 11023.9 9387.1 7392.4 10788.6 6496.5 14637.3 8431.6 5106.4
18433.6 15039 14433.6 13013.3 13865.7 13095.1 9821.9 11386.9 9729.3 7734.6 10348.2 9069.6 12366.4 7991.3 5451.2 2415.5
15462.4 12067.7 11636.2 11587.2 12898.5 16982.5 9965.6 8415.7 7446.9 8301.2 7377 15138.7 9395.2 5020.1 4157.5 7940.6 5669.6
