(64, 63)[(42.9805, -78.87232), (42.98486, -78.87291), (42.98486, -78.87084), (42.98659, -78.87144), (42.9866, -78.86953), (42.98591, -78.86947)]
(65, 63)[(42.96492, -78.86882), (42.97206, -78.86606), (42.97444, -78.8659), (42.97599, -78.86613), (42.98249, -78.86994), (42.98659, -78.87144), (42.9866, -78.86953), (42.98591, -78.86947)]
(65, 64)[(42.96492, -78.86882), (42.9653, -78.86864), (42.96529, -78.87036), (42.9805, -78.87232)]
(66, 63)[(42.95186, -78.86807), (42.95154, -78.86807), (42.95152, -78.86887), (42.98486, -78.87291), (42.98486, -78.87084), (42.98659, -78.87144), (42.9866, -78.86953), (42.98591, -78.86947)]
(66, 64)[(42.95186, -78.86807), (42.95154, -78.86807), (42.95152, -78.86887), (42.9805, -78.87232)]
(66, 65)[(42.95186, -78.86807), (42.95154, -78.86807), (42.95152, -78.86887), (42.96282, -78.87004), (42.96299, -78.86976), (42.96492, -78.86882)]
(67, 63)[(42.94373, -78.87914), (42.94316, -78.87842), (42.94198, -78.87848), (42.94196, -78.86783), (42.98486, -78.87291), (42.98486, -78.87084), (42.98659, -78.87144), (42.9866, -78.86953), (42.98591, -78.86947)]
(67, 64)[(42.94373, -78.87914), (42.94373, -78.87864), (42.94316, -78.87842), (42.94198, -78.87848), (42.94196, -78.86783), (42.96154, -78.86989), (42.9805, -78.87232)]
(67, 65)[(42.94373, -78.87914), (42.94373, -78.87864), (42.94316, -78.87842), (42.94198, -78.87848), (42.94196, -78.86783), (42.96282, -78.87004), (42.96492, -78.86882)]
(67, 66)[(42.94373, -78.87914), (42.94373, -78.87864), (42.9432, -78.8786), (42.94316, -78.87842), (42.94198, -78.87848), (42.94196, -78.86783), (42.95152, -78.86887), (42.95154, -78.86807), (42.95186, -78.86807)]
(68, 63)[(42.9086, -78.87973), (42.90895, -78.87872), (42.9222, -78.87857), (42.92325, -78.87703), (42.93314, -78.87699), (42.93793, -78.87859), (42.98081, -78.87865), (42.98077, -78.87235), (42.98486, -78.87291), (42.98486, -78.87084), (42.98659, -78.87144), (42.9866, -78.86953), (42.98591, -78.86947)]
(68, 64)[(42.9086, -78.87973), (42.90895, -78.87872), (42.9222, -78.87857), (42.92325, -78.87703), (42.93314, -78.87699), (42.93793, -78.87859), (42.98081, -78.87865), (42.9805, -78.87232)]
(68, 65)[(42.9086, -78.87973), (42.90895, -78.87872), (42.9222, -78.87857), (42.92555, -78.87354), (42.92804, -78.87348), (42.92804, -78.86756), (42.92879, -78.86592), (42.93194, -78.86496), (42.93661, -78.86713), (42.94036, -78.86765), (42.96282, -78.87004), (42.96492, -78.86882)]
(68, 66)[(42.9086, -78.87973), (42.90895, -78.87872), (42.9222, -78.87857), (42.92555, -78.87354), (42.92804, -78.87348), (42.92804, -78.86756), (42.92879, -78.86592), (42.92965, -78.86545), (42.93252, -78.86496), (42.93661, -78.86713), (42.94036, -78.86765), (42.95152, -78.86887), (42.95186, -78.86807)]
(68, 67)[(42.9086, -78.87973), (42.90859, -78.87929), (42.90895, -78.87928), (42.90895, -78.87872), (42.9222, -78.87857), (42.92325, -78.87703), (42.93314, -78.87699), (42.93539, -78.87811), (42.93793, -78.87859), (42.94698, -78.87825), (42.94698, -78.8779), (42.94657, -78.87789), (42.94657, -78.87827), (42.94316, -78.87842), (42.94373, -78.87864), (42.94373, -78.87914)]
(69, 63)[(42.93932, -78.84459), (42.93829, -78.84407), (42.9383, -78.8455), (42.94126, -78.84661), (42.94271, -78.84964), (42.94245, -78.85041), (42.9429, -78.85039), (42.94314, -78.8517), (42.94328, -78.85664), (42.94812, -78.85904), (42.96375, -78.8583), (42.98099, -78.85858), (42.98098, -78.86906), (42.98659, -78.87144), (42.9866, -78.86953), (42.98591, -78.86947)]
(69, 64)[(42.93932, -78.84459), (42.93829, -78.84407), (42.9383, -78.8455), (42.94126, -78.84661), (42.94271, -78.84964), (42.94245, -78.85041), (42.9429, -78.85039), (42.94314, -78.8517), (42.94328, -78.85664), (42.94774, -78.859), (42.94779, -78.8685), (42.9805, -78.87232)]
(69, 65)[(42.93932, -78.84459), (42.93829, -78.84407), (42.9383, -78.8455), (42.94038, -78.84652), (42.94126, -78.84661), (42.94271, -78.84964), (42.94282, -78.85007), (42.94245, -78.85041), (42.9429, -78.85039), (42.94314, -78.8517), (42.94328, -78.85664), (42.94774, -78.859), (42.94779, -78.8685), (42.96282, -78.87004), (42.96492, -78.86882)]
(69, 66)[(42.93932, -78.84459), (42.93829, -78.84407), (42.9383, -78.8455), (42.93905, -78.84574), (42.94038, -78.84652), (42.94126, -78.84661), (42.94211, -78.84809), (42.94271, -78.84964), (42.94282, -78.85007), (42.94251, -78.85021), (42.94245, -78.85041), (42.94261, -78.85053), (42.9429, -78.85039), (42.94314, -78.8517), (42.94328, -78.85664), (42.94774, -78.859), (42.95149, -78.85899), (42.95154, -78.86807), (42.95186, -78.86807)]
(69, 67)[(42.93932, -78.84459), (42.93829, -78.84407), (42.9383, -78.8455), (42.93905, -78.84574), (42.94038, -78.84652), (42.94126, -78.84661), (42.94211, -78.84809), (42.94271, -78.84964), (42.94282, -78.85007), (42.94251, -78.85021), (42.94245, -78.85041), (42.94261, -78.85053), (42.9429, -78.85039), (42.94314, -78.8517), (42.94328, -78.85664), (42.94774, -78.859), (42.94777, -78.87822), (42.94316, -78.87842), (42.9432, -78.8786), (42.94373, -78.87864), (42.94373, -78.87914)]
(69, 68)[(42.93932, -78.84459), (42.9366, -78.84372), (42.93577, -78.84287), (42.91535, -78.86445), (42.90888, -78.86677), (42.90895, -78.87928), (42.90859, -78.87929), (42.9086, -78.87973)]
(70, 63)[(42.97712, -78.82308), (42.97968, -78.82292), (42.98087, -78.82551), (42.98098, -78.86906), (42.98312, -78.87023), (42.98659, -78.87144), (42.9866, -78.86953), (42.98591, -78.86947)]
(70, 64)[(42.97712, -78.82308), (42.97968, -78.82292), (42.98087, -78.82551), (42.98097, -78.87238), (42.9805, -78.87232)]
(70, 65)[(42.97712, -78.82308), (42.97968, -78.82292), (42.98087, -78.82551), (42.98075, -78.83635), (42.98099, -78.85858), (42.97439, -78.8584), (42.97444, -78.8659), (42.97206, -78.86606), (42.96492, -78.86882)]
(70, 66)[(42.97712, -78.82308), (42.95816, -78.82382), (42.95867, -78.85862), (42.9546, -78.85893), (42.95458, -78.86438), (42.95153, -78.86452), (42.95154, -78.86807), (42.95186, -78.86807)]
(70, 67)[(42.97712, -78.82308), (42.95816, -78.82382), (42.95866, -78.85363), (42.95864, -78.87855), (42.94915, -78.87823), (42.94316, -78.87842), (42.94373, -78.87864), (42.94373, -78.87914)]
(70, 68)[(42.97712, -78.82308), (42.95816, -78.82382), (42.95398, -78.82275), (42.91535, -78.86445), (42.90888, -78.86677), (42.90895, -78.87928), (42.9086, -78.87973)]
(70, 69)[(42.97712, -78.82308), (42.95816, -78.82382), (42.95398, -78.82275), (42.94025, -78.83799), (42.94031, -78.84532), (42.93932, -78.84459)]
(71, 63)[(42.96479, -78.82073), (42.96673, -78.82069), (42.9668, -78.82349), (42.97968, -78.82292), (42.98087, -78.82551), (42.98098, -78.86906), (42.98312, -78.87023), (42.98659, -78.87144), (42.9866, -78.86953), (42.98591, -78.86947)]
(71, 64)[(42.96479, -78.82073), (42.96673, -78.82069), (42.9668, -78.82349), (42.97968, -78.82292), (42.98087, -78.82551), (42.98097, -78.87238), (42.9805, -78.87232)]
(71, 65)[(42.96479, -78.82073), (42.96386, -78.82086), (42.96391, -78.8236), (42.95816, -78.82382), (42.9587, -78.86962), (42.96282, -78.87004), (42.96492, -78.86882)]
(71, 66)[(42.96479, -78.82073), (42.96386, -78.82086), (42.96391, -78.8236), (42.95816, -78.82382), (42.95867, -78.85862), (42.9546, -78.85893), (42.95458, -78.86438), (42.95153, -78.86452), (42.95154, -78.86807), (42.95186, -78.86807)]
(71, 67)[(42.96479, -78.82073), (42.96386, -78.82086), (42.96391, -78.8236), (42.95816, -78.82382), (42.95866, -78.85363), (42.95864, -78.87855), (42.94915, -78.87823), (42.94316, -78.87842), (42.94373, -78.87864), (42.94373, -78.87914)]
(71, 68)[(42.96479, -78.82073), (42.96386, -78.82086), (42.96391, -78.8236), (42.95816, -78.82382), (42.95398, -78.82275), (42.91535, -78.86445), (42.90888, -78.86677), (42.90895, -78.87928), (42.9086, -78.87973)]
(71, 69)[(42.96479, -78.82073), (42.96386, -78.82086), (42.96391, -78.8236), (42.95816, -78.82382), (42.95398, -78.82275), (42.94025, -78.83799), (42.94031, -78.84532), (42.93932, -78.84459)]
(71, 70)[(42.96479, -78.82073), (42.96673, -78.82069), (42.9668, -78.82349), (42.97712, -78.82308)]
(72, 63)[(42.93619, -78.82594), (42.93459, -78.82597), (42.93462, -78.82824), (42.94032, -78.82813), (42.94493, -78.83522), (42.94503, -78.84409), (42.96477, -78.84357), (42.97205, -78.85238), (42.97438, -78.85602), (42.97444, -78.8659), (42.97599, -78.86613), (42.98249, -78.86994), (42.98659, -78.87144), (42.9866, -78.86953), (42.98591, -78.86947)]
(72, 64)[(42.93619, -78.82594), (42.93459, -78.82597), (42.93462, -78.82824), (42.94032, -78.82813), (42.94094, -78.82915), (42.94101, -78.83483), (42.94258, -78.83739), (42.94263, -78.84611), (42.94388, -78.84892), (42.94442, -78.8518), (42.94462, -78.86815), (42.9805, -78.87232)]
(72, 65)[(42.93619, -78.82594), (42.93459, -78.82597), (42.93462, -78.82824), (42.94032, -78.82813), (42.94094, -78.82915), (42.94101, -78.83483), (42.94258, -78.83739), (42.94263, -78.84611), (42.94388, -78.84892), (42.94442, -78.8518), (42.94462, -78.86815), (42.96282, -78.87004), (42.96492, -78.86882)]
(72, 66)[(42.93619, -78.82594), (42.93459, -78.82597), (42.93462, -78.82824), (42.94032, -78.82813), (42.94094, -78.82915), (42.94101, -78.83483), (42.94258, -78.83739), (42.94263, -78.84611), (42.94371, -78.84842), (42.94431, -78.85084), (42.94448, -78.85256), (42.94454, -78.85728), (42.94774, -78.859), (42.95149, -78.85899), (42.95154, -78.86807), (42.95186, -78.86807)]
(72, 67)[(42.93619, -78.82594), (42.93459, -78.82597), (42.93462, -78.82824), (42.94032, -78.82813), (42.94094, -78.82915), (42.94101, -78.83483), (42.94258, -78.83739), (42.94263, -78.84611), (42.94371, -78.84842), (42.94431, -78.85084), (42.94454, -78.85728), (42.94774, -78.859), (42.94777, -78.87822), (42.94316, -78.87842), (42.94373, -78.87864), (42.94373, -78.87914)]
(72, 68)[(42.93619, -78.82594), (42.93297, -78.82598), (42.93168, -78.82917), (42.93019, -78.82919), (42.92971, -78.83205), (42.92811, -78.83637), (42.92681, -78.83859), (42.92345, -78.84285), (42.92203, -78.84348), (42.91379, -78.84368), (42.91395, -78.865), (42.90888, -78.86677), (42.90895, -78.87928), (42.90859, -78.87929), (42.9086, -78.87973)]
(72, 69)[(42.93619, -78.82594), (42.93459, -78.82597), (42.93462, -78.82824), (42.94012, -78.82812), (42.94031, -78.84532), (42.93932, -78.84459)]
(72, 70)[(42.93619, -78.82594), (42.93459, -78.82597), (42.93462, -78.82824), (42.94032, -78.82813), (42.94385, -78.83404), (42.95398, -78.82275), (42.95816, -78.82382), (42.97712, -78.82308)]
(72, 71)[(42.93619, -78.82594), (42.93459, -78.82597), (42.93462, -78.82824), (42.94032, -78.82813), (42.94385, -78.83404), (42.95398, -78.82275), (42.95816, -78.82382), (42.96391, -78.8236), (42.96386, -78.82075), (42.96479, -78.82073)]
(73, 63)[(42.98452, -78.80916), (42.98455, -78.81383), (42.98035, -78.81392), (42.98088, -78.82347), (42.98075, -78.83635), (42.98098, -78.86906), (42.98312, -78.87023), (42.98659, -78.87144), (42.9866, -78.86953), (42.98591, -78.86947)]
(73, 64)[(42.98452, -78.80916), (42.98455, -78.81383), (42.98035, -78.81392), (42.98087, -78.82304), (42.98075, -78.83635), (42.98098, -78.85283), (42.98097, -78.87238), (42.9805, -78.87232)]
(73, 65)[(42.98452, -78.80916), (42.98455, -78.81383), (42.98035, -78.81392), (42.98088, -78.82347), (42.98075, -78.83635), (42.98099, -78.85858), (42.97439, -78.8584), (42.97444, -78.8659), (42.97206, -78.86606), (42.96492, -78.86882)]
(73, 66)[(42.98452, -78.80916), (42.98455, -78.81383), (42.95945, -78.81391), (42.95766, -78.81852), (42.95805, -78.81935), (42.95867, -78.85862), (42.9546, -78.85893), (42.95458, -78.86438), (42.95153, -78.86452), (42.95154, -78.86807), (42.95186, -78.86807)]
(73, 67)[(42.98452, -78.80916), (42.98455, -78.81383), (42.98035, -78.81392), (42.98088, -78.82347), (42.98101, -78.87865), (42.94316, -78.87842), (42.94373, -78.87914)]
(73, 68)[(42.98452, -78.80916), (42.98455, -78.81383), (42.95945, -78.81391), (42.95737, -78.81898), (42.93446, -78.84437), (42.91535, -78.86445), (42.90888, -78.86677), (42.90895, -78.87928), (42.9086, -78.87973)]
(73, 69)[(42.98452, -78.80916), (42.98455, -78.81383), (42.95945, -78.81391), (42.95737, -78.81898), (42.94025, -78.83799), (42.94031, -78.84532), (42.93932, -78.84459)]
(73, 70)[(42.98452, -78.80916), (42.98455, -78.81383), (42.98035, -78.81392), (42.98087, -78.82304), (42.97712, -78.82308)]
(73, 71)[(42.98452, -78.80916), (42.98455, -78.81383), (42.96423, -78.81388), (42.96386, -78.82075), (42.96479, -78.82073)]
(73, 72)[(42.98452, -78.80916), (42.98455, -78.81383), (42.93796, -78.81364), (42.93297, -78.82598), (42.93619, -78.82594)]
(74, 63)[(42.88558, -78.81204), (42.88559, -78.81421), (42.97725, -78.81373), (42.98087, -78.82551), (42.98098, -78.86906), (42.98659, -78.87144), (42.98591, -78.86947)]
(74, 64)[(42.88558, -78.81204), (42.88559, -78.81421), (42.88476, -78.81416), (42.88504, -78.84403), (42.9038, -78.84537), (42.90895, -78.84331), (42.92223, -78.84311), (42.93297, -78.85763), (42.93434, -78.8666), (42.9805, -78.87232)]
(74, 65)[(42.88558, -78.81204), (42.88559, -78.81421), (42.88476, -78.81416), (42.88504, -78.84403), (42.90373, -78.84463), (42.9038, -78.84537), (42.90895, -78.84331), (42.92223, -78.84311), (42.92481, -78.84576), (42.92995, -78.85427), (42.93297, -78.85763), (42.93434, -78.8666), (42.93534, -78.86626), (42.93691, -78.86722), (42.96282, -78.87004), (42.96492, -78.86882)]
(74, 66)[(42.88558, -78.81204), (42.88559, -78.81421), (42.88476, -78.81416), (42.88504, -78.84403), (42.90373, -78.84463), (42.9038, -78.84537), (42.90895, -78.84331), (42.92223, -78.84311), (42.92481, -78.84576), (42.92995, -78.85427), (42.93297, -78.85763), (42.93429, -78.86656), (42.93534, -78.86626), (42.93691, -78.86722), (42.95152, -78.86887), (42.95186, -78.86807)]
(74, 67)[(42.88558, -78.81204), (42.88559, -78.81421), (42.88476, -78.81416), (42.88504, -78.84403), (42.90373, -78.84463), (42.9038, -78.84537), (42.90895, -78.84331), (42.92262, -78.84329), (42.92534, -78.84653), (42.93033, -78.85481), (42.93297, -78.85763), (42.93429, -78.86656), (42.93534, -78.86626), (42.93691, -78.86722), (42.94779, -78.8685), (42.94777, -78.87822), (42.94316, -78.87842), (42.94373, -78.87914)]
(74, 68)[(42.88558, -78.81204), (42.88559, -78.81421), (42.88476, -78.81416), (42.88504, -78.84403), (42.89163, -78.84403), (42.89229, -78.84455), (42.90373, -78.84463), (42.90398, -78.86604), (42.90463, -78.86818), (42.90474, -78.87876), (42.90895, -78.87872), (42.90895, -78.87928), (42.90859, -78.87929), (42.9086, -78.87973)]
(74, 69)[(42.88558, -78.81204), (42.88559, -78.81421), (42.91468, -78.81374), (42.91461, -78.83913), (42.93908, -78.83926), (42.93929, -78.84272), (42.9403, -78.84341), (42.94031, -78.84532), (42.93932, -78.84459)]
(74, 70)[(42.88558, -78.81204), (42.88559, -78.81421), (42.94898, -78.81371), (42.94913, -78.82133), (42.95145, -78.82559), (42.95398, -78.82275), (42.95816, -78.82382), (42.97712, -78.82308)]
(74, 71)[(42.88558, -78.81204), (42.88559, -78.81421), (42.96423, -78.81388), (42.96386, -78.82075), (42.96479, -78.82073)]
(74, 72)[(42.88558, -78.81204), (42.88559, -78.81421), (42.92264, -78.81369), (42.92237, -78.82677), (42.93266, -78.82674), (42.93297, -78.82598), (42.93619, -78.82594)]
(74, 73)[(42.88558, -78.81204), (42.88559, -78.81421), (42.98111, -78.81394), (42.98455, -78.81383), (42.98452, -78.80916)]
(75, 63)[(43.0039, -78.78592), (43.0056, -78.78582), (43.0051, -78.79615), (43.00795, -78.80121), (43.00818, -78.8025), (43.007, -78.80416), (43.00307, -78.80378), (43.00136, -78.80429), (42.99966, -78.80591), (42.99899, -78.80759), (42.9993, -78.80975), (43.00319, -78.81657), (43.00432, -78.82343), (43.00383, -78.8275), (43.00141, -78.83605), (43.00094, -78.84986), (42.99993, -78.85333), (42.99686, -78.85942), (42.99602, -78.86271), (42.99558, -78.87578), (42.99596, -78.87711), (42.99683, -78.87688), (42.99682, -78.87486), (42.99091, -78.87373), (42.98659, -78.87144), (42.9866, -78.86953), (42.98591, -78.86947)]
(75, 64)[(43.0039, -78.78592), (43.0056, -78.78582), (43.0051, -78.79615), (43.00795, -78.80121), (43.00818, -78.8025), (43.007, -78.80416), (43.00307, -78.80378), (43.00136, -78.80429), (42.99966, -78.80591), (42.99899, -78.80759), (42.9993, -78.80975), (43.00319, -78.81657), (43.00432, -78.82343), (43.00383, -78.8275), (43.00141, -78.83605), (43.00094, -78.84986), (42.99993, -78.85333), (42.99686, -78.85942), (42.99602, -78.86271), (42.99558, -78.87578), (42.99609, -78.87719), (42.99693, -78.87657), (42.99702, -78.87516), (42.99632, -78.87463), (42.9805, -78.87232)]
(75, 65)[(43.0039, -78.78592), (43.0056, -78.78586), (43.00544, -78.79331), (43.00444, -78.79618), (43.0031, -78.79706), (43.00006, -78.79704), (43.0, -78.7988), (42.99784, -78.79903), (42.99514, -78.80162), (42.99073, -78.8042), (42.99091, -78.82268), (42.98087, -78.82304), (42.98099, -78.85858), (42.97439, -78.8584), (42.97444, -78.8659), (42.97206, -78.86606), (42.96492, -78.86882)]
(75, 66)[(43.0039, -78.78592), (43.0056, -78.78586), (43.00549, -78.7928), (43.00474, -78.79574), (43.0031, -78.79706), (43.00006, -78.79704), (43.0, -78.7988), (42.99784, -78.79903), (42.99514, -78.80162), (42.98973, -78.80478), (42.98799, -78.80762), (42.98603, -78.81428), (42.98504, -78.81382), (42.95945, -78.81391), (42.95766, -78.81852), (42.95805, -78.81935), (42.95867, -78.85862), (42.9546, -78.85893), (42.95458, -78.86438), (42.95153, -78.86452), (42.95154, -78.86807), (42.95186, -78.86807)]
(75, 67)[(43.0039, -78.78592), (43.0056, -78.78582), (43.0051, -78.79615), (43.00795, -78.80121), (43.00818, -78.8025), (43.007, -78.80416), (43.00307, -78.80378), (43.00136, -78.80429), (42.99966, -78.80591), (42.99899, -78.80759), (42.9993, -78.80975), (43.00319, -78.81657), (43.00432, -78.82343), (43.00383, -78.8275), (43.00141, -78.83605), (43.00094, -78.84986), (42.99993, -78.85333), (42.99686, -78.85942), (42.99602, -78.86271), (42.99558, -78.87578), (42.99596, -78.87711), (42.99683, -78.87688), (42.99702, -78.87516), (42.99632, -78.87463), (42.98097, -78.87238), (42.98101, -78.87865), (42.94316, -78.87842), (42.94373, -78.87914)]
(75, 68)[(43.0039, -78.78592), (43.0056, -78.78586), (43.00474, -78.79574), (43.00006, -78.79704), (43.0, -78.7988), (42.99784, -78.79903), (42.98973, -78.80478), (42.98603, -78.81428), (42.95945, -78.81391), (42.95737, -78.81898), (42.91535, -78.86445), (42.90888, -78.86677), (42.9086, -78.87973)]
(75, 69)[(43.0039, -78.78592), (43.0056, -78.78586), (43.00549, -78.7928), (43.00474, -78.79574), (43.0031, -78.79706), (43.00006, -78.79704), (43.0, -78.7988), (42.99784, -78.79903), (42.99514, -78.80162), (42.98973, -78.80478), (42.98799, -78.80762), (42.98603, -78.81428), (42.98504, -78.81382), (42.95945, -78.81391), (42.95737, -78.81898), (42.94025, -78.83799), (42.94031, -78.84532), (42.93932, -78.84459)]
(75, 70)[(43.0039, -78.78592), (43.0056, -78.78586), (43.00544, -78.79331), (43.00507, -78.79503), (43.00444, -78.79618), (43.0031, -78.79706), (43.00006, -78.79704), (43.0, -78.7988), (42.99784, -78.79903), (42.99514, -78.80162), (42.99073, -78.8042), (42.99091, -78.82268), (42.97712, -78.82308)]
(75, 71)[(43.0039, -78.78592), (43.0056, -78.78586), (43.00549, -78.7928), (43.00474, -78.79574), (43.0031, -78.79706), (43.00006, -78.79704), (43.0, -78.7988), (42.99784, -78.79903), (42.99514, -78.80162), (42.98973, -78.80478), (42.98799, -78.80762), (42.98603, -78.81428), (42.98504, -78.81382), (42.96423, -78.81388), (42.96386, -78.82075), (42.96479, -78.82073)]
(75, 72)[(43.0039, -78.78592), (43.0056, -78.78586), (43.00549, -78.7928), (43.00474, -78.79574), (43.0031, -78.79706), (43.00006, -78.79704), (43.0, -78.7988), (42.99784, -78.79903), (42.99514, -78.80162), (42.98973, -78.80478), (42.98799, -78.80762), (42.98603, -78.81428), (42.98504, -78.81382), (42.93796, -78.81364), (42.93297, -78.82598), (42.93619, -78.82594)]
(75, 73)[(43.0039, -78.78592), (43.0056, -78.78586), (43.00544, -78.79331), (43.00507, -78.79503), (43.00444, -78.79618), (43.0031, -78.79706), (43.00006, -78.79704), (43.0, -78.7988), (42.99784, -78.79903), (42.99514, -78.80162), (42.98982, -78.80472), (42.98805, -78.80759), (42.98451, -78.80773), (42.98452, -78.80916)]
(75, 74)[(43.0039, -78.78592), (43.0056, -78.78582), (43.00508, -78.79602), (43.00807, -78.80303), (43.00693, -78.80417), (43.0018, -78.80407), (42.99681, -78.80754), (42.9914, -78.80045), (42.98448, -78.79394), (42.97815, -78.7829), (42.96872, -78.77053), (42.9648, -78.76768), (42.94772, -78.76587), (42.88726, -78.76781), (42.88402, -78.7689), (42.88425, -78.79843), (42.88525, -78.80138), (42.88474, -78.80969), (42.88557, -78.80967), (42.88558, -78.81204)]
(76, 63)[(42.97942, -78.78584), (42.97916, -78.78536), (42.97876, -78.78542), (42.98087, -78.82304), (42.98098, -78.86906), (42.98312, -78.87023), (42.98659, -78.87144), (42.9866, -78.86953), (42.98591, -78.86947)]
(76, 64)[(42.97942, -78.78584), (42.97916, -78.78536), (42.97876, -78.78542), (42.98088, -78.82347), (42.98075, -78.83635), (42.98097, -78.87238), (42.9805, -78.87232)]
(76, 65)[(42.97942, -78.78584), (42.97916, -78.78536), (42.97876, -78.78542), (42.98087, -78.82304), (42.98075, -78.83635), (42.98099, -78.85858), (42.97439, -78.8584), (42.97444, -78.8659), (42.97206, -78.86606), (42.96492, -78.86882)]
(76, 66)[(42.97942, -78.78584), (42.97916, -78.78536), (42.97876, -78.78542), (42.97951, -78.79889), (42.96304, -78.81387), (42.95945, -78.81391), (42.95766, -78.81852), (42.95805, -78.81935), (42.95867, -78.85862), (42.9546, -78.85893), (42.95458, -78.86438), (42.95153, -78.86452), (42.95154, -78.86807), (42.95186, -78.86807)]
(76, 67)[(42.97942, -78.78584), (42.97876, -78.78542), (42.97951, -78.79889), (42.96304, -78.81387), (42.95945, -78.81391), (42.95737, -78.81898), (42.94598, -78.83169), (42.94747, -78.83553), (42.94777, -78.87822), (42.94316, -78.87842), (42.94373, -78.87914)]
(76, 68)[(42.97942, -78.78584), (42.97876, -78.78542), (42.97872, -78.78693), (42.97852, -78.78381), (42.93331, -78.78413), (42.93273, -78.79228), (42.93321, -78.81081), (42.93007, -78.82096), (42.92939, -78.83308), (42.92745, -78.8376), (42.92324, -78.843), (42.91379, -78.84368), (42.91395, -78.865), (42.90888, -78.86677), (42.90895, -78.87928), (42.9086, -78.87973)]
(76, 69)[(42.97942, -78.78584), (42.97916, -78.78536), (42.97876, -78.78542), (42.97951, -78.79889), (42.96304, -78.81387), (42.95945, -78.81391), (42.95737, -78.81898), (42.94025, -78.83799), (42.94031, -78.84532), (42.93932, -78.84459)]
(76, 70)[(42.97942, -78.78584), (42.97916, -78.78536), (42.97876, -78.78542), (42.98087, -78.82304), (42.97712, -78.82308)]
(76, 71)[(42.97942, -78.78584), (42.97916, -78.78536), (42.97876, -78.78542), (42.97951, -78.79889), (42.97178, -78.80609), (42.96335, -78.81363), (42.96341, -78.81388), (42.96423, -78.81388), (42.96421, -78.81646), (42.96382, -78.81893), (42.96386, -78.82075), (42.96479, -78.82073)]
(76, 72)[(42.97942, -78.78584), (42.97876, -78.78542), (42.97951, -78.79889), (42.97178, -78.80609), (42.96304, -78.81387), (42.93796, -78.81364), (42.93297, -78.82598), (42.93619, -78.82594)]
(76, 73)[(42.97942, -78.78584), (42.97916, -78.78536), (42.97876, -78.78542), (42.98, -78.80785), (42.98451, -78.80773), (42.98452, -78.80916)]
(76, 74)[(42.97942, -78.78584), (42.97876, -78.78542), (42.97872, -78.78693), (42.97852, -78.78381), (42.97645, -78.78387), (42.97604, -78.78008), (42.96872, -78.77053), (42.96353, -78.76733), (42.94772, -78.76587), (42.8868, -78.76792), (42.88402, -78.7689), (42.88425, -78.79843), (42.88525, -78.80138), (42.88474, -78.80969), (42.88557, -78.80967), (42.88558, -78.81204)]
(76, 75)[(42.97942, -78.78584), (42.97916, -78.78536), (42.97876, -78.78542), (42.97951, -78.79889), (42.98867, -78.79054), (42.98905, -78.792), (42.98972, -78.79246), (42.99308, -78.79219), (42.99444, -78.79079), (42.99587, -78.79071), (42.99605, -78.79274), (42.99661, -78.79444), (42.99795, -78.79609), (42.9995, -78.79662), (43.00377, -78.79619), (43.00469, -78.79514), (43.00514, -78.79341), (43.00536, -78.78625), (43.00517, -78.78596), (43.0039, -78.78592)]
(77, 63)[(42.94947, -78.78533), (42.94967, -78.78477), (42.94959, -78.78396), (42.95024, -78.78372), (42.95072, -78.78408), (42.97867, -78.78381), (42.98087, -78.82304), (42.98098, -78.86906), (42.98312, -78.87023), (42.98659, -78.87144), (42.9866, -78.86953), (42.98591, -78.86947)]
(77, 64)[(42.94947, -78.78533), (42.94959, -78.78396), (42.95024, -78.78372), (42.97867, -78.78381), (42.98087, -78.82304), (42.98097, -78.87238), (42.9805, -78.87232)]
(77, 65)[(42.94947, -78.78533), (42.94967, -78.78477), (42.94959, -78.78396), (42.95024, -78.78372), (42.95072, -78.78408), (42.96342, -78.78399), (42.96447, -78.80094), (42.95766, -78.81852), (42.95805, -78.81935), (42.95816, -78.82382), (42.9587, -78.86962), (42.96282, -78.87004), (42.96492, -78.86882)]
(77, 66)[(42.94947, -78.78533), (42.94217, -78.80331), (42.94419, -78.8034), (42.9442, -78.81367), (42.94497, -78.81367), (42.94606, -78.82591), (42.94759, -78.82992), (42.94598, -78.83169), (42.94674, -78.8328), (42.94746, -78.83532), (42.9476, -78.84405), (42.9494, -78.84403), (42.94977, -78.84609), (42.95127, -78.85038), (42.95154, -78.86807), (42.95186, -78.86807)]
(77, 67)[(42.94947, -78.78533), (42.94217, -78.80331), (42.94419, -78.8034), (42.9442, -78.81367), (42.94497, -78.81367), (42.94606, -78.82591), (42.94759, -78.82992), (42.94598, -78.83169), (42.94747, -78.83553), (42.94777, -78.87822), (42.94316, -78.87842), (42.94373, -78.87914)]
(77, 68)[(42.94947, -78.78533), (42.94933, -78.78406), (42.93331, -78.78413), (42.93273, -78.79228), (42.93321, -78.81081), (42.93007, -78.82096), (42.92939, -78.83308), (42.92745, -78.8376), (42.92324, -78.843), (42.91379, -78.84368), (42.91395, -78.865), (42.90888, -78.86677), (42.90895, -78.87928), (42.9086, -78.87973)]
(77, 69)[(42.94947, -78.78533), (42.93796, -78.81364), (42.94096, -78.81366), (42.94085, -78.82162), (42.94009, -78.82295), (42.94031, -78.84532), (42.93932, -78.84459)]
(77, 70)[(42.94947, -78.78533), (42.94967, -78.78477), (42.94959, -78.78396), (42.95024, -78.78372), (42.95072, -78.78408), (42.96342, -78.78399), (42.96452, -78.80054), (42.96337, -78.80394), (42.96938, -78.80398), (42.97552, -78.80931), (42.977, -78.81155), (42.97738, -78.81469), (42.97974, -78.82308), (42.97712, -78.82308)]
(77, 71)[(42.94947, -78.78533), (42.94967, -78.78477), (42.94959, -78.78396), (42.95024, -78.78372), (42.95072, -78.78408), (42.96342, -78.78399), (42.96451, -78.80069), (42.96422, -78.80179), (42.95976, -78.81316), (42.96001, -78.81349), (42.96008, -78.81391), (42.96423, -78.81388), (42.96421, -78.81646), (42.96382, -78.81893), (42.96386, -78.82075), (42.96479, -78.82073)]
(77, 72)[(42.94947, -78.78533), (42.93297, -78.82598), (42.93619, -78.82594)]
(77, 73)[(42.94947, -78.78533), (42.94967, -78.78477), (42.94959, -78.78396), (42.95024, -78.78372), (42.95072, -78.78408), (42.97867, -78.78381), (42.98, -78.80785), (42.98451, -78.80773), (42.98452, -78.80916)]
(77, 74)[(42.94947, -78.78533), (42.94966, -78.78435), (42.94919, -78.78406), (42.88435, -78.7846), (42.88425, -78.79843), (42.88527, -78.80172), (42.88468, -78.80384), (42.88474, -78.80969), (42.88557, -78.80967), (42.88558, -78.81204)]
(77, 75)[(42.94947, -78.78533), (42.94959, -78.78396), (42.95024, -78.78372), (42.97852, -78.78381), (42.97869, -78.7817), (42.98218, -78.78959), (42.98464, -78.79113), (42.98559, -78.79267), (42.98867, -78.79054), (42.98905, -78.792), (42.98972, -78.79246), (42.99308, -78.79219), (42.99444, -78.79079), (42.99587, -78.79071), (42.99689, -78.79494), (42.9995, -78.79662), (43.0035, -78.79631), (43.0048, -78.79488), (43.00536, -78.78621), (43.0039, -78.78592)]
(77, 76)[(42.94947, -78.78533), (42.94967, -78.78477), (42.94959, -78.78396), (42.95024, -78.78372), (42.95072, -78.78408), (42.97867, -78.78381), (42.97876, -78.78542), (42.97916, -78.78536), (42.97942, -78.78584)]
(78, 63)[(42.91313, -78.77339), (42.91326, -78.78432), (42.97867, -78.78381), (42.98087, -78.82304), (42.98098, -78.86906), (42.98659, -78.87144), (42.9866, -78.86953), (42.98591, -78.86947)]
(78, 64)[(42.91313, -78.77339), (42.91326, -78.78432), (42.97867, -78.78381), (42.98087, -78.82304), (42.98097, -78.87238), (42.9805, -78.87232)]
(78, 65)[(42.91313, -78.77339), (42.91326, -78.78432), (42.93331, -78.78413), (42.93273, -78.79228), (42.9332, -78.79844), (42.9331, -78.81174), (42.93007, -78.82096), (42.92988, -78.82971), (42.92917, -78.8338), (42.92745, -78.8376), (42.92354, -78.84342), (42.92995, -78.85427), (42.93297, -78.85763), (42.93429, -78.86656), (42.96282, -78.87004), (42.96492, -78.86882)]
(78, 66)[(42.91313, -78.77339), (42.91326, -78.78432), (42.93331, -78.78413), (42.93273, -78.79228), (42.9332, -78.79844), (42.9331, -78.81174), (42.93007, -78.82096), (42.92939, -78.83308), (42.92745, -78.8376), (42.9237, -78.84279), (42.92363, -78.84384), (42.92995, -78.85427), (42.93297, -78.85763), (42.93429, -78.86656), (42.93534, -78.86626), (42.93691, -78.86722), (42.95152, -78.86887), (42.95186, -78.86807)]
(78, 67)[(42.91313, -78.77339), (42.91326, -78.78432), (42.93331, -78.78413), (42.93273, -78.79228), (42.9332, -78.79844), (42.9331, -78.81174), (42.93007, -78.82096), (42.92988, -78.82971), (42.92917, -78.8338), (42.92745, -78.8376), (42.92355, -78.84357), (42.92995, -78.85427), (42.93297, -78.85763), (42.93429, -78.86656), (42.93534, -78.86626), (42.93691, -78.86722), (42.94779, -78.8685), (42.94777, -78.87822), (42.94316, -78.87842), (42.94373, -78.87914)]
(78, 68)[(42.91313, -78.77339), (42.91326, -78.78432), (42.93331, -78.78413), (42.93273, -78.79228), (42.93321, -78.81081), (42.93016, -78.82049), (42.92964, -78.83189), (42.92745, -78.8376), (42.92278, -78.84327), (42.91379, -78.84368), (42.91395, -78.865), (42.90888, -78.86677), (42.90895, -78.87928), (42.9086, -78.87973)]
(78, 69)[(42.91313, -78.77339), (42.91326, -78.78432), (42.93331, -78.78413), (42.93273, -78.79228), (42.9332, -78.79844), (42.93317, -78.81129), (42.93264, -78.81343), (42.93029, -78.81999), (42.92987, -78.82238), (42.93019, -78.82674), (42.93093, -78.82675), (42.93093, -78.82916), (42.93168, -78.82917), (42.93086, -78.83115), (42.93123, -78.83141), (42.93133, -78.8393), (42.93908, -78.83926), (42.93927, -78.83967), (42.93929, -78.84272), (42.9403, -78.84341), (42.94031, -78.84532), (42.93932, -78.84459)]
(78, 70)[(42.91313, -78.77339), (42.91326, -78.78432), (42.96342, -78.78399), (42.96452, -78.80054), (42.96337, -78.80394), (42.96938, -78.80398), (42.97552, -78.80931), (42.977, -78.81155), (42.97738, -78.81469), (42.97974, -78.82308), (42.97712, -78.82308)]
(78, 71)[(42.91313, -78.77339), (42.91326, -78.78432), (42.93331, -78.78413), (42.93274, -78.79331), (42.9335, -78.799), (42.93806, -78.79903), (42.94232, -78.80336), (42.94889, -78.80343), (42.94898, -78.81371), (42.96423, -78.81388), (42.96386, -78.82075), (42.96479, -78.82073)]
(78, 72)[(42.91313, -78.77339), (42.91326, -78.78432), (42.93331, -78.78413), (42.93273, -78.79228), (42.9332, -78.79844), (42.93317, -78.81129), (42.93264, -78.81343), (42.93029, -78.81999), (42.92986, -78.82297), (42.93019, -78.82674), (42.93266, -78.82674), (42.93297, -78.82598), (42.93619, -78.82594)]
(78, 73)[(42.91313, -78.77339), (42.91326, -78.78432), (42.97867, -78.78381), (42.98, -78.80785), (42.98451, -78.80773), (42.98452, -78.80916)]
(78, 74)[(42.91313, -78.77339), (42.91326, -78.78432), (42.90441, -78.78406), (42.89716, -78.7842), (42.893, -78.78469), (42.88435, -78.7846), (42.88457, -78.79674), (42.88425, -78.79843), (42.88527, -78.80172), (42.88468, -78.80384), (42.88474, -78.80969), (42.88557, -78.80967), (42.88558, -78.81204)]
(78, 75)[(42.91313, -78.77339), (42.91347, -78.77126), (42.91884, -78.77128), (42.91889, -78.76257), (42.92169, -78.75707), (42.92202, -78.75412), (42.93037, -78.75414), (42.93073, -78.76127), (42.93568, -78.76595), (42.94488, -78.76612), (42.9489, -78.76281), (42.95396, -78.76595), (42.96664, -78.76835), (42.97824, -78.7826), (42.98251, -78.79003), (42.98559, -78.79267), (42.98867, -78.79054), (42.98972, -78.79246), (42.99587, -78.79071), (42.99795, -78.79609), (43.0035, -78.79631), (43.00524, -78.79237), (43.00535, -78.78615), (43.0039, -78.78592)]
(78, 76)[(42.91313, -78.77339), (42.91326, -78.78432), (42.97867, -78.78381), (42.97876, -78.78542), (42.97942, -78.78584)]
(78, 77)[(42.91313, -78.77339), (42.91326, -78.78432), (42.94973, -78.78386), (42.94981, -78.78439), (42.94947, -78.78533)]
(79, 63)[(42.92248, -78.75324), (42.92246, -78.75415), (42.93037, -78.75414), (42.93073, -78.76127), (42.93568, -78.76595), (42.94488, -78.76612), (42.9489, -78.76281), (42.95396, -78.76595), (42.96363, -78.76709), (42.96752, -78.76899), (42.97824, -78.7826), (42.98437, -78.79335), (42.99259, -78.80143), (43.00202, -78.81395), (43.00392, -78.81929), (43.00419, -78.82561), (43.00141, -78.83605), (43.00062, -78.85131), (42.99602, -78.86271), (42.99558, -78.87578), (42.99683, -78.87688), (42.99682, -78.87486), (42.99091, -78.87373), (42.98659, -78.87144), (42.98591, -78.86947)]
(79, 64)[(42.92248, -78.75324), (42.92246, -78.75415), (42.93037, -78.75414), (42.93027, -78.75939), (42.93073, -78.76127), (42.93212, -78.76323), (42.93355, -78.76367), (42.93587, -78.76601), (42.94488, -78.76612), (42.9461, -78.76549), (42.94765, -78.76333), (42.9489, -78.76281), (42.95134, -78.76353), (42.95396, -78.76595), (42.96529, -78.76757), (42.96832, -78.76976), (42.97592, -78.77955), (42.97849, -78.7817), (42.98087, -78.82304), (42.98097, -78.87238), (42.9805, -78.87232)]
(79, 65)[(42.92248, -78.75324), (42.92246, -78.75415), (42.93037, -78.75414), (42.93028, -78.75959), (42.93245, -78.76452), (42.93306, -78.77511), (42.93273, -78.79279), (42.9332, -78.79844), (42.93317, -78.81129), (42.93007, -78.82096), (42.92939, -78.83308), (42.92745, -78.8376), (42.9237, -78.84279), (42.92363, -78.84384), (42.92995, -78.85427), (42.93297, -78.85763), (42.93434, -78.8666), (42.93534, -78.86626), (42.93691, -78.86722), (42.96282, -78.87004), (42.96492, -78.86882)]
(79, 66)[(42.92248, -78.75324), (42.92246, -78.75415), (42.93037, -78.75414), (42.93028, -78.75959), (42.93245, -78.76452), (42.93306, -78.77511), (42.93273, -78.79279), (42.9332, -78.79844), (42.93317, -78.81129), (42.93007, -78.82096), (42.92939, -78.83308), (42.92745, -78.8376), (42.92386, -78.84251), (42.92358, -78.84371), (42.92995, -78.85427), (42.93297, -78.85763), (42.93429, -78.86656), (42.93534, -78.86626), (42.93691, -78.86722), (42.95152, -78.86887), (42.95186, -78.86807)]
(79, 67)[(42.92248, -78.75324), (42.92246, -78.75415), (42.93037, -78.75414), (42.93028, -78.75959), (42.93245, -78.76452), (42.93306, -78.77511), (42.93273, -78.79279), (42.9332, -78.79844), (42.93317, -78.81129), (42.93007, -78.82096), (42.92939, -78.83308), (42.92745, -78.8376), (42.92355, -78.84357), (42.92995, -78.85427), (42.93297, -78.85763), (42.93429, -78.86656), (42.93534, -78.86626), (42.93691, -78.86722), (42.94779, -78.8685), (42.94777, -78.87822), (42.94316, -78.87842), (42.94373, -78.87914)]
(79, 68)[(42.92248, -78.75324), (42.92246, -78.75415), (42.93037, -78.75414), (42.93035, -78.76007), (42.93245, -78.76452), (42.93306, -78.77511), (42.93273, -78.79279), (42.9332, -78.79844), (42.93317, -78.81129), (42.93016, -78.82049), (42.92964, -78.83189), (42.92745, -78.8376), (42.92278, -78.84327), (42.91379, -78.84368), (42.91395, -78.865), (42.90888, -78.86677), (42.90895, -78.87928), (42.9086, -78.87973)]
(79, 69)[(42.92248, -78.75324), (42.92246, -78.75415), (42.93037, -78.75414), (42.93035, -78.76007), (42.93245, -78.76452), (42.93306, -78.77511), (42.93273, -78.79279), (42.9332, -78.79844), (42.93321, -78.81081), (42.93029, -78.81999), (42.92986, -78.82297), (42.93019, -78.82674), (42.93093, -78.82675), (42.93093, -78.82916), (42.93168, -78.82917), (42.93086, -78.83115), (42.93123, -78.83141), (42.93133, -78.8393), (42.93908, -78.83926), (42.93929, -78.84272), (42.9403, -78.84341), (42.94031, -78.84532), (42.93932, -78.84459)]
(79, 70)[(42.92248, -78.75324), (42.92246, -78.75415), (42.93037, -78.75414), (42.93027, -78.75939), (42.93073, -78.76127), (42.93212, -78.76323), (42.93355, -78.76367), (42.93587, -78.76601), (42.94488, -78.76612), (42.9461, -78.76549), (42.94765, -78.76333), (42.9489, -78.76281), (42.95134, -78.76353), (42.95396, -78.76595), (42.96529, -78.76757), (42.96832, -78.76976), (42.97592, -78.77955), (42.97849, -78.7817), (42.98087, -78.82304), (42.97712, -78.82308)]
(79, 71)[(42.92248, -78.75324), (42.92246, -78.75415), (42.93037, -78.75414), (42.93035, -78.76007), (42.93256, -78.76532), (42.93306, -78.77511), (42.93274, -78.79331), (42.9335, -78.799), (42.93806, -78.79903), (42.94232, -78.80336), (42.94889, -78.80343), (42.94898, -78.81371), (42.96423, -78.81388), (42.96386, -78.82075), (42.96479, -78.82073)]
(79, 72)[(42.92248, -78.75324), (42.92246, -78.75415), (42.93037, -78.75414), (42.93035, -78.76007), (42.93245, -78.76452), (42.93306, -78.77511), (42.93308, -78.78719), (42.93273, -78.79279), (42.9332, -78.79844), (42.93321, -78.81081), (42.93264, -78.81343), (42.93029, -78.81999), (42.92986, -78.82297), (42.93019, -78.82674), (42.93266, -78.82674), (42.93297, -78.82598), (42.93619, -78.82594)]
(79, 73)[(42.92248, -78.75324), (42.92246, -78.75415), (42.93037, -78.75414), (42.93027, -78.75939), (42.93073, -78.76127), (42.93212, -78.76323), (42.93355, -78.76367), (42.93568, -78.76595), (42.94488, -78.76612), (42.9461, -78.76549), (42.94765, -78.76333), (42.9489, -78.76281), (42.95134, -78.76353), (42.95396, -78.76595), (42.96363, -78.76709), (42.96752, -78.76899), (42.97592, -78.77955), (42.97849, -78.7817), (42.98, -78.80785), (42.98451, -78.80773), (42.98452, -78.80916)]
(79, 74)[(42.92248, -78.75324), (42.92246, -78.75415), (42.88562, -78.7546), (42.88505, -78.75514), (42.88376, -78.75859), (42.88457, -78.79634), (42.88425, -78.79843), (42.88525, -78.80138), (42.8852, -78.80232), (42.88468, -78.80384), (42.88474, -78.80969), (42.88557, -78.80967), (42.88558, -78.81204)]
(79, 75)[(42.92248, -78.75324), (42.92246, -78.75415), (42.93037, -78.75414), (42.93073, -78.76127), (42.93587, -78.76601), (42.94488, -78.76612), (42.9489, -78.76281), (42.95396, -78.76595), (42.96664, -78.76835), (42.97824, -78.7826), (42.98251, -78.79003), (42.98559, -78.79267), (42.98867, -78.79054), (42.98972, -78.79246), (42.99587, -78.79071), (42.99795, -78.79609), (43.0035, -78.79631), (43.00524, -78.79237), (43.00535, -78.78615), (43.0039, -78.78592)]
(79, 76)[(42.92248, -78.75324), (42.92246, -78.75415), (42.93037, -78.75414), (42.93027, -78.75939), (42.93073, -78.76127), (42.93212, -78.76323), (42.93355, -78.76367), (42.93587, -78.76601), (42.94488, -78.76612), (42.9461, -78.76549), (42.94765, -78.76333), (42.9489, -78.76281), (42.95134, -78.76353), (42.95396, -78.76595), (42.96529, -78.76757), (42.96832, -78.76976), (42.97592, -78.77955), (42.97849, -78.7817), (42.97876, -78.78542), (42.97942, -78.78584)]
(79, 77)[(42.92248, -78.75324), (42.92246, -78.75415), (42.93037, -78.75414), (42.93035, -78.76007), (42.93073, -78.76127), (42.93212, -78.76351), (42.93252, -78.76498), (42.93331, -78.78413), (42.94973, -78.78386), (42.94981, -78.78439), (42.94947, -78.78533)]
(79, 78)[(42.92248, -78.75324), (42.92246, -78.75415), (42.92202, -78.75412), (42.92189, -78.75639), (42.92169, -78.75707), (42.91908, -78.76199), (42.91889, -78.76257), (42.91883, -78.76301), (42.91884, -78.77128), (42.91369, -78.7712), (42.91347, -78.77126), (42.91325, -78.77141), (42.91313, -78.77168), (42.91313, -78.77339)]
(80, 63)[(42.96534, -78.74338), (42.96318, -78.74291), (42.95985, -78.76447), (42.96119, -78.76488), (42.96215, -78.76662), (42.96664, -78.76835), (42.96935, -78.77099), (42.97898, -78.78369), (42.98437, -78.79335), (42.99223, -78.80102), (43.00102, -78.81241), (43.00296, -78.81592), (43.00399, -78.81965), (43.00419, -78.82561), (43.00203, -78.83294), (43.0012, -78.83787), (43.00094, -78.84986), (42.99993, -78.85333), (42.99686, -78.85942), (42.99591, -78.86357), (42.99558, -78.87578), (42.99596, -78.87711), (42.99683, -78.87688), (42.99682, -78.87486), (42.99091, -78.87373), (42.98659, -78.87144), (42.9866, -78.86953), (42.98591, -78.86947)]
(80, 64)[(42.96534, -78.74338), (42.96318, -78.74291), (42.95981, -78.76437), (42.96119, -78.76488), (42.96215, -78.76662), (42.96752, -78.76899), (42.97858, -78.78229), (42.98087, -78.82304), (42.98097, -78.87238), (42.9805, -78.87232)]
(80, 65)[(42.96534, -78.74338), (42.96318, -78.74291), (42.95906, -78.76806), (42.96021, -78.77373), (42.96342, -78.78399), (42.96451, -78.80069), (42.95766, -78.81852), (42.95816, -78.82382), (42.9587, -78.86962), (42.96282, -78.87004), (42.96492, -78.86882)]
(80, 66)[(42.96534, -78.74338), (42.96318, -78.74291), (42.95906, -78.76806), (42.96021, -78.77373), (42.96342, -78.78399), (42.96452, -78.80054), (42.95766, -78.81852), (42.95805, -78.81935), (42.95867, -78.85862), (42.9546, -78.85893), (42.95458, -78.86438), (42.95153, -78.86452), (42.95154, -78.86807), (42.95186, -78.86807)]
(80, 67)[(42.96534, -78.74338), (42.96318, -78.74291), (42.95906, -78.76806), (42.96021, -78.77373), (42.96342, -78.78399), (42.96447, -78.80094), (42.95753, -78.81875), (42.94598, -78.83169), (42.94747, -78.83553), (42.94777, -78.87822), (42.94316, -78.87842), (42.94373, -78.87914)]
(80, 68)[(42.96534, -78.74338), (42.96318, -78.74291), (42.95922, -78.76693), (42.95953, -78.76807), (42.96192, -78.76876), (42.96222, -78.76769), (42.96142, -78.76701), (42.94772, -78.76587), (42.94422, -78.7665), (42.93651, -78.76649), (42.93451, -78.76854), (42.93273, -78.76903), (42.93321, -78.81081), (42.93007, -78.82096), (42.92939, -78.83308), (42.92745, -78.8376), (42.92324, -78.843), (42.91379, -78.84368), (42.91395, -78.865), (42.90888, -78.86677), (42.90895, -78.87928), (42.9086, -78.87973)]
(80, 69)[(42.96534, -78.74338), (42.96318, -78.74291), (42.95906, -78.76806), (42.96021, -78.77373), (42.96342, -78.78399), (42.96441, -78.80122), (42.95753, -78.81875), (42.94025, -78.83799), (42.94031, -78.84532), (42.93932, -78.84459)]
(80, 70)[(42.96534, -78.74338), (42.96318, -78.74291), (42.95978, -78.76427), (42.95999, -78.76464), (42.96119, -78.76488), (42.96215, -78.76662), (42.96529, -78.76757), (42.96752, -78.76899), (42.96935, -78.77099), (42.97592, -78.77955), (42.97766, -78.78137), (42.97849, -78.7817), (42.98087, -78.82304), (42.97712, -78.82308)]
(80, 71)[(42.96534, -78.74338), (42.96318, -78.74291), (42.95906, -78.76806), (42.96021, -78.77373), (42.96342, -78.78399), (42.96452, -78.80054), (42.96422, -78.80179), (42.95976, -78.81316), (42.96008, -78.81391), (42.96423, -78.81388), (42.96386, -78.82075), (42.96479, -78.82073)]
(80, 72)[(42.96534, -78.74338), (42.96318, -78.74291), (42.95899, -78.76805), (42.95652, -78.77041), (42.95054, -78.78285), (42.95034, -78.78394), (42.94985, -78.7841), (42.93297, -78.82598), (42.93619, -78.82594)]
(80, 73)[(42.96534, -78.74338), (42.96318, -78.74291), (42.95983, -78.76307), (42.95981, -78.76437), (42.96119, -78.76488), (42.96215, -78.76662), (42.96529, -78.76757), (42.96752, -78.76899), (42.96935, -78.77099), (42.97592, -78.77955), (42.97766, -78.78137), (42.97849, -78.7817), (42.98, -78.80785), (42.98451, -78.80773), (42.98452, -78.80916)]
(80, 74)[(42.96534, -78.74338), (42.96318, -78.74291), (42.95927, -78.76655), (42.95945, -78.768), (42.96168, -78.76887), (42.96225, -78.76787), (42.96142, -78.76701), (42.94772, -78.76587), (42.89289, -78.76746), (42.88402, -78.7689), (42.88425, -78.79843), (42.88525, -78.80138), (42.88474, -78.80969), (42.88557, -78.80967), (42.88558, -78.81204)]
(80, 75)[(42.96534, -78.74338), (42.96318, -78.74291), (42.95981, -78.76437), (42.96119, -78.76488), (42.96215, -78.76662), (42.96529, -78.76757), (42.96832, -78.76976), (42.97824, -78.7826), (42.98251, -78.79003), (42.98464, -78.79113), (42.98574, -78.79273), (42.98867, -78.79054), (42.98905, -78.792), (42.98972, -78.79246), (42.99308, -78.79219), (42.99444, -78.79079), (42.99587, -78.79071), (42.99661, -78.79444), (42.99795, -78.79609), (42.99928, -78.79661), (43.0033, -78.79637), (43.00469, -78.79514), (43.00524, -78.79237), (43.00535, -78.78615), (43.0039, -78.78592)]
(80, 76)[(42.96534, -78.74338), (42.96318, -78.74291), (42.95983, -78.76307), (42.95981, -78.76437), (42.95999, -78.76464), (42.96119, -78.76488), (42.96187, -78.76634), (42.96215, -78.76662), (42.96529, -78.76757), (42.96664, -78.76835), (42.96832, -78.76976), (42.97592, -78.77955), (42.97766, -78.78137), (42.97849, -78.7817), (42.97876, -78.78542), (42.97916, -78.78536), (42.97942, -78.78584)]
(80, 77)[(42.96534, -78.74338), (42.96318, -78.74291), (42.95899, -78.76805), (42.95739, -78.76937), (42.95652, -78.77041), (42.95054, -78.78285), (42.95031, -78.78339), (42.95034, -78.78394), (42.94985, -78.7841), (42.94947, -78.78533)]
(80, 78)[(42.96534, -78.74338), (42.96318, -78.74291), (42.96105, -78.75549), (42.95904, -78.75482), (42.94849, -78.75438), (42.92202, -78.75412), (42.92169, -78.75707), (42.91889, -78.76257), (42.91884, -78.77128), (42.91347, -78.77126), (42.91313, -78.77339)]
(80, 79)[(42.96534, -78.74338), (42.96318, -78.74291), (42.96105, -78.75549), (42.95904, -78.75482), (42.94849, -78.75438), (42.92246, -78.75415), (42.92248, -78.75324)]
