(64, 63)[(42.91536, -78.86511), (42.91535, -78.86445), (42.95737, -78.81898), (42.95976, -78.81316), (42.96008, -78.81391), (42.96304, -78.81387), (42.97761, -78.80065)]
(65, 63)[(42.92247, -78.75388), (42.93037, -78.75414), (42.93027, -78.75939), (42.93073, -78.76127), (42.93212, -78.76323), (42.93355, -78.76367), (42.93587, -78.76601), (42.94488, -78.76612), (42.9461, -78.76549), (42.94765, -78.76333), (42.9489, -78.76281), (42.95134, -78.76353), (42.95396, -78.76595), (42.96363, -78.76709), (42.96752, -78.76899), (42.97592, -78.77955), (42.97849, -78.7817), (42.97951, -78.79889), (42.97761, -78.80065)]
(65, 64)[(42.92247, -78.75388), (42.93037, -78.75414), (42.93035, -78.76007), (42.93245, -78.76452), (42.93306, -78.77511), (42.93273, -78.79279), (42.9332, -78.79844), (42.93321, -78.81081), (42.93016, -78.82049), (42.92964, -78.83189), (42.92745, -78.8376), (42.92278, -78.84327), (42.91469, -78.84368), (42.91536, -78.86511)]
(66, 63)[(42.97481, -78.85842), (42.98079, -78.8586), (42.9807, -78.82266), (42.97947, -78.80076), (42.97761, -78.80065)]
(66, 64)[(42.97481, -78.85842), (42.94812, -78.85904), (42.94123, -78.85564), (42.94047, -78.86027), (42.9395, -78.8604), (42.93534, -78.86626), (42.93199, -78.86529), (42.92922, -78.86601), (42.92768, -78.86773), (42.9223, -78.86735), (42.91539, -78.86918), (42.91536, -78.86511)]
(66, 65)[(42.97481, -78.85842), (42.98079, -78.8586), (42.98071, -78.82304), (42.97937, -78.79902), (42.98302, -78.79541), (42.98209, -78.78995), (42.97711, -78.78146), (42.96872, -78.77053), (42.96641, -78.76853), (42.96353, -78.76733), (42.95816, -78.76651), (42.94772, -78.76587), (42.9436, -78.76652), (42.93204, -78.76643), (42.93098, -78.76729), (42.93136, -78.7685), (42.93238, -78.76798), (42.93244, -78.76519), (42.93022, -78.76045), (42.92993, -78.75412), (42.92247, -78.75388)]
(67, 63)[(43.01874, -78.82288), (43.01874, -78.82223), (43.00331, -78.82247), (43.00288, -78.82291), (43.00321, -78.82437), (43.00402, -78.82361), (43.0039, -78.82056), (43.00207, -78.81467), (42.99067, -78.79973), (42.9866, -78.79653), (42.9846, -78.79644), (42.98362, -78.79532), (42.97761, -78.80065)]
(67, 64)[(43.01874, -78.82288), (42.95816, -78.82382), (42.95398, -78.82275), (42.91536, -78.86511)]
(67, 65)[(43.01874, -78.82288), (43.00331, -78.82247), (43.00308, -78.82426), (43.00402, -78.82361), (43.00371, -78.81938), (43.00127, -78.81321), (42.99179, -78.8009), (42.98483, -78.79439), (42.97815, -78.7829), (42.9673, -78.76914), (42.96353, -78.76733), (42.94772, -78.76587), (42.93204, -78.76643), (42.93098, -78.76729), (42.93136, -78.7685), (42.93238, -78.76798), (42.93244, -78.76519), (42.93022, -78.76045), (42.92993, -78.75412), (42.92247, -78.75388)]
(67, 66)[(43.01874, -78.82288), (43.01874, -78.82223), (43.00476, -78.82265), (43.00426, -78.82601), (43.00141, -78.83605), (43.00105, -78.85117), (43.00057, -78.85344), (42.99837, -78.85202), (42.99542, -78.85266), (42.98727, -78.85276), (42.98663, -78.85381), (42.9866, -78.85722), (42.98569, -78.85852), (42.97481, -78.85842)]
