21 6 
59.224880877598935 87.4688532548143 28.906422933413218 54.86197053607539 38.46620599281811 33.872696175766634
56.68668633418189 80.30894763294604 25.14695628931929 52.83479129228129 51.99370480184274 39.416900205773906
65.32247311448059 83.72428161886904 27.539724058316033 51.62905418134869 42.73416293431291 45.450543356154256
56.70512925164608 113.40084753567476 25.901134244729487 50.15605659279871 36.59529686569014 35.98090739360555
57.3882652699552 93.58737753709602 25.981183198915307 54.610551356385464 37.85153773820547 33.228040029204145
65.68716863949427 101.13260602067335 28.124122999701658 47.63808017635357 51.453546879673134 31.864609382945318
68.78369118240813 91.6889723287986 25.107253799065877 47.416835519899415 37.687626484093826 37.814362928383666
56.67432692191108 81.65038826981709 29.374046812676394 50.93269022285259 42.68192863255617 34.49668264478576
77.60398381752155 92.77691577922484 35.19793876754275 52.78120959695007 37.740141851664404 33.25216621222757
56.28862487754059 89.7665297865044 25.076264212705958 48.876091850170326 36.83178123384969 39.49762830729016
58.29061121880792 89.94677229040799 30.94507997472321 55.02834084231557 42.47077922709493 33.07211675599233
70.81024294381652 79.96955016570986 25.767070454257833 55.577826331284896 40.24325837923083 33.55013844515223
65.48746264150114 97.82587573044833 27.7852163145074 53.77707617829818 37.21713753318179 34.65219712978032
64.41242152150949 91.92186720835396 29.077774441507465 50.04151172350298 41.58964649799545 34.5693258673637
56.19013636913014 102.36217439313629 28.128983549294958 72.44121451263503 37.29729972275253 31.929948470517406
71.66491380872432 89.26564005247994 25.465745626088093 52.000938820458565 43.64062134532564 35.38422990597379
73.65720777174755 89.8069289057173 25.629367806254628 63.69967560964885 36.18400136633396 32.44965546075758
67.57192047100628 79.58816214738675 30.525548418151466 58.045800729802835 41.298490789603775 36.580088794394
64.66962879704522 81.7326650746914 26.094715336865086 55.19533848960738 45.72203764585087 37.647366920087435
65.43471809747406 81.01417041039876 26.90001640512044 53.171480931846816 39.61371213167707 41.813269866084354
59.13477906552693 82.10790687044798 28.250420478905035 50.62119370644664 40.47738783483277 31.838357467819847
