9 4 
145.97717833924543 160.4489031193368 68.98997916029097 117.1878475262686
115.85259835928635 231.37557510428897 62.463834445869395 128.17326508077403
113.57060277150843 159.1418314114041 59.3512820663912 114.42387902005481
114.29243493808308 165.9261867046436 60.171799364472754 99.80827953437442
135.13334902898447 208.3528646555048 53.415452164643476 116.00786194444667
114.33694359354612 190.31496301032945 56.79963923695767 111.62491354172461
115.98556918287412 186.67185078597302 51.33136496445748 111.88733623319911
136.0134759125576 158.8080723743995 53.939776856113824 97.36107618522061
143.4863746696961 211.2491835198204 76.6048244795601 123.35885647044259
