31 2 
90.49664118787939 143.3006005991805
102.28551334761089 138.65084352147437
91.47707626292207 138.9292409961689
87.55665274534408 123.51870583478309
100.89524480641342 151.09908136710393
87.58513915413685 141.97991675537995
88.64029173053399 158.10572000561325
101.45854320161614 137.87718340228616
106.24134435901159 138.71324285861834
87.53756274664575 122.92962468643918
119.86491894603525 126.24196326644477
86.94181827565959 125.132196725321
90.03402976690647 126.82155113321318
109.37149890355595 141.0828723332837
101.15008296433281 122.73413531342739
99.4896048500332 134.4124585170346
86.78969571059264 126.4150332385983
110.69159935340656 126.80572621399087
113.76884027129532 137.264720155534
104.3696775842117 122.54036033903368
99.88687993460766 143.36519277846827
101.06861523312048 171.78971998627765
91.3379075518634 122.38911022184868
96.21192218808734 151.03289595789568
88.33633840104002 125.76071137112969
92.09305676960818 135.61062657535297
124.73598444672623 141.91918345335077
102.94203193855914 137.28844292120866
111.2414540612943 124.29004264254134
100.85386903958894 125.08862942059076
89.81186457260864 148.9852985373522
