32 4 
107.83550735529005 138.65084352147437 43.63480061613559 86.85708887272385
88.55518780639105 138.9292409961689 44.45066886647146 82.30158083237816
87.09466606066692 123.51870583478309 42.80819280485019 76.1128540878215
87.55665274534408 151.09908136710393 41.83127162366807 85.05508228954268
100.89524480641342 141.97991675537995 40.63780869461248 76.27679396720416
87.58513915413685 158.10572000561325 44.24696217139881 89.24953569567728
88.64029173053399 137.87718340228616 38.59767534163004 73.99998492237233
101.45854320161614 138.71324285861834 38.41841687048101 84.45963907659021
106.24134435901159 122.92962468643918 41.26705850067605 93.50624498818117
87.53756274664575 126.24196326644477 42.76477944996702 81.01409434476547
119.86491894603525 125.132196725321 39.60074625628974 82.78039952379427
86.94181827565959 126.82155113321318 44.58546663840043 78.12890801199734
90.03402976690647 141.0828723332837 45.03067480862184 90.91686573501077
109.37149890355595 122.73413531342739 43.57165778864393 104.8337369585816
101.15008296433281 134.4124585170346 40.545001308992425 82.99159267854114
99.4896048500332 126.4150332385983 58.69385308478416 76.64197940989264
86.78969571059264 126.80572621399087 42.132582728392805 73.49716486694807
110.69159935340656 137.264720155534 51.611219206285256 87.2205409168939
113.76884027129532 122.54036033903368 47.03029515924911 79.56816106660372
104.3696775842117 143.36519277846827 44.72077269920565 76.69762754384504
99.88687993460766 171.78971998627765 43.080987958448574 91.10306875778222
101.06861523312048 122.38911022184868 41.01467550443068 76.28233531759832
91.3379075518634 151.03289595789568 41.266079570972785 77.38491399590359
96.21192218808734 125.76071137112969 55.778216337298915 79.92686227035867
88.33633840104002 135.61062657535297 45.84469204931529 79.73571594989487
92.09305676960818 141.91918345335077 39.25899093518331 73.64787243200337
124.73598444672623 137.28844292120866 40.60667091732673 81.6153290264802
102.94203193855914 124.29004264254134 55.19874146521758 74.84660014540918
111.2414540612943 125.08862942059076 40.43082891055299 84.37363171971414
100.85386903958894 148.9852985373522 45.788655723480865 86.83535705958167
89.81186457260864 127.35983974650888 40.48716676038593 96.44420090141193
102.05055936651611 131.29025299979313 39.512688499106964 73.4366136356161
