38 4 
104.84222596047188 134.050009793428 43.78072027688621 77.35952031383337
86.09708655035337 134.86286204021505 42.36220242650217 74.56866661822629
84.6771057421685 119.51736310887219 39.41955941097986 88.5742438149455
85.12626867164838 122.73775830503294 57.064638156068405 74.16490200959575
98.0946101498747 121.65879649253343 40.963072990000036 75.23687547886517
85.15396435909587 123.30125806111492 50.17860293727599 77.70826474485332
86.17982817288517 137.16671570510226 45.724835473978914 77.52242423449573
98.64227259503235 119.3273000997499 43.479420382464696 71.60356613878645
103.29231349497033 130.6814582075983 41.885152533837065 79.34986330096524
85.10770857019199 122.90602422757097 39.876196462481836 72.76901975305748
116.5377269981137 123.28587240756163 40.12062209368833 82.0316014531178
84.52850068242228 133.45454720709353 54.22993320409594 84.42499460037368
87.53487904363067 119.13890390123309 44.572142152459335 93.76711763564529
106.33558169205011 139.385683851094 38.169245914942024 71.39817143151257
98.34237454947925 167.0212074131254 39.479517203829815 80.0323643684357
96.72798773078286 118.99185216149202 53.66654330621194 75.13399542036838
84.38060071207309 146.8405481073238 39.30855619238139 75.45850738759943
107.61903899705224 122.26986492566309 44.517661274321746 91.82319545504836
110.61086233577072 131.8463677016015 39.363330224860796 84.12390664134894
101.47260015806589 137.97981262998104 38.41590138098319 83.62216508534466
97.1142353147831 133.47761147989442 44.297430417569224 97.05875128912142
98.26316818699505 120.8400187930006 41.97410479092297 93.79435187817913
88.80256398997119 121.61643852233381 38.817831700282476 81.8749567171556
93.54128647904909 144.84978758042797 43.37840052298641 74.29925848453077
85.88431193306955 123.82460494203752 38.90144163349426 73.05942345913488
89.5367518921046 127.64591838994653 45.51758697638288 85.48072619589925
121.27358221330829 134.0538538201624 37.74026076102315 97.08121367959644
100.08458288023326 136.56034592331622 43.07472232428432 104.7700170350279
108.15363092269564 131.5143678792164 47.68852415767409 76.03586042350076
98.05438288520939 128.51309258136206 41.31748201161067 83.73437984798917
87.31888067655866 124.84656259217174 42.21830406056137 72.2651682186878
99.21785566646166 135.93452279274464 39.84602651527462 79.19986492603566
95.99847678953464 118.57891075435826 46.3679313450357 83.9639363388171
96.19123243987144 118.0281969078843 53.46558615545379 77.8294187426225
85.52135215331211 126.77972970482764 42.32601333563016 79.68074055799573
104.61733435681076 131.38099434600036 39.0876875340529 75.0773885826176
98.30344624705005 121.66052267572282 37.483820708670564 94.44871603240904
109.46856078737638 136.97446860884003 44.4827922785952 75.87199751110133
