35 4 
107.83550735529005 151.09908136710393 38.59767534163004 81.01409434476547
88.55518780639105 141.97991675537995 38.41841687048101 82.78039952379427
87.09466606066692 158.10572000561325 41.26705850067605 78.12890801199734
87.55665274534408 137.87718340228616 42.76477944996702 90.91686573501077
100.89524480641342 138.71324285861834 39.60074625628974 104.8337369585816
87.58513915413685 122.92962468643918 44.58546663840043 82.99159267854114
88.64029173053399 126.24196326644477 45.03067480862184 76.64197940989264
101.45854320161614 125.132196725321 43.57165778864393 73.49716486694807
106.24134435901159 126.82155113321318 40.545001308992425 87.2205409168939
87.53756274664575 141.0828723332837 58.69385308478416 79.56816106660372
119.86491894603525 122.73413531342739 42.132582728392805 76.69762754384504
86.94181827565959 134.4124585170346 51.611219206285256 91.10306875778222
90.03402976690647 126.4150332385983 47.03029515924911 76.28233531759832
109.37149890355595 126.80572621399087 44.72077269920565 77.38491399590359
101.15008296433281 137.264720155534 43.080987958448574 79.92686227035867
99.4896048500332 122.54036033903368 41.01467550443068 79.73571594989487
86.78969571059264 143.36519277846827 41.266079570972785 73.64787243200337
110.69159935340656 171.78971998627765 55.778216337298915 81.6153290264802
113.76884027129532 122.38911022184868 45.84469204931529 74.84660014540918
104.3696775842117 151.03289595789568 39.25899093518331 84.37363171971414
99.88687993460766 125.76071137112969 40.60667091732673 86.83535705958167
101.06861523312048 135.61062657535297 55.19874146521758 96.44420090141193
91.3379075518634 141.91918345335077 40.43082891055299 73.4366136356161
96.21192218808734 137.28844292120866 45.788655723480865 82.31731573276163
88.33633840104002 124.29004264254134 40.48716676038593 77.2790966765639
92.09305676960818 125.08862942059076 39.512688499106964 77.61287357140411
124.73598444672623 148.9852985373522 45.562137200475135 94.4447790779674
102.94203193855914 127.35983974650888 43.172479832885436 86.5256729363903
111.2414540612943 131.29025299979313 39.9260940664349 86.0096064874258
100.85386903958894 137.88113717729803 44.61686868820241 99.82981182104436
89.81186457260864 140.45919048692087 40.01209109182459 96.47221269088101
102.05055936651611 135.26914804453403 46.817129646192214 84.21251472298623
98.73926612200586 132.18218531084463 38.81775810845785 76.42052771582678
98.93752501205941 128.41097463694314 44.30452037310533 75.14529497657882
87.96301599548116 139.81549989201395 49.05004782621315 87.9212301530949
