31 4 
107.83550735529005 143.3006005991805 40.30515941202219 87.28891101042245
88.55518780639105 138.65084352147437 41.54900467002542 77.18245142975776
87.09466606066692 138.9292409961689 43.63480061613559 75.32476102836101
87.55665274534408 123.51870583478309 44.45066886647146 86.85708887272385
100.89524480641342 151.09908136710393 42.80819280485019 82.30158083237816
87.58513915413685 141.97991675537995 41.83127162366807 76.1128540878215
88.64029173053399 158.10572000561325 40.63780869461248 85.05508228954268
101.45854320161614 137.87718340228616 44.24696217139881 76.27679396720416
106.24134435901159 138.71324285861834 38.59767534163004 89.24953569567728
87.53756274664575 122.92962468643918 38.41841687048101 73.99998492237233
119.86491894603525 126.24196326644477 41.26705850067605 84.45963907659021
86.94181827565959 125.132196725321 42.76477944996702 93.50624498818117
90.03402976690647 126.82155113321318 39.60074625628974 81.01409434476547
109.37149890355595 141.0828723332837 44.58546663840043 82.78039952379427
101.15008296433281 122.73413531342739 45.03067480862184 78.12890801199734
99.4896048500332 134.4124585170346 43.57165778864393 90.91686573501077
86.78969571059264 126.4150332385983 40.545001308992425 104.8337369585816
110.69159935340656 126.80572621399087 58.69385308478416 82.99159267854114
113.76884027129532 137.264720155534 42.132582728392805 76.64197940989264
104.3696775842117 122.54036033903368 51.611219206285256 73.49716486694807
99.88687993460766 143.36519277846827 47.03029515924911 87.2205409168939
101.06861523312048 171.78971998627765 44.72077269920565 79.56816106660372
91.3379075518634 122.38911022184868 43.080987958448574 76.69762754384504
96.21192218808734 151.03289595789568 41.01467550443068 91.10306875778222
88.33633840104002 125.76071137112969 41.266079570972785 76.28233531759832
92.09305676960818 135.61062657535297 55.778216337298915 77.38491399590359
124.73598444672623 141.91918345335077 45.84469204931529 79.92686227035867
102.94203193855914 137.28844292120866 39.25899093518331 79.73571594989487
111.2414540612943 124.29004264254134 40.60667091732673 73.64787243200337
100.85386903958894 125.08862942059076 55.19874146521758 81.6153290264802
89.81186457260864 148.9852985373522 40.43082891055299 74.84660014540918
