32 2 
90.49664118787939 138.65084352147437
102.28551334761089 138.9292409961689
91.47707626292207 123.51870583478309
87.55665274534408 151.09908136710393
100.89524480641342 141.97991675537995
87.58513915413685 158.10572000561325
88.64029173053399 137.87718340228616
101.45854320161614 138.71324285861834
106.24134435901159 122.92962468643918
87.53756274664575 126.24196326644477
119.86491894603525 125.132196725321
86.94181827565959 126.82155113321318
90.03402976690647 141.0828723332837
109.37149890355595 122.73413531342739
101.15008296433281 134.4124585170346
99.4896048500332 126.4150332385983
86.78969571059264 126.80572621399087
110.69159935340656 137.264720155534
113.76884027129532 122.54036033903368
104.3696775842117 143.36519277846827
99.88687993460766 171.78971998627765
101.06861523312048 122.38911022184868
91.3379075518634 151.03289595789568
96.21192218808734 125.76071137112969
88.33633840104002 135.61062657535297
92.09305676960818 141.91918345335077
124.73598444672623 137.28844292120866
102.94203193855914 124.29004264254134
111.2414540612943 125.08862942059076
100.85386903958894 148.9852985373522
89.81186457260864 127.35983974650888
102.05055936651611 131.29025299979313
