37 4 
104.84222596047188 153.71704579510595 38.50151484451253 74.5145631566003
86.09708655035337 134.050009793428 43.34787012644352 71.45704189109668
84.6771057421685 134.86286204021505 43.78072027688621 84.79948658353467
85.12626867164838 119.51736310887219 42.36220242650217 77.35952031383337
98.0946101498747 122.73775830503294 39.41955941097986 74.56866661822629
85.15396435909587 121.65879649253343 57.064638156068405 88.5742438149455
86.17982817288517 123.30125806111492 40.963072990000036 74.16490200959575
98.64227259503235 137.16671570510226 50.17860293727599 75.23687547886517
103.29231349497033 119.3273000997499 45.724835473978914 77.70826474485332
85.10770857019199 130.6814582075983 43.479420382464696 77.52242423449573
116.5377269981137 122.90602422757097 41.885152533837065 71.60356613878645
84.52850068242228 123.28587240756163 39.876196462481836 79.34986330096524
87.53487904363067 133.45454720709353 40.12062209368833 72.76901975305748
106.33558169205011 119.13890390123309 54.22993320409594 82.0316014531178
98.34237454947925 139.385683851094 44.572142152459335 84.42499460037368
96.72798773078286 167.0212074131254 38.169245914942024 93.76711763564529
84.38060071207309 118.99185216149202 39.479517203829815 71.39817143151257
107.61903899705224 146.8405481073238 53.66654330621194 80.0323643684357
110.61086233577072 122.26986492566309 39.30855619238139 75.13399542036838
101.47260015806589 131.8463677016015 44.517661274321746 75.45850738759943
97.1142353147831 137.97981262998104 39.363330224860796 91.82319545504836
98.26316818699505 133.47761147989442 38.41590138098319 84.12390664134894
88.80256398997119 120.8400187930006 44.297430417569224 83.62216508534466
93.54128647904909 121.61643852233381 41.97410479092297 97.05875128912142
85.88431193306955 144.84978758042797 38.817831700282476 93.79435187817913
89.5367518921046 123.82460494203752 43.37840052298641 81.8749567171556
121.27358221330829 127.64591838994653 38.90144163349426 74.29925848453077
100.08458288023326 134.0538538201624 45.51758697638288 73.05942345913488
108.15363092269564 136.56034592331622 37.74026076102315 85.48072619589925
98.05438288520939 131.5143678792164 43.07472232428432 97.08121367959644
87.31888067655866 128.51309258136206 47.68852415767409 104.7700170350279
99.21785566646166 124.84656259217174 41.31748201161067 76.03586042350076
95.99847678953464 135.93452279274464 42.21830406056137 83.73437984798917
96.19123243987144 118.57891075435826 39.84602651527462 72.2651682186878
85.52135215331211 118.0281969078843 46.3679313450357 79.19986492603566
104.61733435681076 126.77972970482764 53.46558615545379 83.9639363388171
98.30344624705005 131.38099434600036 42.32601333563016 77.8294187426225
