35 2 
87.9846493680725 146.90489635214297
99.44628783115758 138.038860106372
88.93786967739535 153.71704579510595
85.12626867164838 134.050009793428
98.0946101498747 134.86286204021505
85.15396435909587 119.51736310887219
86.17982817288517 122.73775830503294
98.64227259503235 121.65879649253343
103.29231349497033 123.30125806111492
85.10770857019199 137.16671570510226
116.5377269981137 119.3273000997499
84.52850068242228 130.6814582075983
87.53487904363067 122.90602422757097
106.33558169205011 123.28587240756163
98.34237454947925 133.45454720709353
96.72798773078286 119.13890390123309
84.38060071207309 139.385683851094
107.61903899705224 167.0212074131254
110.61086233577072 118.99185216149202
101.47260015806589 146.8405481073238
97.1142353147831 122.26986492566309
98.26316818699505 131.8463677016015
88.80256398997119 137.97981262998104
93.54128647904909 133.47761147989442
85.88431193306955 120.8400187930006
89.5367518921046 121.61643852233381
121.27358221330829 144.84978758042797
100.08458288023326 123.82460494203752
108.15363092269564 127.64591838994653
98.05438288520939 134.0538538201624
87.31888067655866 136.56034592331622
99.21785566646166 131.5143678792164
95.99847678953464 128.51309258136206
96.19123243987144 124.84656259217174
85.52135215331211 135.93452279274464
