21 2 
58.59011911104739 91.8842038849494
66.22257281272235 83.03775509897186
59.224880877598935 87.4688532548143
56.68668633418189 80.30894763294604
65.32247311448059 83.72428161886904
56.70512925164608 113.40084753567476
57.3882652699552 93.58737753709602
65.68716863949427 101.13260602067335
68.78369118240813 91.6889723287986
56.67432692191108 81.65038826981709
77.60398381752155 92.77691577922484
56.28862487754059 89.7665297865044
58.29061121880792 89.94677229040799
70.81024294381652 79.96955016570986
65.48746264150114 97.82587573044833
64.41242152150949 91.92186720835396
56.19013636913014 102.36217439313629
71.66491380872432 89.26564005247994
73.65720777174755 89.8069289057173
67.57192047100628 79.58816214738675
64.66962879704522 81.7326650746914
