36 4 
107.83550735529005 141.97991675537995 41.26705850067605 90.91686573501077
88.55518780639105 158.10572000561325 42.76477944996702 104.8337369585816
87.09466606066692 137.87718340228616 39.60074625628974 82.99159267854114
87.55665274534408 138.71324285861834 44.58546663840043 76.64197940989264
100.89524480641342 122.92962468643918 45.03067480862184 73.49716486694807
87.58513915413685 126.24196326644477 43.57165778864393 87.2205409168939
88.64029173053399 125.132196725321 40.545001308992425 79.56816106660372
101.45854320161614 126.82155113321318 58.69385308478416 76.69762754384504
106.24134435901159 141.0828723332837 42.132582728392805 91.10306875778222
87.53756274664575 122.73413531342739 51.611219206285256 76.28233531759832
119.86491894603525 134.4124585170346 47.03029515924911 77.38491399590359
86.94181827565959 126.4150332385983 44.72077269920565 79.92686227035867
90.03402976690647 126.80572621399087 43.080987958448574 79.73571594989487
109.37149890355595 137.264720155534 41.01467550443068 73.64787243200337
101.15008296433281 122.54036033903368 41.266079570972785 81.6153290264802
99.4896048500332 143.36519277846827 55.778216337298915 74.84660014540918
86.78969571059264 171.78971998627765 45.84469204931529 84.37363171971414
110.69159935340656 122.38911022184868 39.25899093518331 86.83535705958167
113.76884027129532 151.03289595789568 40.60667091732673 96.44420090141193
104.3696775842117 125.76071137112969 55.19874146521758 73.4366136356161
99.88687993460766 135.61062657535297 40.43082891055299 82.31731573276163
101.06861523312048 141.91918345335077 45.788655723480865 77.2790966765639
91.3379075518634 137.28844292120866 40.48716676038593 77.61287357140411
96.21192218808734 124.29004264254134 39.512688499106964 94.4447790779674
88.33633840104002 125.08862942059076 45.562137200475135 86.5256729363903
92.09305676960818 148.9852985373522 43.172479832885436 86.0096064874258
124.73598444672623 127.35983974650888 39.9260940664349 99.82981182104436
102.94203193855914 131.29025299979313 44.61686868820241 96.47221269088101
111.2414540612943 137.88113717729803 40.01209109182459 84.21251472298623
100.85386903958894 140.45919048692087 46.817129646192214 76.42052771582678
89.81186457260864 135.26914804453403 38.81775810845785 75.14529497657882
102.05055936651611 132.18218531084463 44.30452037310533 87.9212301530949
98.73926612200586 128.41097463694314 49.05004782621315 99.85291552044694
98.93752501205941 139.81549989201395 42.497110248736405 107.76123684033773
87.96301599548116 121.96437919636412 43.4236510751593 78.20671023386691
107.60419501945806 121.39794228129429 40.98364419491614 86.125025019908
