21 4 
69.81579799442194 91.8842038849494 25.638294296875163 51.28067424266723
57.33316655041266 83.03775509897186 25.98442556136769 53.85500841260985
56.38758291412504 87.4688532548143 28.906422933413218 54.86197053607539
56.68668633418189 80.30894763294604 25.14695628931929 52.83479129228129
65.32247311448059 83.72428161886904 27.539724058316033 51.62905418134869
56.70512925164608 113.40084753567476 25.901134244729487 50.15605659279871
57.3882652699552 93.58737753709602 25.981183198915307 54.610551356385464
65.68716863949427 101.13260602067335 28.124122999701658 47.63808017635357
68.78369118240813 91.6889723287986 25.107253799065877 47.416835519899415
56.67432692191108 81.65038826981709 29.374046812676394 50.93269022285259
77.60398381752155 92.77691577922484 35.19793876754275 52.78120959695007
56.28862487754059 89.7665297865044 25.076264212705958 48.876091850170326
58.29061121880792 89.94677229040799 30.94507997472321 55.02834084231557
70.81024294381652 79.96955016570986 25.767070454257833 55.577826331284896
65.48746264150114 97.82587573044833 27.7852163145074 53.77707617829818
64.41242152150949 91.92186720835396 29.077774441507465 50.04151172350298
56.19013636913014 102.36217439313629 28.128983549294958 72.44121451263503
71.66491380872432 89.26564005247994 25.465745626088093 52.000938820458565
73.65720777174755 89.8069289057173 25.629367806254628 63.69967560964885
67.57192047100628 79.58816214738675 30.525548418151466 58.045800729802835
64.66962879704522 81.7326650746914 26.094715336865086 55.19533848960738
