21 10 
65.32247311448059 83.72428161886904 27.539724058316033 51.62905418134869 42.73416293431291 45.450543356154256 41.07338649889585 53.96001749023343 59.12742775130777 81.76546131035981
56.70512925164608 113.40084753567476 25.901134244729487 50.15605659279871 36.59529686569014 35.98090739360555 49.98097268365331 55.08286267571519 58.775901011970944 80.5372467423082
57.3882652699552 93.58737753709602 25.981183198915307 54.610551356385464 37.85153773820547 33.228040029204145 45.790115003586465 60.50259576813343 62.524212430168674 66.82610924671111
65.68716863949427 101.13260602067335 28.124122999701658 47.63808017635357 51.453546879673134 31.864609382945318 45.51700829149018 58.560085828546974 56.28569609286419 71.47324010007024
68.78369118240813 91.6889723287986 25.107253799065877 47.416835519899415 37.687626484093826 37.814362928383666 52.83077737439346 59.147387788239264 60.67307678294261 65.8274565945797
56.67432692191108 81.65038826981709 29.374046812676394 50.93269022285259 42.68192863255617 34.49668264478576 51.053907630552835 55.77590431638225 66.35260071183968 74.97686915117487
77.60398381752155 92.77691577922484 35.19793876754275 52.78120959695007 37.740141851664404 33.25216621222757 44.565972191185224 67.87003443332063 61.46641228173646 86.50727661259337
56.28862487754059 89.7665297865044 25.076264212705958 48.876091850170326 36.83178123384969 39.49762830729016 40.442387027894064 68.42129811788428 57.01054015313623 89.16603381204695
58.29061121880792 89.94677229040799 30.94507997472321 55.02834084231557 42.47077922709493 33.07211675599233 39.76752311982102 51.24059710237336 56.756425831026334 86.04142958085197
70.81024294381652 79.96955016570986 25.767070454257833 55.577826331284896 40.24325837923083 33.55013844515223 46.52865563873377 54.978422465345794 56.0096101151667 74.92861986022179
65.48746264150114 97.82587573044833 27.7852163145074 53.77707617829818 37.21713753318179 34.65219712978032 52.8430040467411 69.34676515475954 56.10642031425591 67.26661482726058
64.41242152150949 91.92186720835396 29.077774441507465 50.04151172350298 41.58964649799545 34.5693258673637 57.02815430832104 57.77384497649712 63.5042574810031 75.71051203218495
56.19013636913014 102.36217439313629 28.128983549294958 72.44121451263503 37.29729972275253 31.929948470517406 41.38764986310578 50.70953761865875 55.58206422469699 82.37646320028949
71.66491380872432 89.26564005247994 25.465745626088093 52.000938820458565 43.64062134532564 35.38422990597379 45.57808875115664 56.528117302480645 66.6039339559326 68.96550306596242
73.65720777174755 89.8069289057173 25.629367806254628 63.69967560964885 36.18400136633396 32.44965546075758 39.335196088727145 51.28318397891348 58.08438530397656 67.44058852227128
67.57192047100628 79.58816214738675 30.525548418151466 58.045800729802835 41.298490789603775 36.580088794394 43.10987290085194 63.118143922052795 60.60318890784216 82.60811583640168
64.66962879704522 81.7326650746914 26.094715336865086 55.19533848960738 45.72203764585087 37.647366920087435 45.703040367581735 65.43323481672327 55.93052307685312 73.89458124824398
65.43471809747406 81.01417041039876 26.90001640512044 53.171480931846816 39.61371213167707 41.813269866084354 42.363915053075644 51.78330044117077 57.396044329357814 68.71284398702535
59.13477906552693 82.10790687044798 28.250420478905035 50.62119370644664 40.47738783483277 31.838357467819847 43.371621925225604 71.08829758363197 55.61151007640154 68.94264683903293
62.29035582878471 91.3410949404705 28.7786369667066 50.93148200678055 38.2029336522419 35.68857541682679 40.86593686172494 50.753279693381195 60.14672559925421 65.08168095636957
57.19147717323149 79.46159672463337 27.715250891552206 68.8426729965345 44.45590086848583 33.5042614708116 51.41008949457583 58.52736795811792 69.83343796776266 66.3723633710486
