33 4 
107.83550735529005 138.9292409961689 42.80819280485019 85.05508228954268
88.55518780639105 123.51870583478309 41.83127162366807 76.27679396720416
87.09466606066692 151.09908136710393 40.63780869461248 89.24953569567728
87.55665274534408 141.97991675537995 44.24696217139881 73.99998492237233
100.89524480641342 158.10572000561325 38.59767534163004 84.45963907659021
87.58513915413685 137.87718340228616 38.41841687048101 93.50624498818117
88.64029173053399 138.71324285861834 41.26705850067605 81.01409434476547
101.45854320161614 122.92962468643918 42.76477944996702 82.78039952379427
106.24134435901159 126.24196326644477 39.60074625628974 78.12890801199734
87.53756274664575 125.132196725321 44.58546663840043 90.91686573501077
119.86491894603525 126.82155113321318 45.03067480862184 104.8337369585816
86.94181827565959 141.0828723332837 43.57165778864393 82.99159267854114
90.03402976690647 122.73413531342739 40.545001308992425 76.64197940989264
109.37149890355595 134.4124585170346 58.69385308478416 73.49716486694807
101.15008296433281 126.4150332385983 42.132582728392805 87.2205409168939
99.4896048500332 126.80572621399087 51.611219206285256 79.56816106660372
86.78969571059264 137.264720155534 47.03029515924911 76.69762754384504
110.69159935340656 122.54036033903368 44.72077269920565 91.10306875778222
113.76884027129532 143.36519277846827 43.080987958448574 76.28233531759832
104.3696775842117 171.78971998627765 41.01467550443068 77.38491399590359
99.88687993460766 122.38911022184868 41.266079570972785 79.92686227035867
101.06861523312048 151.03289595789568 55.778216337298915 79.73571594989487
91.3379075518634 125.76071137112969 45.84469204931529 73.64787243200337
96.21192218808734 135.61062657535297 39.25899093518331 81.6153290264802
88.33633840104002 141.91918345335077 40.60667091732673 74.84660014540918
92.09305676960818 137.28844292120866 55.19874146521758 84.37363171971414
124.73598444672623 124.29004264254134 40.43082891055299 86.83535705958167
102.94203193855914 125.08862942059076 45.788655723480865 96.44420090141193
111.2414540612943 148.9852985373522 40.48716676038593 73.4366136356161
100.85386903958894 127.35983974650888 39.512688499106964 82.31731573276163
89.81186457260864 131.29025299979313 45.562137200475135 77.2790966765639
102.05055936651611 137.88113717729803 43.172479832885436 77.61287357140411
98.73926612200586 140.45919048692087 39.9260940664349 94.4447790779674
