65, 4, 23: 0 3261.28 2072.12 3219.23 3219.23
66, 4, 23: 0 3261.28 2571.01 3219.23 3219.23
67, 4, 23: 0 3261.28 2390.69 3219.23 3219.23
68, 4, 23: 0 3261.28 1672.31 3219.23 3219.23
69, 4, 23: 0 3261.28 2029.12 3219.23 3219.23
70, 4, 23: 0 3261.28 2437.06 3219.23 3219.23
Customer 16 - Obj: 234.607   part1: 234.607   part2: 1.11993e-10
16, 7: 1 4605.76 4508.14
0, 7: 0 -
63, 7, 24: 0 4605.76 707.438 4508.14 4508.14
64, 7, 24: 0 4605.76 668.474 4508.14 4508.14
65, 7, 24: 0 4605.76 586.988 4508.14 4508.14
66, 7, 24: 0 4605.76 727.228 4508.14 4508.14
67, 7, 24: 0 4605.76 676.542 4508.14 4508.14
68, 7, 24: 0 4605.76 491.364 4508.14 4508.14
69, 7, 24: 0 4605.76 574.902 4508.14 4508.14
70, 7, 24: 0 4605.76 689.582 4508.14 4508.14
16, 8: 1 8633.92 8526.93
0, 8: 0 -
63, 8, 25: 0 8633.92 707.438 8526.93 8526.93
64, 8, 25: 0 8633.92 668.474 8526.93 8526.93
65, 8, 25: 0 8633.92 586.988 8526.93 8526.93
66, 8, 25: 0 8633.92 727.228 8526.93 8526.93
67, 8, 25: 0 8633.92 676.542 8526.93 8526.93
68, 8, 25: 1.92662e-13 8633.92 491.364 8526.93 8526.93
69, 8, 25: 0 8633.92 574.902 8526.93 8526.93
70, 8, 25: 0 8633.92 689.582 8526.93 8526.93
16, 9: 1 651.284 621.29
0, 9: 0 -
63, 9, 26: 0 651.284 707.438 621.29 621.29
64, 9, 26: 0 651.284 668.474 621.29 621.29
65, 9, 26: 0 651.284 586.988 621.29 621.29
66, 9, 26: 0 651.284 727.228 621.29 621.29
67, 9, 26: 0 651.284 676.542 621.29 621.29
68, 9, 26: 2.20924e-13 651.284 491.364 621.29 621.29
69, 9, 26: 0 651.284 574.902 621.29 621.29
70, 9, 26: 0 651.284 689.582 621.29 621.29
Customer 17 - Obj: 9.67999   part1: 9.67999   part2: 2.10271e-12
17, 3: 1 990.905 981.225
0, 3: 0 -
63, 3, 27: 0 990.905 1393.25 981.225 981.225
64, 3, 27: 0 990.905 1336.57 981.225 981.225
65, 3, 27: 0 990.905 1218.05 981.225 981.225
66, 3, 27: 0 990.905 1422.04 981.225 981.225
67, 3, 27: 0 990.905 1348.32 981.225 981.225
68, 3, 27: 0 990.905 1313.38 981.225 981.225
69, 3, 27: 0 990.905 1200.47 981.225 981.225
70, 3, 27: 0 990.905 1367.28 981.225 981.225
Customer 18 - Obj: 115.401   part1: 115.401   part2: 0
18, 9: 0 736.691 621.29
0, 9: 0 -
63, 9, 28: 0 736.691 3414.48 621.29 621.29
64, 9, 28: 0 736.691 3279.65 621.29 621.29
65, 9, 28: 0 736.691 0 621.29 621.29
66, 9, 28: 1 736.691 0 621.29 621.29
67, 9, 28: 0 736.691 3307.58 621.29 621.29
68, 9, 28: 0 736.691 3224.5 621.29 621.29
69, 9, 28: 0 736.691 2955.9 621.29 621.29
70, 9, 28: 0 736.691 0 621.29 621.29
Customer 19 - Obj: 114.858   part1: 114.858   part2: 1.57003e-11
19, 4: 1 3334.09 3219.23
0, 4: 0 -
63, 4, 29: 0 3334.09 3020.89 3219.23 3219.23
64, 4, 29: 0 3334.09 2453.68 3219.23 3219.23
65, 4, 29: 0 3334.09 3702.84 3219.23 3219.23
66, 4, 29: 0 3334.09 2207.65 3219.23 3219.23
67, 4, 29: 0 3334.09 2933.01 3219.23 3219.23
68, 4, 29: 0 3334.09 2608.26 3219.23 3219.23
69, 4, 29: 0 3334.09 3657.69 3219.23 3219.23
70, 4, 29: 0 3334.09 2954.18 3219.23 3219.23
Customer 20 - Obj: 89.7947   part1: 176.409   part2: 86.6147
20, 2: 0 3229.9 3140.11
0, 2: 0 -
63, 2, 30: 0 3229.9 119.887 3140.11 3140.11
64, 2, 30: 0 3229.9 96.6804 3043.43 3140.11
65, 2, 30: 0 3229.9 147.787 3140.11 3140.11
66, 2, 30: 1 3229.9 86.6147 3053.49 3140.11
67, 2, 30: 0 3229.9 116.291 3140.11 3140.11
68, 2, 30: 0 3229.9 103.005 3140.11 3140.11
69, 2, 30: 0 3229.9 145.939 3140.11 3140.11
70, 2, 30: 0 3229.9 117.157 3140.11 3140.11
Customer 21 - Obj: 182.564   part1: 182.564   part2: 0
21, 8: 1 8542.43 8526.93
0, 8: 0 -
63, 8, 31: 0 8542.43 634.025 8526.93 8526.93
64, 8, 31: 0 8542.43 475.113 8526.93 8526.93
65, 8, 31: 0 8542.43 771.009 8526.93 8526.93
66, 8, 31: 0 8542.43 470.666 8526.93 8526.93
67, 8, 31: 0 8542.43 616.371 8526.93 8526.93
68, 8, 31: 0 8542.43 490.688 8036.24 8526.93
69, 8, 31: 0 8542.43 761.939 8526.93 8526.93
70, 8, 31: 0 8542.43 620.625 8526.93 8526.93
21, 6: 1 2239.2 2179.8
0, 6: 0 -
63, 6, 32: 0 2239.2 634.025 2179.8 2179.8
64, 6, 32: 0 2239.2 475.113 2179.8 2179.8
65, 6, 32: 0 2239.2 771.009 2179.8 2179.8
66, 6, 32: 0 2239.2 470.666 2179.8 2179.8
67, 6, 32: 0 2239.2 616.371 2179.8 2179.8
68, 6, 32: 0 2239.2 490.688 2179.8 2179.8
69, 6, 32: 0 2239.2 761.939 2179.8 2179.8
70, 6, 32: 0 2239.2 620.625 2179.8 2179.8
21, 1: 1 8311.57 8203.92
0, 1: 0 -
63, 1, 33: 0 8311.57 634.025 8203.92 8203.92
64, 1, 33: 0 8311.57 475.113 8203.92 8203.92
65, 1, 33: 0 8311.57 771.009 8203.92 8203.92
66, 1, 33: 0 8311.57 470.666 8203.92 8203.92
67, 1, 33: 0 8311.57 616.371 8203.92 8203.92
68, 1, 33: 0 8311.57 490.688 8203.92 8203.92
69, 1, 33: 0 8311.57 761.939 8203.92 8203.92
70, 1, 33: 0 8311.57 620.625 8203.92 8203.92
Customer 22 - Obj: 50.977   part1: 50.977   part2: 0
22, 4: 1 3233.28 3219.23
0, 4: 0 -
63, 4, 34: 0 3233.28 2096.62 3219.23 3219.23
64, 4, 34: 0 3233.28 1171.62 3219.23 3219.23
65, 4, 34: 0 3233.28 1963.94 3219.23 3219.23
66, 4, 34: 0 3233.28 1513.78 3219.23 3219.23
67, 4, 34: 0 3233.28 2025.21 3219.23 3219.23
68, 4, 34: 0 3233.28 1058.66 3219.23 3219.23
69, 4, 34: 0 3233.28 1927.26 3219.23 3219.23
70, 4, 34: 0 3233.28 2042.43 3219.23 3219.23
22, 0: 1 6217.26 6180.34
0, 0: 0 -
63, 0, 35: 0 6217.26 2096.62 6180.34 6180.34
64, 0, 35: 0 6217.26 1171.62 6180.34 6180.34
65, 0, 35: 0 6217.26 1963.94 6180.34 6180.34
66, 0, 35: 0 6217.26 1513.78 6180.34 6180.34
67, 0, 35: 0 6217.26 2025.21 6180.34 6180.34
68, 0, 35: 0 6217.26 1058.66 6180.34 6180.34
69, 0, 35: 0 6217.26 1927.26 6180.34 6180.34
70, 0, 35: 0 6217.26 2042.43 6180.34 6180.34
Customer 23 - Obj: 326.587   part1: 326.587   part2: 0
23, 1: 1 8364.31 8203.92
0, 1: 0 -
63, 1, 36: 0 8364.31 1115.46 8203.92 8203.92
64, 1, 36: 0 8364.31 820.505 8203.92 8203.92
65, 1, 36: 0 8364.31 1313.88 8203.92 8203.92
66, 1, 36: 0 8364.31 781.111 8203.92 8203.92
67, 1, 36: 0 8364.31 1074.5 8203.92 8203.92
68, 1, 36: 0 8364.31 660.812 8203.92 8203.92
69, 1, 36: 0 8364.31 1292.84 8203.92 8203.92
70, 1, 36: 0 8364.31 1084.37 8203.92 8203.92
23, 9: 1 672.772 621.29
0, 9: 0 -
63, 9, 37: 0 672.772 1115.46 621.29 621.29
64, 9, 37: 0 672.772 820.505 621.29 621.29
65, 9, 37: 0 672.772 1313.88 621.29 621.29
66, 9, 37: 0 672.772 781.111 621.29 621.29
67, 9, 37: 0 672.772 1074.5 621.29 621.29
68, 9, 37: 0 672.772 660.812 621.29 621.29
69, 9, 37: 0 672.772 1292.84 621.29 621.29
70, 9, 37: 0 672.772 1084.37 621.29 621.29
23, 4: 1 3333.94 3219.23
0, 4: 0 -
63, 4, 38: 0 3333.94 1115.46 3219.23 3219.23
64, 4, 38: 0 3333.94 820.505 3219.23 3219.23
65, 4, 38: 0 3333.94 1313.88 3219.23 3219.23
66, 4, 38: 0 3333.94 781.111 3219.23 3219.23
67, 4, 38: 0 3333.94 1074.5 3219.23 3219.23
68, 4, 38: 0 3333.94 660.812 3219.23 3219.23
69, 4, 38: 0 3333.94 1292.84 3219.23 3219.23
70, 4, 38: 0 3333.94 1084.37 3219.23 3219.23
Customer 24 - Obj: -1436.59   part1: 456.374   part2: 1892.97
24, 8: 0 8681.02 8526.93
0, 8: 0 -
63, 8, 39: 0 8681.02 1537.65 8526.93 8526.93
64, 8, 39: 0 8681.02 754.999 8526.93 8526.93
65, 8, 39: 0 8681.02 1076.53 8526.93 8526.93
66, 8, 39: 0 8681.02 1162.83 8526.93 8526.93
67, 8, 39: 0.999999 8681.02 0 8526.93 8526.93
68, 8, 39: 1e-06 8681.02 682.358 8526.93 8526.93
69, 8, 39: 0 8681.02 1052.95 8526.93 8526.93
70, 8, 39: 0 8681.02 1502.79 8526.93 8526.93
24, 9: 0 923.572 621.29
0, 9: 0 -
63, 9, 40: 0 923.572 1537.65 503.527 621.29
64, 9, 40: 0 923.572 754.999 503.527 621.29
65, 9, 40: 0 923.572 1076.53 503.527 621.29
66, 9, 40: 1 923.572 1162.83 621.29 621.29
67, 9, 40: 0 923.572 0 621.29 621.29
68, 9, 40: 0 923.572 682.358 503.527 621.29
69, 9, 40: 0 923.572 1052.95 621.29 621.29
70, 9, 40: 0 923.572 1502.79 621.29 621.29
Customer 25 - Obj: 149.121   part1: 149.121   part2: 2.63847e-11
25, 4: 1 3368.35 3219.23
0, 4: 0 -
63, 4, 41: 0 3368.35 636.71 3219.23 3219.23
64, 4, 41: 0 3368.35 333.432 3219.23 3219.23
65, 4, 41: 0 3368.35 498.02 3219.23 3219.23
66, 4, 41: 0 3368.35 476.27 3219.23 3219.23
67, 4, 41: 0 3368.35 617.055 3219.23 3219.23
68, 4, 41: 0 3368.35 302.338 3219.23 3219.23
69, 4, 41: 0 3368.35 487.924 3219.23 3219.23
70, 4, 41: 0 3368.35 621.789 3219.23 3219.23
Customer 26 - Obj: 11.654   part1: 11.654   part2: 0
26, 5: 0 6676.97 6665.31
0, 5: 0 -
63, 5, 42: 0 6676.97 3450.38 6665.31 6665.31
64, 5, 42: 1 6676.97 0 6665.31 6665.31
65, 5, 42: 0 6676.97 2959.67 6665.31 6665.31
66, 5, 42: 0 6676.97 2594.52 6665.31 6665.31
67, 5, 42: 0 6676.97 3345.53 6665.31 6665.31
68, 5, 42: 0 6676.97 1955.87 6665.31 6665.31
69, 5, 42: 0 6676.97 2905.81 6665.31 6665.31
70, 5, 42: 0 6676.97 3370.81 6665.31 6665.31
Customer 27 - Obj: 491.844   part1: 491.844   part2: 0
27, 3: 0 1199.52 981.225
0, 3: 0 -
63, 3, 43: 0 1199.52 3602.36 981.225 981.225
64, 3, 43: 1 1199.52 0 981.225 981.225
65, 3, 43: 0 1199.52 2898.74 981.225 981.225
66, 3, 43: 0 1199.52 2739.54 981.225 981.225
67, 3, 43: 0 1199.52 3496.66 981.225 981.225
68, 3, 43: 0 1199.52 1845.43 981.225 981.225
69, 3, 43: 0 1199.52 2844.44 981.225 981.225
70, 3, 43: 0 1199.52 3522.12 981.225 981.225
27, 4: 0 3331.6 3219.23
0, 4: 0 -
63, 4, 44: 0 3331.6 3602.36 3219.23 3219.23
64, 4, 44: 1 3331.6 0 3219.23 3219.23
65, 4, 44: 0 3331.6 2898.74 3219.23 3219.23
66, 4, 44: 0 3331.6 2739.54 3219.23 3219.23
67, 4, 44: 0 3331.6 3496.66 3219.23 3219.23
68, 4, 44: 0 3331.6 1845.43 3219.23 3219.23
69, 4, 44: 0 3331.6 2844.44 3219.23 3219.23
70, 4, 44: 0 3331.6 3522.12 3219.23 3219.23
27, 2: 0 3301.29 3140.11
0, 2: 0 -
63, 2, 45: 0 3301.29 3602.36 3140.11 3140.11
64, 2, 45: 1 3301.29 0 3140.11 3140.11
65, 2, 45: 0 3301.29 2898.74 3140.11 3140.11
66, 2, 45: 0 3301.29 2739.54 3140.11 3140.11
67, 2, 45: 0 3301.29 3496.66 3140.11 3140.11
68, 2, 45: 0 3301.29 1845.43 3140.11 3140.11
69, 2, 45: 0 3301.29 2844.44 3140.11 3140.11
70, 2, 45: 0 3301.29 3522.12 3140.11 3140.11
Customer 28 - Obj: 240.857   part1: 240.857   part2: 0
28, 9: 1 829.773 621.29
0, 9: 0 -
63, 9, 46: 0 829.773 6225.64 621.29 621.29
64, 9, 46: 0 829.773 4212.92 621.29 621.29
65, 9, 46: 0 829.773 5281.79 621.29 621.29
66, 9, 46: 0 829.773 5775.07 621.29 621.29
67, 9, 46: 0 829.773 5983.54 621.29 621.29
68, 9, 46: 0 829.773 3944.46 621.29 621.29
69, 9, 46: 0 829.773 5187.08 621.29 621.29
70, 9, 46: 0 829.773 6085.68 621.29 621.29
28, 0: 1 6212.72 6180.34
0, 0: 0 -
63, 0, 47: 0 6212.72 6225.64 6180.34 6180.34
64, 0, 47: 0 6212.72 4212.92 6180.34 6180.34
65, 0, 47: 0 6212.72 5281.79 6180.34 6180.34
66, 0, 47: 0 6212.72 5775.07 6180.34 6180.34
67, 0, 47: 0 6212.72 5983.54 6180.34 6180.34
68, 0, 47: 0 6212.72 3944.46 6180.34 6180.34
69, 0, 47: 0 6212.72 5187.08 6180.34 6180.34
70, 0, 47: 0 6212.72 6085.68 6180.34 6180.34
Customer 29 - Obj: -2670.75   part1: 142.233   part2: 2812.98
29, 8: 0 8653.25 8526.93
0, 8: 0 -
63, 8, 48: 0 8653.25 1476.98 8526.93 8526.93
64, 8, 48: 0 8653.25 1012.54 8526.93 8526.93
65, 8, 48: 0 8653.25 1259.18 8526.93 8526.93
66, 8, 48: 0 8653.25 1373.01 8526.93 8526.93
67, 8, 48: 1 8653.25 1421.11 8526.93 8526.93
68, 8, 48: 0 8653.25 950.587 8526.93 8526.93
69, 8, 48: 0 8653.25 1237.33 8526.93 8526.93
70, 8, 48: 0 8653.25 0 8526.93 8526.93
29, 6: 0 2195.71 2179.8
0, 6: 0 -
63, 6, 49: 0 2195.71 1476.98 2179.8 2179.8
64, 6, 49: 0 2195.71 1012.54 2179.8 2179.8
65, 6, 49: 0 2195.71 1259.18 2179.8 2179.8
66, 6, 49: 1 2195.71 1373.01 2179.8 2179.8
67, 6, 49: 0 2195.71 1421.11 2179.8 2179.8
68, 6, 49: 0 2195.71 950.587 2179.8 2179.8
69, 6, 49: 0 2195.71 1237.33 2179.8 2179.8
70, 6, 49: 0 2195.71 0 2179.8 2179.8
Customer 30 - Obj: 132.587   part1: 132.587   part2: 9.54969e-11
30, 7: 1 4576.66 4508.14
0, 7: 0 -
63, 7, 50: 0 4576.66 3170.43 4508.14 4508.14
64, 7, 50: 0 4576.66 2244.99 4508.14 4508.14
65, 7, 50: 0 4576.66 2807.86 4508.14 4508.14
66, 7, 50: 0 4576.66 3230 4508.14 4508.14
67, 7, 50: 0 4576.66 3077.42 4508.14 4508.14
68, 7, 50: 0 4576.66 2141.86 4508.14 4508.14
69, 7, 50: 0 4576.66 2771.48 4508.14 4508.14
70, 7, 50: 0 4576.66 3116.68 4508.14 4508.14
30, 1: 1 8267.99 8203.92
0, 1: 0 -
63, 1, 51: 0 8267.99 3170.43 8203.92 8203.92
64, 1, 51: 0 8267.99 2244.99 5958.92 8203.92
65, 1, 51: 0 8267.99 2807.86 8203.92 8203.92
66, 1, 51: 0 8267.99 3230 8203.92 8203.92
67, 1, 51: 0 8267.99 3077.42 8203.92 8203.92
68, 1, 51: 2.53544e-14 8267.99 2141.86 6062.06 8203.92
69, 1, 51: 0 8267.99 2771.48 8203.92 8203.92
70, 1, 51: 0 8267.99 3116.68 8203.92 8203.92
Customer 31 - Obj: 394.012   part1: 394.012   part2: 2.28169e-10
31, 3: 1 1072.82 981.225
0, 3: 0 -
63, 3, 52: 0 1072.82 2053.42 981.225 981.225
64, 3, 52: 0 1072.82 1983.28 981.225 981.225
65, 3, 52: 0 1072.82 1836.62 981.225 981.225
66, 3, 52: 0 1072.82 2089.04 981.225 981.225
67, 3, 52: 0 1072.82 1997.81 981.225 981.225
68, 3, 52: 0 1072.82 1339.92 981.225 981.225
69, 3, 52: 0 1072.82 1814.86 981.225 981.225
70, 3, 52: 0 1072.82 2021.28 981.225 981.225
31, 0: 1 6310.6 6180.34
0, 0: 0 -
63, 0, 53: 0 6310.6 2053.42 6180.34 6180.34
64, 0, 53: 0 6310.6 1983.28 6180.34 6180.34
65, 0, 53: 0 6310.6 1836.62 6180.34 6180.34
66, 0, 53: 0 6310.6 2089.04 6180.34 6180.34
67, 0, 53: 0 6310.6 1997.81 6180.34 6180.34
68, 0, 53: 1.15658e-13 6310.6 1339.92 6180.34 6180.34
69, 0, 53: 0 6310.6 1814.86 6180.34 6180.34
70, 0, 53: 0 6310.6 2021.28 6180.34 6180.34
31, 6: 1 2351.96 2179.8
0, 6: 0 -
63, 6, 54: 0 2351.96 2053.42 2179.8 2179.8
64, 6, 54: 0 2351.96 1983.28 1727.66 2179.8
65, 6, 54: 0 2351.96 1836.62 2179.8 2179.8
66, 6, 54: 0 2351.96 2089.04 2179.8 2179.8
67, 6, 54: 0 2351.96 1997.81 2179.8 2179.8
68, 6, 54: 1.5782e-13 2351.96 1339.92 2179.8 2179.8
69, 6, 54: 0 2351.96 1814.86 2179.8 2179.8
70, 6, 54: 0 2351.96 2021.28 2179.8 2179.8
Customer 32 - Obj: 19.6533   part1: 19.6533   part2: 2.54652e-11
32, 1: 1 8223.57 8203.92
0, 1: 0 -
63, 1, 55: 0 8223.57 4581.68 8203.92 8203.92
64, 1, 55: 0 8223.57 4425.75 8203.92 8203.92
65, 1, 55: 0 8223.57 4099.69 8203.92 8203.92
66, 1, 55: 0 8223.57 4660.88 8203.92 8203.92
67, 1, 55: 0 8223.57 4458.06 8203.92 8203.92
68, 1, 55: 0 8223.57 3032.74 8203.92 8203.92
69, 1, 55: 0 8223.57 4051.32 8203.92 8203.92
70, 1, 55: 0 8223.57 4510.22 8203.92 8203.92
Customer 33 - Obj: 177.268   part1: 177.268   part2: 0
33, 2: 1 3145.82 3140.11
0, 2: 0 -
63, 2, 56: 0 3145.82 1716.72 3140.11 3140.11
64, 2, 56: 0 3145.82 1662.44 3140.11 3140.11
65, 2, 56: 0 3145.82 1548.92 3140.11 3140.11
66, 2, 56: 0 3145.82 1744.29 3140.11 3140.11
67, 2, 56: 0 3145.82 1673.68 3140.11 3140.11
68, 2, 56: 0 3145.82 1640.23 3140.11 3140.11
69, 2, 56: 0 3145.82 1532.08 3140.11 3140.11
70, 2, 56: 0 3145.82 1691.84 3140.11 3140.11
33, 4: 1 3297.2 3219.23
0, 4: 0 -
63, 4, 57: 0 3297.2 1716.72 3219.23 3219.23
64, 4, 57: 0 3297.2 1662.44 3219.23 3219.23
65, 4, 57: 0 3297.2 1548.92 3219.23 3219.23
66, 4, 57: 0 3297.2 1744.29 3219.23 3219.23
67, 4, 57: 0 3297.2 1673.68 3219.23 3219.23
68, 4, 57: 0 3297.2 1640.23 3219.23 3219.23
69, 4, 57: 0 3297.2 1532.08 3219.23 3219.23
70, 4, 57: 0 3297.2 1691.84 3219.23 3219.23
33, 9: 1 714.881 621.29
0, 9: 0 -
63, 9, 58: 0 714.881 1716.72 621.29 621.29
64, 9, 58: 0 714.881 1662.44 621.29 621.29
65, 9, 58: 0 714.881 1548.92 621.29 621.29
66, 9, 58: 0 714.881 1744.29 621.29 621.29
67, 9, 58: 0 714.881 1673.68 621.29 621.29
68, 9, 58: 0 714.881 1640.23 621.29 621.29
69, 9, 58: 0 714.881 1532.08 621.29 621.29
70, 9, 58: 0 714.881 1691.84 621.29 621.29
Customer 34 - Obj: 20.5794   part1: 20.5794   part2: 1.38867e-12
34, 5: 0 6685.89 6665.31
0, 5: 0 -
63, 5, 59: 0 6685.89 6254.02 6665.31 6665.31
64, 5, 59: 0 6685.89 6061.69 6665.31 6665.31
65, 5, 59: 0 6685.89 5659.49 6665.31 6665.31
66, 5, 59: 0 6685.89 6351.7 6665.31 6665.31
67, 5, 59: 1 6685.89 0 6665.31 6665.31
68, 5, 59: 0 6685.89 5983 6665.31 6665.31
69, 5, 59: 0 6685.89 5599.83 6665.31 6665.31
70, 5, 59: 0 6685.89 6165.88 6665.31 6665.31
Customer 35 - Obj: 121.845   part1: 121.845   part2: 0
35, 8: 1 8634.56 8526.93
0, 8: 0 -
63, 8, 60: 0 8634.56 4572.87 8526.93 8526.93
64, 8, 60: 0 8634.56 3861.69 8526.93 8526.93
65, 8, 60: 0 8634.56 5427.9 8526.93 8526.93
66, 8, 60: 0 8634.56 3553.19 8526.93 8526.93
67, 8, 60: 0 8634.56 4462.65 8526.93 8526.93
68, 8, 60: 0 8634.56 4055.48 8526.93 8526.93
69, 8, 60: 0 8634.56 5371.28 8526.93 8526.93
70, 8, 60: 0 8634.56 4489.2 8526.93 8526.93
35, 9: 1 635.501 621.29
0, 9: 0 -
63, 9, 61: 0 635.501 4572.87 621.29 621.29
64, 9, 61: 0 635.501 3861.69 621.29 621.29
65, 9, 61: 0 635.501 5427.9 621.29 621.29
66, 9, 61: 0 635.501 3553.19 621.29 621.29
67, 9, 61: 0 635.501 4462.65 621.29 621.29
68, 9, 61: 0 635.501 4055.48 621.29 621.29
69, 9, 61: 0 635.501 5371.28 621.29 621.29
70, 9, 61: 0 635.501 4489.2 621.29 621.29
Customer 36 - Obj: 365.481   part1: 365.481   part2: 1.63709e-10
36, 7: 1 4526.71 4508.14
0, 7: 0 -
63, 7, 62: 0 4526.71 704.919 4508.14 4508.14
64, 7, 62: 0 4526.71 597.074 4508.14 4508.14
65, 7, 62: 0 4526.71 834.579 4508.14 4508.14
66, 7, 62: 0 4526.71 550.296 4373.94 4508.14
67, 7, 62: 0 4526.71 688.209 4508.14 4508.14
68, 7, 62: 0 4526.71 626.464 4508.14 4508.14
69, 7, 62: 0 4526.71 825.993 4508.14 4508.14
70, 7, 62: 0 4526.71 692.235 4508.14 4508.14
36, 5: 1 6817.75 6665.31
0, 5: 0 -
63, 5, 63: 0 6817.75 704.919 6665.31 6665.31
64, 5, 63: 0 6817.75 597.074 6665.31 6665.31
65, 5, 63: 0 6817.75 834.579 6665.31 6665.31
66, 5, 63: 0 6817.75 550.296 6249.21 6665.31
67, 5, 63: 0 6817.75 688.209 6665.31 6665.31
68, 5, 63: 0 6817.75 626.464 6249.21 6665.31
69, 5, 63: 0 6817.75 825.993 6665.31 6665.31
70, 5, 63: 0 6817.75 692.235 6665.31 6665.31
36, 0: 1 6374.82 6180.34
0, 0: 0 -
63, 0, 64: 0 6374.82 704.919 6180.34 6180.34
64, 0, 64: 0 6374.82 597.074 6180.34 6180.34
65, 0, 64: 0 6374.82 834.579 6180.34 6180.34
66, 0, 64: 0 6374.82 550.296 6180.34 6180.34
67, 0, 64: 0 6374.82 688.209 6180.34 6180.34
68, 0, 64: 0 6374.82 626.464 6180.34 6180.34
69, 0, 64: 0 6374.82 825.993 6180.34 6180.34
70, 0, 64: 0 6374.82 692.235 6180.34 6180.34
Customer 37 - Obj: 220.765   part1: 220.765   part2: 0
37, 1: 0 8283.89 8203.92
0, 1: 0 -
63, 1, 65: 0 8283.89 97.9519 8203.92 8203.92
64, 1, 65: 0 8283.89 83.3909 8203.92 8203.92
65, 1, 65: 0 8283.89 115.458 8203.92 8203.92
66, 1, 65: 0 8283.89 77.0751 8203.92 8203.92
67, 1, 65: 1 8283.89 0 8203.92 8203.92
68, 1, 65: 0 8283.89 87.3586 8203.92 8203.92
69, 1, 65: 0 8283.89 114.299 8203.92 8203.92
70, 1, 65: 0 8283.89 96.2393 8203.92 8203.92
37, 7: 0 4582.07 4508.14
0, 7: 0 -
63, 7, 66: 0 4582.07 97.9519 4508.14 4508.14
64, 7, 66: 0 4582.07 83.3909 4508.14 4508.14
65, 7, 66: 0 4582.07 115.458 4508.14 4508.14
66, 7, 66: 0 4582.07 77.0751 4508.14 4508.14
67, 7, 66: 1 4582.07 0 4508.14 4508.14
68, 7, 66: 0 4582.07 87.3586 4508.14 4508.14
69, 7, 66: 0 4582.07 114.299 4508.14 4508.14
70, 7, 66: 0 4582.07 96.2393 4508.14 4508.14
37, 4: 0 3286.09 3219.23
0, 4: 0 -
63, 4, 67: 0 3286.09 97.9519 3219.23 3219.23
64, 4, 67: 0 3286.09 83.3909 3219.23 3219.23
65, 4, 67: 0 3286.09 115.458 3219.23 3219.23
66, 4, 67: 0 3286.09 77.0751 3219.23 3219.23
67, 4, 67: 1 3286.09 0 3219.23 3219.23
68, 4, 67: 0 3286.09 87.3586 3219.23 3219.23
69, 4, 67: 0 3286.09 114.299 3219.23 3219.23
70, 4, 67: 0 3286.09 96.2393 3219.23 3219.23
Customer 38 - Obj: 471.211   part1: 471.211   part2: 0
38, 6: 1 2389.11 2179.8
0, 6: 0 -
63, 6, 68: 0 2389.11 875.745 2179.8 2179.8
64, 6, 68: 0 2389.11 746.005 2179.8 2179.8
65, 6, 68: 0 2389.11 1031.72 2179.8 2179.8
66, 6, 68: 0 2389.11 689.726 2179.8 2179.8
67, 6, 68: 0 2389.11 855.638 2179.8 2179.8
68, 6, 68: 0 2389.11 781.358 2179.8 2179.8
69, 6, 68: 0 2389.11 1021.39 2179.8 2179.8
70, 6, 68: 0 2389.11 860.482 2179.8 2179.8
38, 3: 1 1221.12 981.225
0, 3: 0 -
63, 3, 69: 0 1221.12 875.745 981.225 981.225
64, 3, 69: 0 1221.12 746.005 981.225 981.225
65, 3, 69: 0 1221.12 1031.72 981.225 981.225
66, 3, 69: 0 1221.12 689.726 981.225 981.225
67, 3, 69: 0 1221.12 855.638 981.225 981.225
68, 3, 69: 0 1221.12 781.358 981.225 981.225
69, 3, 69: 0 1221.12 1021.39 981.225 981.225
70, 3, 69: 0 1221.12 860.482 981.225 981.225
38, 8: 1 8548.94 8526.93
0, 8: 0 -
63, 8, 70: 0 8548.94 875.745 8526.93 8526.93
64, 8, 70: 0 8548.94 746.005 8526.93 8526.93
65, 8, 70: 0 8548.94 1031.72 8526.93 8526.93
66, 8, 70: 0 8548.94 689.726 8526.93 8526.93
67, 8, 70: 0 8548.94 855.638 8526.93 8526.93
68, 8, 70: 0 8548.94 781.358 8526.93 8526.93
69, 8, 70: 0 8548.94 1021.39 8526.93 8526.93
70, 8, 70: 0 8548.94 860.482 8526.93 8526.93
Customer 39 - Obj: -3997.83   part1: 314.435   part2: 4312.26
39, 0: 0 6367 6180.34
0, 0: 0 -
63, 0, 71: 0 6367 1755.6 6180.34 6180.34
64, 0, 71: 0 6367 1281.13 4753.11 6180.34
65, 0, 71: 0 6367 2053.32 6180.34 6180.34
66, 0, 71: 0 6367 1244.22 4753.11 6180.34
67, 0, 71: 1 6367 1717.22 6180.34 6180.34
68, 0, 71: 0 6367 1314.99 4753.11 6180.34
69, 0, 71: 0 6367 2033.61 6180.34 6180.34
70, 0, 71: 0 6367 0 6180.34 6180.34
39, 6: 0 2198.22 2179.8
0, 6: 0 -
63, 6, 72: 0 2198.22 1755.6 2179.8 2179.8
64, 6, 72: 1.5e-06 2198.22 1281.13 2179.8 2179.8
65, 6, 72: 0 2198.22 2053.32 2179.8 2179.8
66, 6, 72: 0.999999 2198.22 1244.22 2179.8 2179.8
67, 6, 72: 0 2198.22 1717.22 2179.8 2179.8
68, 6, 72: 0 2198.22 1314.99 2179.8 2179.8
69, 6, 72: 0 2198.22 2033.61 2179.8 2179.8
70, 6, 72: 0 2198.22 0 2179.8 2179.8
39, 8: 0 8636.28 8526.93
0, 8: 0 -
63, 8, 73: 0 8636.28 1755.6 8526.93 8526.93
64, 8, 73: 0 8636.28 1281.13 6389.57 8526.93
65, 8, 73: 0 8636.28 2053.32 8526.93 8526.93
66, 8, 73: 0 8636.28 1244.22 6389.57 8526.93
67, 8, 73: 1 8636.28 1717.22 8526.93 8526.93
68, 8, 73: 0 8636.28 1314.99 8526.93 8526.93
69, 8, 73: 0 8636.28 2033.61 8526.93 8526.93
70, 8, 73: 0 8636.28 0 8526.93 8526.93
Customer 40 - Obj: 42.0667   part1: 42.0667   part2: 0
40, 3: 0 1023.29 981.225
0, 3: 0 -
63, 3, 74: 0 1023.29 3611.55 981.225 981.225
64, 3, 74: 0 1023.29 2829.09 981.225 981.225
65, 3, 74: 0 1023.29 5272.05 981.225 981.225
66, 3, 74: 0 1023.29 2724.56 981.225 981.225
67, 3, 74: 1 1023.29 0 981.225 981.225
68, 3, 74: 0 1023.29 2924.94 981.225 981.225
69, 3, 74: 0 1023.29 5216.23 981.225 981.225
70, 3, 74: 0 1023.29 3529.06 981.225 981.225
Customer 41 - Obj: 198.022   part1: 198.022   part2: 0
41, 1: 1 8236.98 8203.92
0, 1: 0 -
63, 1, 75: 0 8236.98 2726.08 8203.92 8203.92
64, 1, 75: 0 8236.98 2146.84 8203.92 8203.92
65, 1, 75: 0 8236.98 3955.33 8203.92 8203.92
66, 1, 75: 0 8236.98 2069.48 8203.92 8203.92
67, 1, 75: 0 8236.98 2645.66 8203.92 8203.92
68, 1, 75: 0 8236.98 2217.82 8203.92 8203.92
69, 1, 75: 0 8236.98 3914.01 8203.92 8203.92
70, 1, 75: 0 8236.98 2665.04 8203.92 8203.92
41, 2: 1 3305.06 3140.11
0, 2: 0 -
63, 2, 76: 0 3305.06 2726.08 3140.11 3140.11
64, 2, 76: 0 3305.06 2146.84 3140.11 3140.11
65, 2, 76: 0 3305.06 3955.33 3140.11 3140.11
66, 2, 76: 0 3305.06 2069.48 3140.11 3140.11
67, 2, 76: 0 3305.06 2645.66 3140.11 3140.11
68, 2, 76: 0 3305.06 2217.82 3140.11 3140.11
69, 2, 76: 0 3305.06 3914.01 3140.11 3140.11
70, 2, 76: 0 3305.06 2665.04 3140.11 3140.11
Customer 42 - Obj: 51.4553   part1: 51.4553   part2: 8.45849e-11
42, 4: 0 3264.11 3219.23
0, 4: 0 -
63, 4, 77: 0 3264.11 118.622 3219.23 3219.23
64, 4, 77: 0 3264.11 76.6548 3219.23 3219.23
65, 4, 77: 0 3264.11 124.37 3219.23 3219.23
66, 4, 77: 0 3264.11 93.9937 3219.23 3219.23
67, 4, 77: 1 3264.11 0 3219.23 3219.23
68, 4, 77: 0 3264.11 71.8816 3219.23 3219.23
69, 4, 77: 0 3264.11 122.82 3219.23 3219.23
70, 4, 77: 0 3264.11 116.333 3219.23 3219.23
42, 7: 0 4514.71 4508.14
0, 7: 0 -
63, 7, 78: 0 4514.71 118.622 4508.14 4508.14
64, 7, 78: 0 4514.71 76.6548 4508.14 4508.14
65, 7, 78: 0 4514.71 124.37 4508.14 4508.14
66, 7, 78: 0 4514.71 93.9937 4508.14 4508.14
67, 7, 78: 1 4514.71 0 4508.14 4508.14
68, 7, 78: 0 4514.71 71.8816 4508.14 4508.14
69, 7, 78: 0 4514.71 122.82 4508.14 4508.14
70, 7, 78: 0 4514.71 116.333 4508.14 4508.14
Customer 43 - Obj: 72.9355   part1: 72.9355   part2: 8.45883e-13
43, 5: 0 6738.25 6665.31
0, 5: 0 -
63, 5, 79: 0 6738.25 476.19 6665.31 6665.31
64, 5, 79: 0 6738.25 359.747 6665.31 6665.31
65, 5, 79: 0 6738.25 421.585 6665.31 6665.31
66, 5, 79: 0 6738.25 416.11 6665.31 6665.31
67, 5, 79: 1 6738.25 0 6665.31 6665.31
68, 5, 79: 0 6738.25 0 6665.31 6665.31
69, 5, 79: 0 6738.25 416.106 6665.31 6665.31
70, 5, 79: 0 6738.25 468.092 6665.31 6665.31
Customer 44 - Obj: 110.4   part1: 110.4   part2: 0
44, 7: 1 4563.83 4508.14
0, 7: 0 -
63, 7, 80: 0 4563.83 1168.26 4508.14 4508.14
64, 7, 80: 0 4563.83 882.803 4508.14 4508.14
65, 7, 80: 0 4563.83 1034.4 4508.14 4508.14
66, 7, 80: 0 4563.83 1114.78 4508.14 4508.14
67, 7, 80: 0 4563.83 1133.92 4508.14 4508.14
68, 7, 80: 0 4563.83 844.727 4508.14 4508.14
69, 7, 80: 0 4563.83 1020.97 4508.14 4508.14
70, 7, 80: 0 4563.83 1148.41 4508.14 4508.14
44, 5: 1 6679.77 6665.31
0, 5: 0 -
63, 5, 81: 0 6679.77 1168.26 6665.31 6665.31
64, 5, 81: 0 6679.77 882.803 6665.31 6665.31
65, 5, 81: 0 6679.77 1034.4 6665.31 6665.31
66, 5, 81: 0 6679.77 1114.78 6665.31 6665.31
67, 5, 81: 0 6679.77 1133.92 6665.31 6665.31
68, 5, 81: 0 6679.77 844.727 6665.31 6665.31
69, 5, 81: 0 6679.77 1020.97 6665.31 6665.31
70, 5, 81: 0 6679.77 1148.41 6665.31 6665.31
44, 3: 1 1021.48 981.225
0, 3: 0 -
63, 3, 82: 0 1021.48 1168.26 981.225 981.225
64, 3, 82: 0 1021.48 882.803 981.225 981.225
65, 3, 82: 0 1021.48 1034.4 981.225 981.225
66, 3, 82: 0 1021.48 1114.78 981.225 981.225
67, 3, 82: 0 1021.48 1133.92 981.225 981.225
68, 3, 82: 0 1021.48 844.727 981.225 981.225
69, 3, 82: 0 1021.48 1020.97 981.225 981.225
70, 3, 82: 0 1021.48 1148.41 981.225 981.225
Customer 45 - Obj: 458.015   part1: 458.015   part2: 0
45, 3: 0 985.201 981.225
0, 3: 0 -
63, 3, 83: 0 985.201 2792.14 981.225 981.225
64, 3, 83: 1 985.201 0 981.225 981.225
65, 3, 83: 0 985.201 2491.17 981.225 981.225
66, 3, 83: 0 985.201 2463.54 981.225 981.225
67, 3, 83: 0 985.201 2714.94 981.225 981.225
68, 3, 83: 0 985.201 2064.73 981.225 981.225
69, 3, 83: 0 985.201 2460.97 981.225 981.225
70, 3, 83: 0 985.201 0 981.225 981.225
45, 5: 0 7039.18 6665.31
0, 5: 0 -
63, 5, 84: 0 7039.18 2792.14 6665.31 6665.31
64, 5, 84: 1 7039.18 0 6665.31 6665.31
65, 5, 84: 0 7039.18 2491.17 6665.31 6665.31
66, 5, 84: 0 7039.18 2463.54 6665.31 6665.31
67, 5, 84: 0 7039.18 2714.94 6665.31 6665.31
68, 5, 84: 0 7039.18 2064.73 6665.31 6665.31
69, 5, 84: 0 7039.18 2460.97 6665.31 6665.31
70, 5, 84: 0 7039.18 0 6665.31 6665.31
45, 9: 0 701.464 621.29
0, 9: 0 -
63, 9, 85: 0 701.464 2792.14 621.29 621.29
64, 9, 85: 1 701.464 0 621.29 621.29
65, 9, 85: 0 701.464 2491.17 621.29 621.29
66, 9, 85: 0 701.464 2463.54 621.29 621.29
67, 9, 85: 0 701.464 2714.94 621.29 621.29
68, 9, 85: 0 701.464 2064.73 621.29 621.29
69, 9, 85: 0 701.464 2460.97 621.29 621.29
70, 9, 85: 0 701.464 0 621.29 621.29
Customer 46 - Obj: 322.561   part1: 322.561   part2: 9.49625e-12
46, 5: 1 6926.51 6665.31
0, 5: 0 -
63, 5, 86: 0 6926.51 297.284 6665.31 6665.31
64, 5, 86: 0 6926.51 192.68 6665.31 6665.31
65, 5, 86: 0 6926.51 272.188 6665.31 6665.31
66, 5, 86: 0 6926.51 218.797 6665.31 6665.31
67, 5, 86: 0 6926.51 290.847 6665.31 6665.31
68, 5, 86: 0 6926.51 185.541 6665.31 6665.31
69, 5, 86: 0 6926.51 269.67 6665.31 6665.31
70, 5, 86: 0 6926.51 293.564 6665.31 6665.31
46, 1: 1 8265.28 8203.92
0, 1: 0 -
63, 1, 87: 0 8265.28 297.284 8203.92 8203.92
64, 1, 87: 0 8265.28 192.68 8203.92 8203.92
65, 1, 87: 0 8265.28 272.188 8203.92 8203.92
66, 1, 87: 0 8265.28 218.797 8203.92 8203.92
67, 1, 87: 0 8265.28 290.847 8203.92 8203.92
68, 1, 87: 4.88642e-14 8265.28 185.541 8203.92 8203.92
69, 1, 87: 0 8265.28 269.67 8203.92 8203.92
70, 1, 87: 0 8265.28 293.564 8203.92 8203.92
Customer 47 - Obj: 43.1709   part1: 43.1709   part2: 4.943e-12
47, 3: 1 1024.4 981.225
0, 3: 0 -
63, 3, 88: 0 1024.4 4610.75 981.225 981.225
64, 3, 88: 0 1024.4 3549.29 981.225 981.225
65, 3, 88: 0 1024.4 4112.99 981.225 981.225
66, 3, 88: 0 1024.4 4067.27 981.225 981.225
67, 3, 88: 0 1024.4 4483.07 981.225 981.225
68, 3, 88: 0 1024.4 3407.71 981.225 981.225
69, 3, 88: 0 1024.4 4063.04 981.225 981.225
70, 3, 88: 0 1024.4 4536.94 981.225 981.225
Customer 48 - Obj: 66.5742   part1: 66.5742   part2: 8.50378e-11
48, 0: 1 6182.76 6180.34
0, 0: 0 -
63, 0, 89: 0 6182.76 643.003 6180.34 6180.34
64, 0, 89: 0 6182.76 493.55 6180.34 6180.34
65, 0, 89: 0 6182.76 572.918 6180.34 6180.34
66, 0, 89: 0 6182.76 566.481 6180.34 6180.34
67, 0, 89: 0 6182.76 625.026 6180.34 6180.34
68, 0, 89: 1.44319e-13 6182.76 473.616 6180.34 6180.34
69, 0, 89: 0 6182.76 565.886 6180.34 6180.34
70, 0, 89: 0 6182.76 632.61 6180.34 6180.34
48, 1: 1 8235.61 8203.92
0, 1: 0 -
63, 1, 90: 0 8235.61 643.003 8203.92 8203.92
64, 1, 90: 0 8235.61 493.55 8203.92 8203.92
65, 1, 90: 0 8235.61 572.918 8203.92 8203.92
66, 1, 90: 0 8235.61 566.481 8203.92 8203.92
67, 1, 90: 0 8235.61 625.026 8203.92 8203.92
68, 1, 90: 0 8235.61 473.616 8203.92 8203.92
69, 1, 90: 0 8235.61 565.886 8203.92 8203.92
70, 1, 90: 0 8235.61 632.61 8203.92 8203.92
48, 4: 1 3251.69 3219.23
0, 4: 0 -
63, 4, 91: 0 3251.69 643.003 3219.23 3219.23
64, 4, 91: 0 3251.69 493.55 3219.23 3219.23
65, 4, 91: 0 3251.69 572.918 3219.23 3219.23
66, 4, 91: 0 3251.69 566.481 3219.23 3219.23
67, 4, 91: 0 3251.69 625.026 3219.23 3219.23
68, 4, 91: 1.77758e-13 3251.69 473.616 3219.23 3219.23
69, 4, 91: 0 3251.69 565.886 3219.23 3219.23
70, 4, 91: 0 3251.69 632.61 3219.23 3219.23
Customer 49 - Obj: 63.1867   part1: 63.1867   part2: 1.48874e-11
49, 3: 1 1005.29 981.225
0, 3: 0 -
63, 3, 92: 0 1005.29 399.591 981.225 981.225
64, 3, 92: 0 1005.29 307.141 981.225 981.225
65, 3, 92: 0 1005.29 356.237 981.225 981.225
66, 3, 92: 0 1005.29 352.257 981.225 981.225
67, 3, 92: 0 1005.29 388.47 981.225 981.225
68, 3, 92: 0 1005.29 294.81 981.225 981.225
69, 3, 92: 0 1005.29 0 981.225 981.225
70, 3, 92: 0 1005.29 393.164 981.225 981.225
49, 9: 1 660.417 621.29
0, 9: 0 -
63, 9, 93: 0 660.417 399.591 621.29 621.29
64, 9, 93: 0 660.417 307.141 621.29 621.29
65, 9, 93: 0 660.417 356.237 621.29 621.29
66, 9, 93: 0 660.417 352.257 621.29 621.29
67, 9, 93: 0 660.417 388.47 621.29 621.29
68, 9, 93: 0 660.417 294.81 503.527 621.29
69, 9, 93: 0 660.417 0 621.29 621.29
70, 9, 93: 0 660.417 393.164 621.29 621.29
Customer 50 - Obj: 147.77   part1: 147.77   part2: 1.68711e-10
50, 0: 1 6234.49 6180.34
0, 0: 0 -
63, 0, 94: 0 6234.49 4265.17 6180.34 6180.34
64, 0, 94: 8.52082e-15 6234.49 3296.73 6180.34 6180.34
65, 0, 94: 0 6234.49 3811.04 6180.34 6180.34
66, 0, 94: 0 6234.49 3769.33 6180.34 6180.34
67, 0, 94: 0 6234.49 4148.7 6180.34 6180.34
68, 0, 94: 0 6234.49 3167.53 6180.34 6180.34
69, 0, 94: 0 6234.49 3765.47 6180.34 6180.34
70, 0, 94: 0 6234.49 4197.85 6180.34 6180.34
50, 6: 1 2199.81 2179.8
0, 6: 0 -
63, 6, 95: 0 2199.81 4265.17 2179.8 2179.8
64, 6, 95: 0 2199.81 3296.73 2179.8 2179.8
65, 6, 95: 0 2199.81 3811.04 2179.8 2179.8
66, 6, 95: 0 2199.81 3769.33 2179.8 2179.8
67, 6, 95: 0 2199.81 4148.7 2179.8 2179.8
68, 6, 95: 0 2199.81 3167.53 2179.8 2179.8
69, 6, 95: 0 2199.81 3765.47 2179.8 2179.8
70, 6, 95: 0 2199.81 4197.85 2179.8 2179.8
50, 1: 1 8277.53 8203.92
0, 1: 0 -
63, 1, 96: 0 8277.53 4265.17 8203.92 8203.92
64, 1, 96: 0 8277.53 3296.73 8203.92 8203.92
65, 1, 96: 0 8277.53 3811.04 8203.92 8203.92
66, 1, 96: 0 8277.53 3769.33 8203.92 8203.92
67, 1, 96: 0 8277.53 4148.7 8203.92 8203.92
68, 1, 96: 0 8277.53 3167.53 8203.92 8203.92
69, 1, 96: 0 8277.53 3765.47 8203.92 8203.92
70, 1, 96: 0 8277.53 4197.85 8203.92 8203.92
Customer 51 - Obj: 133.594   part1: 133.594   part2: 1.38762e-11
51, 4: 1 3352.82 3219.23
0, 4: 0 -
63, 4, 97: 0 3352.82 2421.03 3219.23 3219.23
64, 4, 97: 0 3352.82 1870.37 3219.23 3219.23
65, 4, 97: 0 3352.82 2162.8 3219.23 3219.23
66, 4, 97: 0 3352.82 2139.09 3219.23 3219.23
67, 4, 97: 0 3352.82 2354.79 3219.23 3219.23
68, 4, 97: 0 3352.82 1796.92 3219.23 3219.23
69, 4, 97: 0 3352.82 2136.89 3219.23 3219.23
70, 4, 97: 0 3352.82 2382.74 3219.23 3219.23
Customer 52 - Obj: -349.815   part1: 147.019   part2: 496.835
52, 8: 0 8673.95 8526.93
0, 8: 0 -
63, 8, 98: 0 8673.95 0 8526.93 8526.93
64, 8, 98: 0 8673.95 435.56 8526.93 8526.93
65, 8, 98: 0 8673.95 502.24 8526.93 8526.93
66, 8, 98: 1 8673.95 496.835 8526.93 8526.93
67, 8, 98: 0 8673.95 0 8526.93 8526.93
68, 8, 98: 0 8673.95 418.812 6389.57 8526.93
69, 8, 98: 0 8673.95 496.332 8526.93 8526.93
70, 8, 98: 0 8673.95 552.39 8526.93 8526.93
Customer 53 - Obj: 23.1032   part1: 23.1032   part2: -3.16416e-15
53, 0: 1 6203.45 6180.34
0, 0: 0 -
63, 0, 99: 0 6203.45 1824.01 6180.34 6180.34
64, 0, 99: 0 6203.45 1769.54 6180.34 6180.34
65, 0, 99: 0 6203.45 1655.63 6180.34 6180.34
66, 0, 99: 0 6203.45 1851.68 6180.34 6180.34
67, 0, 99: 0 6203.45 1780.82 6180.34 6180.34
68, 0, 99: 0 6203.45 1747.25 6180.34 6180.34
69, 0, 99: 0 6203.45 1638.74 6180.34 6180.34
70, 0, 99: 0 6203.45 0 6180.34 6180.34
Customer 54 - Obj: 64.6266   part1: 64.6266   part2: 0
54, 6: 0 2244.42 2179.8
0, 6: 0 -
63, 6, 100: 0 2244.42 11179.9 2179.8 2179.8
64, 6, 100: 0 2244.42 7611.91 2179.8 2179.8
65, 6, 100: 0 2244.42 10333.5 2179.8 2179.8
66, 6, 100: 0 2244.42 8492.71 2179.8 2179.8
67, 6, 100: 1 2244.42 0 2179.8 2179.8
68, 6, 100: 0 2244.42 7371.17 2179.8 2179.8
69, 6, 100: 0 2244.42 10248.6 2179.8 2179.8
70, 6, 100: 0 2244.42 11054.4 2179.8 2179.8
Customer 55 - Obj: 26.484   part1: 26.484   part2: 3.59243e-11
55, 5: 1 6691.8 6665.31
0, 5: 0 -
63, 5, 101: 0 6691.8 6892.07 6665.31 6665.31
64, 5, 101: 0 6691.8 4672.29 6665.31 6665.31
65, 5, 101: 0 6691.8 6365.51 6665.31 6665.31
66, 5, 101: 0 6691.8 5220.25 6665.31 6665.31
67, 5, 101: 0 6691.8 6757.03 6665.31 6665.31
68, 5, 101: 0 6691.8 4522.51 6665.31 6665.31
69, 5, 101: 0 6691.8 6312.68 6665.31 6665.31
70, 5, 101: 0 6691.8 6814.01 6665.31 6665.31
Customer 56 - Obj: 418.211   part1: 459.449   part2: 41.238
56, 1: 0 8486.21 8203.92
0, 1: 0 -
63, 1, 102: 0 8486.21 2419.23 8203.92 8203.92
64, 1, 102: 1 8486.21 0 8203.92 8203.92
65, 1, 102: 0 8486.21 2537.3 8203.92 8203.92
66, 1, 102: 0 8486.21 2096.69 5561.73 8203.92
67, 1, 102: 0 8486.21 2379.72 5561.73 8203.92
68, 1, 102: 0 8486.21 1829.33 8203.92 8203.92
69, 1, 102: 0 8486.21 2517 8203.92 8203.92
70, 1, 102: 0 8486.21 2389.24 8203.92 8203.92
56, 8: 0 8698.78 8526.93
0, 8: 0 -
63, 8, 103: 0 8698.78 2419.23 8526.93 8526.93
64, 8, 103: 1 8698.78 0 8526.93 8526.93
65, 8, 103: 0 8698.78 2537.3 8526.93 8526.93
66, 8, 103: 0 8698.78 2096.69 6389.57 8526.93
67, 8, 103: 0 8698.78 2379.72 8526.93 8526.93
68, 8, 103: 0 8698.78 1829.33 8526.93 8526.93
69, 8, 103: 0 8698.78 2517 8526.93 8526.93
70, 8, 103: 0 8698.78 2389.24 8526.93 8526.93
56, 7: 0 4513.45 4508.14
0, 7: 0 -
63, 7, 104: 0 4513.45 2419.23 4508.14 4508.14
64, 7, 104: 1 4513.45 0 4508.14 4508.14
65, 7, 104: 0 4513.45 2537.3 4508.14 4508.14
66, 7, 104: 0 4513.45 2096.69 4508.14 4508.14
67, 7, 104: 0 4513.45 2379.72 4508.14 4508.14
68, 7, 104: 0 4513.45 1829.33 4508.14 4508.14
69, 7, 104: 0 4513.45 2517 4508.14 4508.14
70, 7, 104: 0 4513.45 2389.24 4508.14 4508.14
Customer 57 - Obj: 154.534   part1: 154.534   part2: 0
57, 5: 0 6742.62 6665.31
0, 5: 0 -
63, 5, 105: 0 6742.62 7.46311 6665.31 6665.31
64, 5, 105: 0 6742.62 6.58247 6665.31 6665.31
65, 5, 105: 0 6742.62 7.97449 6665.31 6665.31
66, 5, 105: 0 6742.62 0 6665.31 6665.31
67, 5, 105: 1 6742.62 0 6665.31 6665.31
68, 5, 105: 0 6742.62 5.78335 6665.31 6665.31
69, 5, 105: 0 6742.62 7.91167 6665.31 6665.31
70, 5, 105: 0 6742.62 7.3703 6665.31 6665.31
57, 9: 0 698.513 621.29
0, 9: 0 -
63, 9, 106: 0 698.513 7.46311 621.29 621.29
64, 9, 106: 0 698.513 6.58247 621.29 621.29
65, 9, 106: 0 698.513 7.97449 621.29 621.29
66, 9, 106: 0 698.513 0 621.29 621.29
67, 9, 106: 1 698.513 0 621.29 621.29
68, 9, 106: 0 698.513 5.78335 621.29 621.29
69, 9, 106: 0 698.513 7.91167 621.29 621.29
70, 9, 106: 0 698.513 7.3703 621.29 621.29
Customer 58 - Obj: 418.821   part1: 418.821   part2: 7.82165e-11
58, 1: 1 8496.31 8203.92
0, 1: 0 -
63, 1, 107: 0 8496.31 3017.98 8203.92 8203.92
64, 1, 107: 0 8496.31 2939.75 8203.92 8203.92
65, 1, 107: 0 8496.31 2776.18 8203.92 8203.92
66, 1, 107: 0 8496.31 2903.88 6630.33 8203.92
67, 1, 107: 0 8496.31 2955.95 8203.92 8203.92
68, 1, 107: 0 8496.31 2628.48 8203.92 8203.92
69, 1, 107: 0 8496.31 2751.92 8203.92 8203.92
70, 1, 107: 0 8496.31 2982.13 8203.92 8203.92
58, 4: 1 3311.75 3219.23
0, 4: 0 -
63, 4, 108: 0 3311.75 3017.98 3219.23 3219.23
64, 4, 108: 0 3311.75 2939.75 2213.19 3219.23
65, 4, 108: 0 3311.75 2776.18 3219.23 3219.23
66, 4, 108: 2.42874e-14 3311.75 2903.88 2213.19 3219.23
67, 4, 108: 0 3311.75 2955.95 3219.23 3219.23
68, 4, 108: 0 3311.75 2628.48 2213.19 3219.23
69, 4, 108: 0 3311.75 2751.92 3219.23 3219.23
70, 4, 108: 0 3311.75 2982.13 3219.23 3219.23
58, 2: 1 3174.01 3140.11
0, 2: 0 -
63, 2, 109: 0 3174.01 3017.98 3140.11 3140.11
64, 2, 109: 0 3174.01 2939.75 3140.11 3140.11
65, 2, 109: 0 3174.01 2776.18 3140.11 3140.11
66, 2, 109: 2.6647e-14 3174.01 2903.88 2815.86 3140.11
67, 2, 109: 0 3174.01 2955.95 3140.11 3140.11
68, 2, 109: 0 3174.01 2628.48 2815.86 3140.11
69, 2, 109: 0 3174.01 2751.92 3140.11 3140.11
70, 2, 109: 0 3174.01 2982.13 3140.11 3140.11
Customer 59 - Obj: 48.9317   part1: 48.9317   part2: 1.72815e-11
59, 7: 1 4557.07 4508.14
0, 7: 0 -
63, 7, 110: 0 4557.07 4810.29 4508.14 4508.14
64, 7, 110: 0 4557.07 4688.55 4508.14 4508.14
65, 7, 110: 0 4557.07 4433.99 4508.14 4508.14
66, 7, 110: 0 4557.07 4632.72 4508.14 4508.14
67, 7, 110: 0 4557.07 4713.78 4508.14 4508.14
68, 7, 110: 0 4557.07 4204.09 4508.14 4508.14
69, 7, 110: 0 4557.07 4396.22 4508.14 4508.14
70, 7, 110: 0 4557.07 4754.5 4508.14 4508.14
Customer 60 - Obj: 362.969   part1: 377.53   part2: 14.5609
60, 9: 0 984.259 621.29
0, 9: 0 -
63, 9, 111: 0 984.259 18.2551 621.29 621.29
64, 9, 111: 1 984.259 14.5609 606.729 621.29
65, 9, 111: 0 984.259 16.8491 621.29 621.29
66, 9, 111: 0 984.259 16.296 621.29 621.29
67, 9, 111: 0 984.259 17.8944 621.29 621.29
68, 9, 111: 0 984.259 14.161 621.29 621.29
69, 9, 111: 0 984.259 16.7081 621.29 621.29
70, 9, 111: 0 984.259 18.0466 621.29 621.29
Customer 61 - Obj: 124.433   part1: 124.433   part2: 0
61, 5: 1 6695.78 6665.31
0, 5: 0 -
63, 5, 112: 0 6695.78 14370.5 6665.31 6665.31
64, 5, 112: 0 6695.78 11439.2 6665.31 6665.31
65, 5, 112: 0 6695.78 13321.8 6665.31 6665.31
66, 5, 112: 0 6695.78 12731.5 6665.31 6665.31
67, 5, 112: 0 6695.78 14101.5 6665.31 6665.31
68, 5, 112: 0 6695.78 11140.9 6665.31 6665.31
69, 5, 112: 0 6695.78 13216.6 6665.31 6665.31
70, 5, 112: 0 6695.78 14215 6665.31 6665.31
61, 2: 1 3234.07 3140.11
0, 2: 0 -
63, 2, 113: 0 3234.07 14370.5 3140.11 3140.11
64, 2, 113: 0 3234.07 11439.2 3140.11 3140.11
65, 2, 113: 0 3234.07 13321.8 3140.11 3140.11
66, 2, 113: 0 3234.07 12731.5 3140.11 3140.11
67, 2, 113: 0 3234.07 14101.5 3140.11 3140.11
68, 2, 113: 0 3234.07 11140.9 3140.11 3140.11
69, 2, 113: 0 3234.07 13216.6 3140.11 3140.11
70, 2, 113: 0 3234.07 14215 3140.11 3140.11
Customer 62 - Obj: 415.148   part1: 415.148   part2: 0
62, 1: 1 8374.7 8203.92
0, 1: 0 -
63, 1, 114: 0 8374.7 766.78 8203.92 8203.92
64, 1, 114: 0 8374.7 602.604 8203.92 8203.92
65, 1, 114: 0 8374.7 712.649 8203.92 8203.92
66, 1, 114: 0 8374.7 663.864 8203.92 8203.92
67, 1, 114: 0 8374.7 752.897 8203.92 8203.92
68, 1, 114: 0 8374.7 587.205 8203.92 8203.92
69, 1, 114: 0 8374.7 707.218 8203.92 8203.92
70, 1, 114: 0 8374.7 758.755 8203.92 8203.92
62, 3: 1 1082.42 981.225
0, 3: 0 -
63, 3, 115: 0 1082.42 766.78 981.225 981.225
64, 3, 115: 0 1082.42 602.604 981.225 981.225
65, 3, 115: 0 1082.42 712.649 981.225 981.225
66, 3, 115: 0 1082.42 663.864 981.225 981.225
67, 3, 115: 0 1082.42 752.897 981.225 981.225
68, 3, 115: 0 1082.42 587.205 981.225 981.225
69, 3, 115: 0 1082.42 707.218 981.225 981.225
70, 3, 115: 0 1082.42 758.755 981.225 981.225
62, 8: 1 8670.09 8526.93
0, 8: 0 -
63, 8, 116: 0 8670.09 766.78 8526.93 8526.93
64, 8, 116: 0 8670.09 602.604 8526.93 8526.93
65, 8, 116: 0 8670.09 712.649 8526.93 8526.93
66, 8, 116: 0 8670.09 663.864 8526.93 8526.93
67, 8, 116: 0 8670.09 752.897 8526.93 8526.93
68, 8, 116: 0 8670.09 587.205 8526.93 8526.93
69, 8, 116: 0 8670.09 707.218 8526.93 8526.93
70, 8, 116: 0 8670.09 758.755 8526.93 8526.93
Routing:
6, 5, 0
7, 5, 0
8, 7, 0
9, 8, 0
12, 6, 0
12, 10, 0
14, 0, 0
14, 13, 0
14, 0, 1
15, 14, 1
16, 15, 1
17, 13, 0
21, 19, 1
23, 9, 0
23, 22, 0
25, 23, 1
28, 25, 1
30, 16, 1
31, 30, 1
32, 28, 1
32, 31, 1
33, 17, 0
36, 21, 1
36, 35, 1
38, 35, 1
41, 23, 1
41, 38, 1
44, 22, 0
47, 46, 0
48, 47, 0
49, 44, 0
50, 48, 0
51, 49, 0
51, 50, 0
53, 33, 0
55, 46, 0
58, 53, 0
59, 58, 0
61, 55, 0
62, 59, 0
62, 61, 0
64, 0, 0
64, 10, 0
65, 0, 2
66, 0, 1
66, 19, 1
67, 0, 2
67, 65, 2
Routing cost: 15136.9
[518143.7213129214, 15136.85953076569, 9517.955172538757, 0.007868419294707512, 1, 942.6827621497717, 0.3504273504273504, 0.3709677419354839, 0.3709677419354839]