70, 5: 0 6725.72 2133.07 6665.31
71, 5: 0 6725.72 0 6665.31
72, 5: 0 6725.72 3147.7 6665.31
73, 5: 0 6725.72 1775.82 6665.31
74, 5: 1 6725.72 0 6665.31
75, 5: 0 6725.72 963.406 6665.31
76, 5: 0 6725.72 0 6665.31
77, 5: 0 6725.72 2926.56 6665.31
78, 5: 0 6725.72 4466.62 6665.31
79, 5: 0 6725.72 3910.07 6665.31
80, 5: 0 6725.72 3181.89 6665.31
Customer 38 - Obj: 159.012   part1: 159.012   part2: 0
38, 5: 0 6818.2 6665.31
0, 5: 0 -
63, 5: 0 6818.2 817.007 6665.31
64, 5: 0 6818.2 843.396 6665.31
65, 5: 1 6818.2 0 6665.31
66, 5: 0 6818.2 1056.89 6665.31
67, 5: 0 6818.2 1243.81 6665.31
68, 5: 0 6818.2 1081.45 6665.31
69, 5: 0 6818.2 807.171 6665.31
70, 5: 0 6818.2 531.22 6665.31
71, 5: 0 6818.2 604.163 6665.31
72, 5: 0 6818.2 796.139 6665.31
73, 5: 0 6818.2 424.35 6249.21
74, 5: 0 6818.2 1358.05 6665.31
75, 5: 0 6818.2 207.162 6665.31
76, 5: 0 6818.2 456.742 6249.21
77, 5: 0 6818.2 633.553 6665.31
78, 5: 0 6818.2 1035.67 6665.31
79, 5: 0 6818.2 0 6665.31
80, 5: 0 6818.2 700.218 6665.31
38, 4: 0 3225.36 3219.23
0, 4: 0 -
63, 4: 0 3225.36 817.007 3219.23
64, 4: 0 3225.36 843.396 3219.23
65, 4: 1 3225.36 0 3219.23
66, 4: 0 3225.36 1056.89 2213.19
67, 4: 0 3225.36 1243.81 3219.23
68, 4: 0 3225.36 1081.45 3219.23
69, 4: 0 3225.36 807.171 3219.23
70, 4: 0 3225.36 531.22 3219.23
71, 4: 0 3225.36 604.163 3219.23
72, 4: 0 3225.36 796.139 3219.23
73, 4: 0 3225.36 424.35 3219.23
74, 4: 0 3225.36 1358.05 3219.23
75, 4: 0 3225.36 207.162 3219.23
76, 4: 0 3225.36 456.742 3219.23
77, 4: 0 3225.36 633.553 3219.23
78, 4: 0 3225.36 1035.67 3219.23
79, 4: 0 3225.36 0 3219.23
80, 4: 0 3225.36 700.218 3219.23
Customer 39 - Obj: 168.13   part1: 168.13   part2: 0
39, 3: 0 1040.84 981.225
0, 3: 0 -
63, 3: 0 1040.84 2294.37 981.225
64, 3: 0 1040.84 1997.48 981.225
65, 3: 0 1040.84 2254.01 981.225
66, 3: 0 1040.84 2320.97 981.225
67, 3: 0 1040.84 0 981.225
68, 3: 0 1040.84 2821.82 981.225
69, 3: 0 1040.84 2105.59 981.225
70, 3: 0 1040.84 1384.99 981.225
71, 3: 0 1040.84 1575.47 981.225
72, 3: 0 1040.84 2076.77 981.225
73, 3: 0 1040.84 948.518 981.225
74, 3: 1 1040.84 0 981.225
75, 3: 0 1040.84 0 981.225
76, 3: 0 1040.84 1190.5 981.225
77, 3: 0 1040.84 1652.21 981.225
78, 3: 0 1040.84 2702.26 981.225
79, 3: 0 1040.84 2322.79 981.225
80, 3: 0 1040.84 1826.3 981.225
39, 5: 0 6702.24 6665.31
0, 5: 0 -
63, 5: 0 6702.24 2294.37 6665.31
64, 5: 0 6702.24 1997.48 6665.31
65, 5: 0 6702.24 2254.01 6665.31
66, 5: 0 6702.24 2320.97 6665.31
67, 5: 1 6702.24 0 6665.31
68, 5: 0 6702.24 2821.82 6665.31
69, 5: 0 6702.24 2105.59 6665.31
70, 5: 0 6702.24 1384.99 6665.31
71, 5: 0 6702.24 1575.47 6665.31
72, 5: 0 6702.24 2076.77 6665.31
73, 5: 0 6702.24 948.518 6665.31
74, 5: 0 6702.24 0 6665.31
75, 5: 0 6702.24 0 6665.31
76, 5: 0 6702.24 1190.5 6665.31
77, 5: 0 6702.24 1652.21 6665.31
78, 5: 0 6702.24 2702.26 6665.31
79, 5: 0 6702.24 2322.79 6665.31
80, 5: 0 6702.24 1826.3 6665.31
39, 9: 0 692.882 621.29
0, 9: 0 -
63, 9: 0 692.882 2294.37 621.29
64, 9: 0 692.882 1997.48 621.29
65, 9: 0 692.882 2254.01 621.29
66, 9: 0 692.882 2320.97 621.29
67, 9: 1 692.882 0 621.29
68, 9: 0 692.882 2821.82 621.29
69, 9: 0 692.882 2105.59 621.29
70, 9: 0 692.882 1384.99 621.29
71, 9: 0 692.882 1575.47 621.29
72, 9: 0 692.882 2076.77 621.29
73, 9: 0 692.882 948.518 621.29
74, 9: 0 692.882 0 621.29
75, 9: 0 692.882 0 621.29
76, 9: 0 692.882 1190.5 621.29
77, 9: 0 692.882 1652.21 621.29
78, 9: 0 692.882 2702.26 621.29
79, 9: 0 692.882 2322.79 621.29
80, 9: 0 692.882 1826.3 621.29
Customer 40 - Obj: 49.8824   part1: 49.8824   part2: 0
40, 5: 0 6676.04 6665.31
0, 5: 0 -
63, 5: 0 6676.04 283.069 6665.31
64, 5: 0 6676.04 296.761 6665.31
65, 5: 0 6676.04 348.971 6665.31
66, 5: 0 6676.04 362.599 6665.31
67, 5: 0 6676.04 410.262 6665.31
68, 5: 0 6676.04 464.533 6665.31
69, 5: 0 6676.04 318.765 6665.31
70, 5: 0 6676.04 172.105 6665.31
71, 5: 0 6676.04 210.872 6665.31
72, 5: 0 6676.04 312.902 6665.31
73, 5: 0 6676.04 114.654 6665.31
74, 5: 0 6676.04 567.39 6665.31
75, 5: 0 6676.04 149.993 6665.31
76, 5: 0 6676.04 82.7367 6665.31
77, 5: 0 6676.04 180.686 6665.31
78, 5: 0 6676.04 344.972 6665.31
79, 5: 0 6676.04 318.819 6346.49
80, 5: 1 6676.04 0 6665.31
40, 1: 0 8243.07 8203.92
0, 1: 0 -
63, 1: 0 8243.07 283.069 8203.92
64, 1: 0 8243.07 296.761 8203.92
65, 1: 0 8243.07 348.971 8203.92
66, 1: 0 8243.07 362.599 8203.92
67, 1: 0 8243.07 410.262 8203.92
68, 1: 0 8243.07 464.533 8203.92
69, 1: 0 8243.07 318.765 8203.92
70, 1: 0 8243.07 172.105 8203.92
71, 1: 0 8243.07 210.872 8203.92
72, 1: 0 8243.07 312.902 8203.92
73, 1: 0 8243.07 114.654 8203.92
74, 1: 0 8243.07 567.39 8203.92
75, 1: 0 8243.07 149.993 8203.92
76, 1: 0 8243.07 82.7367 8203.92
77, 1: 0 8243.07 180.686 8203.92
78, 1: 0 8243.07 344.972 8203.92
79, 1: 0 8243.07 318.819 8203.92
80, 1: 1 8243.07 0 8203.92
Customer 41 - Obj: -16488.8   part1: 241.091   part2: 16729.9
41, 2: 0 3283.89 3140.11
0, 2: 0 -
63, 2: 0 3283.89 3802.74 3140.11
64, 2: 1 3283.89 3980.54 3140.11
65, 2: 0 3283.89 4658.69 3140.11
66, 2: 0 3283.89 4835.69 2815.86
67, 2: 0 3283.89 5454.78 2815.86
68, 2: 0 3283.89 6159.69 3140.11
69, 2: 0 3283.89 4266.34 3140.11
70, 2: 0 3283.89 2361.41 3140.11
71, 2: 0 3283.89 2864.94 2815.86
72, 2: 0 3283.89 4190.18 3140.11
73, 2: 0 3283.89 1615.24 2815.86
74, 2: 0 3283.89 8069.12 3140.11
75, 2: 0 3283.89 2074.2 3140.11
76, 2: 0 3283.89 1847.28 3140.11
77, 2: 0 3283.89 0 3140.11
78, 2: 0 3283.89 5083.5 3140.11
79, 2: 0 3283.89 4080.37 3140.11
80, 2: 0 3283.89 2719.92 2815.86
41, 0: 0 6246.9 6180.34
0, 0: 0 -
63, 0: 0 6246.9 3802.74 6180.34
64, 0: 0 6246.9 3980.54 4753.11
65, 0: 0 6246.9 4658.69 6180.34
66, 0: 0 6246.9 4835.69 6180.34
67, 0: 0 6246.9 5454.78 6180.34
68, 0: 0 6246.9 6159.69 6180.34
69, 0: 0 6246.9 4266.34 6180.34
70, 0: 0 6246.9 2361.41 4753.11
71, 0: 0 6246.9 2864.94 6180.34
72, 0: 0 6246.9 4190.18 6180.34
73, 0: 0 6246.9 1615.24 6180.34
74, 0: 1 6246.9 8069.12 6180.34
75, 0: 0 6246.9 2074.2 6180.34
76, 0: 0 6246.9 1847.28 6180.34
77, 0: 0 6246.9 0 6180.34
78, 0: 0 6246.9 5083.5 6180.34
79, 0: 0 6246.9 4080.37 6180.34
80, 0: 0 6246.9 2719.92 6180.34
41, 8: 0 8557.68 8526.93
0, 8: 0 -
63, 8: 0 8557.68 3802.74 8526.93
64, 8: 0 8557.68 3980.54 8526.93
65, 8: 1 8557.68 4658.69 8526.93
66, 8: 0 8557.68 4835.69 8526.93
67, 8: 0 8557.68 5454.78 8526.93
68, 8: 0 8557.68 6159.69 8526.93
69, 8: 0 8557.68 4266.34 8526.93
70, 8: 0 8557.68 2361.41 8526.93
71, 8: 0 8557.68 2864.94 8526.93
72, 8: 0 8557.68 4190.18 8526.93
73, 8: 0 8557.68 1615.24 8526.93
74, 8: 0 8557.68 8069.12 8526.93
75, 8: 0 8557.68 2074.2 8526.93
76, 8: 0 8557.68 1847.28 8526.93
77, 8: 0 8557.68 0 8526.93
78, 8: 0 8557.68 5083.5 8526.93
79, 8: 0 8557.68 4080.37 8526.93
80, 8: 0 8557.68 2719.92 8526.93
Customer 42 - Obj: 96.3106   part1: 96.3106   part2: 0
42, 0: 0 6180.8 6180.34
0, 0: 0 -
63, 0: 0 6180.8 1326.18 6180.34
64, 0: 0 6180.8 1098.95 6180.34
65, 0: 0 6180.8 994.091 6180.34
66, 0: 0 6180.8 885.94 6180.34
67, 0: 0 6180.8 972.7 6180.34
68, 0: 0 6180.8 1203.22 6180.34
69, 0: 0 6180.8 712.787 6180.34
70, 0: 0 6180.8 745.453 6180.34
71, 0: 0 6180.8 593.758 6180.34
72, 0: 0 6180.8 540.126 6180.34
73, 0: 0 6180.8 650.322 6180.34
74, 0: 0 6180.8 1059.34 5121
75, 0: 0 6180.8 937.846 6180.34
76, 0: 0 6180.8 424.125 6180.34
77, 0: 0 6180.8 0 6180.34
78, 0: 1 6180.8 0 6180.34
79, 0: 0 6180.8 493.496 6180.34
80, 0: 0 6180.8 327.374 6180.34
42, 4: 0 3315.08 3219.23
0, 4: 0 -
63, 4: 0 3315.08 1326.18 3219.23
64, 4: 0 3315.08 1098.95 3219.23
65, 4: 0 3315.08 994.091 3219.23
66, 4: 0 3315.08 885.94 3219.23
67, 4: 0 3315.08 972.7 2246.53
68, 4: 0 3315.08 1203.22 3219.23
69, 4: 0 3315.08 712.787 3219.23
70, 4: 0 3315.08 745.453 3219.23
71, 4: 0 3315.08 593.758 2625.47
72, 4: 0 3315.08 540.126 3219.23
73, 4: 0 3315.08 650.322 3219.23
74, 4: 0 3315.08 1059.34 3219.23
75, 4: 0 3315.08 937.846 3219.23
76, 4: 0 3315.08 424.125 2795.1
77, 4: 0 3315.08 0 3219.23
78, 4: 1 3315.08 0 3219.23
79, 4: 0 3315.08 493.496 3219.23
80, 4: 0 3315.08 327.374 2891.86
Customer 43 - Obj: 30.9106   part1: 30.9106   part2: 0
43, 9: 0 652.201 621.29
0, 9: 0 -
63, 9: 0 652.201 606.856 621.29
64, 9: 1 652.201 0 621.29
65, 9: 0 652.201 437.505 621.29
66, 9: 0 652.201 358.847 621.29
67, 9: 0 652.201 385.943 621.29
68, 9: 0 652.201 365.957 621.29
69, 9: 0 652.201 269.146 621.29
70, 9: 0 652.201 348.957 621.29
71, 9: 0 652.201 301.923 621.29
72, 9: 0 652.201 213.032 621.29
73, 9: 0 652.201 318.183 621.29
74, 9: 0 652.201 232.778 621.29
75, 9: 0 652.201 481.232 621.29
76, 9: 0 652.201 252.242 621.29
77, 9: 0 652.201 139.685 621.29
78, 9: 0 652.201 37.9872 621.29
79, 9: 0 652.201 76.9602 621.29
80, 9: 0 652.201 217.359 621.29
Customer 44 - Obj: 32.058   part1: 32.058   part2: 0
44, 2: 0 3172.16 3140.11
0, 2: 0 -
63, 2: 0 3172.16 2793.27 3140.11
64, 2: 0 3172.16 2443.05 3140.11
65, 2: 0 3172.16 2086.47 3140.11
66, 2: 0 3172.16 1711.72 3140.11
67, 2: 0 3172.16 1840.81 3140.11
68, 2: 0 3172.16 1745.6 3140.11
69, 2: 0 3172.16 1284.37 3140.11
70, 2: 0 3172.16 1898.23 3140.11
71, 2: 0 3172.16 1440.53 3140.11
72, 2: 0 3172.16 1017.01 3140.11
73, 2: 1 3172.16 0 3140.11
74, 2: 0 3172.16 1176.59 3140.11
75, 2: 0 3172.16 2194.75 3140.11
76, 2: 0 3172.16 1403 3140.11
77, 2: 0 3172.16 667.565 3140.11
78, 2: 0 3172.16 243.708 3140.11
79, 2: 0 3172.16 265.335 3140.11
80, 2: 0 3172.16 934.238 3140.11
Customer 45 - Obj: 142.489   part1: 142.489   part2: 0
45, 6: 0 2254.68 2179.8
0, 6: 0 -
63, 6: 0 2254.68 1616.77 1727.66
64, 6: 0 2254.68 1410.56 2179.8
65, 6: 1 2254.68 0 2179.8
66, 6: 0 2254.68 1115.65 2179.8
67, 6: 0 2254.68 0 2179.8
68, 6: 0 2254.68 1135.6 2179.8
69, 6: 0 2254.68 864.018 2179.8
70, 6: 0 2254.68 1089.77 2179.8
71, 6: 0 2254.68 904.557 1727.66
72, 6: 0 2254.68 706.599 2179.8
73, 6: 0 2254.68 1003.44 2179.8
74, 6: 0 2254.68 771.634 2179.8
75, 6: 0 2254.68 1264.36 2179.8
76, 6: 0 2254.68 798.178 1727.66
77, 6: 0 2254.68 471.918 2179.8
78, 6: 0 2254.68 0 2179.8
79, 6: 0 2254.68 74.7146 2179.8
80, 6: 0 2254.68 522.171 2179.8
45, 9: 0 632.075 621.29
0, 9: 0 -
63, 9: 0 632.075 1616.77 621.29
64, 9: 0 632.075 1410.56 503.527
65, 9: 1 632.075 0 621.29
66, 9: 0 632.075 1115.65 621.29
67, 9: 0 632.075 0 621.29
68, 9: 0 632.075 1135.6 621.29
69, 9: 0 632.075 864.018 621.29
70, 9: 0 632.075 1089.77 621.29
71, 9: 0 632.075 904.557 621.29
72, 9: 0 632.075 706.599 621.29
73, 9: 0 632.075 1003.44 621.29
74, 9: 0 632.075 771.634 503.527
75, 9: 0 632.075 1264.36 621.29
76, 9: 0 632.075 798.178 503.527
77, 9: 0 632.075 471.918 503.527
78, 9: 0 632.075 0 621.29
79, 9: 0 632.075 74.7146 546.576
80, 9: 0 632.075 522.171 621.29
45, 0: 0 6237.16 6180.34
0, 0: 0 -
63, 0: 0 6237.16 1616.77 6180.34
64, 0: 0 6237.16 1410.56 6180.34
65, 0: 1 6237.16 0 6180.34
66, 0: 0 6237.16 1115.65 5064.69
67, 0: 0 6237.16 0 6180.34
68, 0: 0 6237.16 1135.6 6180.34
69, 0: 0 6237.16 864.018 6180.34
70, 0: 0 6237.16 1089.77 6180.34
71, 0: 0 6237.16 904.557 6180.34
72, 0: 0 6237.16 706.599 6180.34
73, 0: 0 6237.16 1003.44 6180.34
74, 0: 0 6237.16 771.634 6180.34
75, 0: 0 6237.16 1264.36 6180.34
76, 0: 0 6237.16 798.178 6180.34
77, 0: 0 6237.16 471.918 6180.34
78, 0: 0 6237.16 0 6180.34
79, 0: 0 6237.16 74.7146 6180.34
80, 0: 0 6237.16 522.171 6180.34
Customer 46 - Obj: -570.827   part1: 240.039   part2: 810.865
46, 8: 0 8766.97 8526.93
0, 8: 0 -
63, 8: 0 8766.97 1051.47 8526.93
64, 8: 0 8766.97 0 8526.93
65, 8: 0 8766.97 880.229 8526.93
66, 8: 0 8766.97 745.509 8526.93
67, 8: 1 8766.97 791.912 8526.93
68, 8: 0 8766.97 757.687 8526.93
69, 8: 0 8766.97 591.873 8526.93
70, 8: 0 8766.97 0 8526.93
71, 8: 0 8766.97 616.624 6389.57
72, 8: 0 8766.97 495.764 8526.93
73, 8: 0 8766.97 677 8526.93
74, 8: 0 8766.97 445.204 8526.93
75, 8: 0 8766.97 0 8526.93
76, 8: 0 8766.97 551.673 8526.93
77, 8: 0 8766.97 370.427 8526.93
78, 8: 0 8766.97 204.004 8526.93
79, 8: 0 8766.97 87.9219 8526.93
80, 8: 0 8766.97 383.156 8526.93
Customer 47 - Obj: 45.6408   part1: 45.6408   part2: 0
47, 0: 0 6225.98 6180.34
0, 0: 0 -
63, 0: 0 6225.98 3036.53 6180.34
64, 0: 0 6225.98 0 6180.34
65, 0: 0 6225.98 2508.83 6180.34
66, 0: 0 6225.98 2093.66 6180.34
67, 0: 0 6225.98 0 6180.34
68, 0: 0 6225.98 2131.19 6180.34
69, 0: 0 6225.98 1620.2 6180.34
70, 0: 0 6225.98 2044.97 6180.34
71, 0: 0 6225.98 1696.48 6180.34
72, 0: 0 6225.98 1324.01 6180.34
73, 0: 1 6225.98 0 6180.34
74, 0: 0 6225.98 1570.47 6180.34
75, 0: 0 6225.98 2373.47 6180.34
76, 0: 0 6225.98 1496.32 6180.34
77, 0: 0 6225.98 937.779 6180.34
78, 0: 0 6225.98 441.134 6180.34
79, 0: 0 6225.98 43.3905 6180.34
80, 0: 0 6225.98 977.003 6180.34
Customer 48 - Obj: 51.5474   part1: 51.5474   part2: 2.59032e-13
48, 6: 0 2231.34 2179.8
0, 6: 0 -
63, 6: 0 2231.34 0 2179.8
64, 6: 1 2231.34 0 2179.8
65, 6: 0 2231.34 583.288 2179.8
66, 6: 0 2231.34 485.486 2179.8
67, 6: 0 2231.34 0 2179.8
68, 6: 0 2231.34 494.327 2179.8
69, 6: 0 2231.34 373.955 2179.8
70, 6: 0 2231.34 474.015 2179.8
71, 6: 0 2231.34 391.92 2179.8
72, 6: 0 2231.34 304.18 2179.8
73, 6: 0 2231.34 435.751 2179.8
74, 6: 0 2231.34 377.105 2179.8
75, 6: 0 2231.34 551.405 2179.8
76, 6: 0 2231.34 344.768 2179.8
77, 6: 0 2231.34 213.189 2179.8
78, 6: 0 2231.34 111.065 2179.8
79, 6: 0 2231.34 22.9687 2179.8
80, 6: 0 2231.34 222.429 2179.8
Customer 49 - Obj: 43.1189   part1: 58.8251   part2: 15.7062
49, 4: 0 3244.33 3219.23
0, 4: 0 -
63, 4: 0 3244.33 216.427 3219.23
64, 4: 0 3244.33 188.619 3219.23
65, 4: 0 3244.33 178.605 3219.23
66, 4: 0 3244.33 148.85 3219.23
67, 4: 0 3244.33 159.1 3219.23
68, 4: 0 3244.33 151.539 3219.23
69, 4: 0 3244.33 114.917 3219.23
70, 4: 0 3244.33 145.36 3219.23
71, 4: 0 3244.33 120.383 3219.23
72, 4: 0 3244.33 93.6894 3219.23
73, 4: 0 3244.33 133.718 3219.23
74, 4: 0 3244.33 116.395 3219.23
75, 4: 0 3244.33 168.904 3219.23
76, 4: 0 3244.33 106.038 3219.23
77, 4: 0 3244.33 66.0065 3219.23
78, 4: 0 3244.33 42.5086 3219.23
79, 4: 1 3244.33 15.7062 3203.52
80, 4: 0 3244.33 68.8177 3219.23
49, 1: 0 8221.94 8203.92
0, 1: 0 -
63, 1: 0 8221.94 216.427 8203.92
64, 1: 0 8221.94 188.619 8203.92
65, 1: 0 8221.94 178.605 8203.92
66, 1: 0 8221.94 148.85 8203.92
67, 1: 0 8221.94 159.1 8203.92
68, 1: 0 8221.94 151.539 8203.92
69, 1: 0 8221.94 114.917 8203.92
70, 1: 0 8221.94 145.36 8203.92
71, 1: 0 8221.94 120.383 8203.92
72, 1: 0 8221.94 93.6894 8203.92
73, 1: 0 8221.94 133.718 8203.92
74, 1: 0 8221.94 116.395 8203.92
75, 1: 0 8221.94 168.904 8035.02
76, 1: 0 8221.94 106.038 8203.92
77, 1: 0 8221.94 66.0065 8203.92
78, 1: 0 8221.94 42.5086 8203.92
79, 1: 1 8221.94 15.7062 8203.92
80, 1: 0 8221.94 68.8177 8203.92
Customer 50 - Obj: -1976.53   part1: 355.238   part2: 2331.77
50, 8: 0 8882.17 8526.93
0, 8: 0 -
63, 8: 0 8882.17 4000.65 8526.93
64, 8: 0 8882.17 3497.38 6389.57
65, 8: 0 8882.17 3316.13 6389.57
66, 8: 0 8882.17 2777.6 6389.57
67, 8: 0 8882.17 2963.09 8526.93
68, 8: 0 8882.17 2826.25 8526.93
69, 8: 0 8882.17 2163.44 8526.93
70, 8: 0 8882.17 2714.41 8526.93
71, 8: 1 8882.17 2262.38 8526.93
72, 8: 0 8882.17 1779.23 8526.93
73, 8: 0 8882.17 2503.73 6389.57
74, 8: 0 8882.17 2438.14 8526.93
75, 8: 0 8882.17 3140.55 6389.57
76, 8: 0 8882.17 2002.75 8526.93
77, 8: 0 8882.17 0 8526.93
78, 8: 0 8882.17 896.901 8526.93
79, 8: 0 8882.17 217.619 8526.93
80, 8: 0 8882.17 0 8526.93
Customer 51 - Obj: 16.0667   part1: 16.0667   part2: 6.18456e-11
51, 4: 1 3235.3 3219.23
0, 4: 0 -
63, 4: 0 3235.3 4349.34 3219.23
64, 4: 0 3235.3 3801.12 3219.23
65, 4: 0 3235.3 3603.69 3219.23
66, 4: 0 3235.3 3017.06 3219.23
67, 4: 0 3235.3 3219.12 3219.23
68, 4: 0 3235.3 3070.09 3219.23
69, 4: 0 3235.3 2348.05 3219.23
70, 4: 0 3235.3 2948.25 3219.23
71, 4: 0 3235.3 2455.83 3219.23
72, 4: 0 3235.3 1929.53 3219.23
73, 4: 0 3235.3 2718.74 3219.23
74, 4: 0 3235.3 2647.28 3219.23
75, 4: 0 3235.3 3412.43 3219.23
76, 4: 0 3235.3 2173.01 3219.23
77, 4: 0 3235.3 1383.78 3219.23
78, 4: 0 3235.3 968.395 3219.23
79, 4: 0 3235.3 440 2779.23
80, 4: 0 3235.3 1104.12 3219.23
Customer 52 - Obj: 8.40553   part1: 8.40553   part2: 0
52, 9: 0 629.696 621.29
0, 9: 0 -
63, 9: 0 629.696 3862.21 621.29
64, 9: 0 629.696 3384.32 621.29
65, 9: 0 629.696 3212.22 621.29
66, 9: 1 629.696 0 621.29
67, 9: 0 629.696 2876.99 621.29
68, 9: 0 629.696 2747.05 621.29
69, 9: 0 629.696 0 621.29
70, 9: 0 629.696 2640.85 621.29
71, 9: 0 629.696 2211.61 621.29
72, 9: 0 629.696 1752.85 621.29
73, 9: 0 629.696 2440.8 621.29
74, 9: 0 629.696 2378.51 621.29
75, 9: 0 629.696 3045.5 621.29
76, 9: 0 629.696 1965.09 621.29
77, 9: 0 629.696 1277.11 621.29
78, 9: 0 629.696 915.022 621.29
79, 9: 0 629.696 268.85 621.29
80, 9: 0 629.696 1033.33 621.29
Customer 53 - Obj: 311.522   part1: 743.614   part2: 432.091
53, 5: 0 6730.4 6665.31
0, 5: 0 -
63, 5: 0 6730.4 1249.11 6665.31
64, 5: 0 6730.4 1153.58 6665.31
65, 5: 0 6730.4 1010.29 6665.31
66, 5: 0 6730.4 954.614 6665.31
67, 5: 0 6730.4 859.516 6665.31
68, 5: 0 6730.4 670.325 6665.31
69, 5: 0 6730.4 917.337 6665.31
70, 5: 0 6730.4 1004.96 6665.31
71, 5: 0 6730.4 946.25 6665.31
72, 5: 0 6730.4 844.409 6665.31
73, 5: 0 6730.4 964.969 6665.31
74, 5: 0 6730.4 432.85 6665.31
75, 5: 0 6730.4 1085.85 6665.31
76, 5: 0 6730.4 869.875 6665.31
77, 5: 0 6730.4 749.311 6665.31
78, 5: 0 6730.4 503.499 6665.31
79, 5: 1 6730.4 432.091 6350.99
80, 5: 0 6730.4 656.106 6665.31
53, 9: 0 867.731 621.29
0, 9: 0 -
63, 9: 0 867.731 1249.11 621.29
64, 9: 0 867.731 1153.58 621.29
65, 9: 0 867.731 1010.29 621.29
66, 9: 0 867.731 954.614 621.29
67, 9: 0 867.731 859.516 621.29
68, 9: 0 867.731 670.325 621.29
69, 9: 0 867.731 917.337 621.29
70, 9: 0 867.731 1004.96 621.29
71, 9: 0 867.731 946.25 621.29
72, 9: 0 867.731 844.409 621.29
73, 9: 0 867.731 964.969 621.29
74, 9: 0 867.731 432.85 621.29
75, 9: 0 867.731 1085.85 621.29
76, 9: 0 867.731 869.875 621.29
77, 9: 0 867.731 749.311 621.29
78, 9: 0 867.731 503.499 621.29
79, 9: 1 867.731 432.091 503.527
80, 9: 0 867.731 656.106 621.29
Customer 54 - Obj: 247.426   part1: 247.426   part2: 0
54, 1: 0 8210.23 8203.92
0, 1: 0 -
63, 1: 0 8210.23 4402.71 8203.92
64, 1: 0 8210.23 3944.26 8203.92
65, 1: 1 8210.23 0 8203.92
66, 1: 0 8210.23 0 8203.92
67, 1: 0 8210.23 3457.56 8203.92
68, 1: 0 8210.23 3332.93 8203.92
69, 1: 0 8210.23 2729.12 8203.92
70, 1: 0 8210.23 3231.03 8203.92
71, 1: 0 8210.23 2819.25 8203.92
72, 1: 0 8210.23 2379.13 8203.92
73, 1: 0 8210.23 3039.11 8203.92
74, 1: 0 8210.23 2216.95 8203.92
75, 1: 0 8210.23 3619.21 8203.92
76, 1: 0 8210.23 2582.74 8203.92
77, 1: 0 8210.23 1922.75 8203.92
78, 1: 0 8210.23 1381.4 8203.92
79, 1: 0 8210.23 958.697 8203.92
80, 1: 0 8210.23 1688.88 8203.92
54, 4: 0 3339.63 3219.23
0, 4: 0 -
63, 4: 0 3339.63 4402.71 3219.23
64, 4: 0 3339.63 3944.26 3219.23
65, 4: 1 3339.63 0 3219.23
66, 4: 0 3339.63 0 3219.23
67, 4: 0 3339.63 3457.56 3219.23
68, 4: 0 3339.63 3332.93 3219.23
69, 4: 0 3339.63 2729.12 3219.23
70, 4: 0 3339.63 3231.03 3219.23
71, 4: 0 3339.63 2819.25 3219.23
72, 4: 0 3339.63 2379.13 3219.23
73, 4: 0 3339.63 3039.11 3219.23
74, 4: 0 3339.63 2216.95 3219.23
75, 4: 0 3339.63 3619.21 3219.23
76, 4: 0 3339.63 2582.74 3219.23
77, 4: 0 3339.63 1922.75 3219.23
78, 4: 0 3339.63 1381.4 3219.23
79, 4: 0 3339.63 958.697 3219.23
80, 4: 0 3339.63 1688.88 3219.23
54, 2: 0 3260.83 3140.11
0, 2: 0 -
63, 2: 0 3260.83 4402.71 3140.11
64, 2: 0 3260.83 3944.26 3140.11
65, 2: 1 3260.83 0 3140.11
66, 2: 0 3260.83 0 3140.11
67, 2: 0 3260.83 3457.56 3140.11
68, 2: 0 3260.83 3332.93 3140.11
69, 2: 0 3260.83 2729.12 3140.11
70, 2: 0 3260.83 3231.03 3140.11
71, 2: 0 3260.83 2819.25 3140.11
72, 2: 0 3260.83 2379.13 3140.11
73, 2: 0 3260.83 3039.11 3140.11
74, 2: 0 3260.83 2216.95 3140.11
75, 2: 0 3260.83 3619.21 3140.11
76, 2: 0 3260.83 2582.74 3140.11
77, 2: 0 3260.83 1922.75 3140.11
78, 2: 0 3260.83 1381.4 3140.11
79, 2: 0 3260.83 958.697 3140.11
80, 2: 0 3260.83 1688.88 3140.11
Customer 55 - Obj: -1457.65   part1: 288.109   part2: 1745.76
55, 2: 0 3235.87 3140.11
0, 2: 0 -
63, 2: 0 3235.87 1243.96 3140.11
64, 2: 0 3235.87 1112.85 3140.11
65, 2: 0 3235.87 1065.63 3140.11
66, 2: 0 3235.87 925.335 3140.11
67, 2: 0 3235.87 973.659 3140.11
68, 2: 0 3235.87 938.017 3140.11
69, 2: 0 3235.87 0 3140.11
70, 2: 0 3235.87 908.881 3140.11
71, 2: 0 3235.87 791.115 3140.11
72, 2: 0 3235.87 665.253 3140.11
73, 2: 0 3235.87 853.99 3140.11
74, 2: 1 3235.87 618.866 3140.11
75, 2: 0 3235.87 1019.89 3140.11
76, 2: 0 3235.87 723.476 3140.11
77, 2: 0 3235.87 534.728 3140.11
78, 2: 0 3235.87 379.912 3140.11
79, 2: 0 3235.87 259.025 3140.11
80, 2: 0 3235.87 467.846 2815.86
55, 6: 0 2249.23 2179.8
0, 6: 0 -
63, 6: 0 2249.23 1243.96 2179.8
64, 6: 0 2249.23 1112.85 2179.8
65, 6: 0 2249.23 1065.63 1727.66
66, 6: 0 2249.23 925.335 1727.66
67, 6: 0 2249.23 973.659 2179.8
68, 6: 0 2249.23 938.017 2179.8
69, 6: 0 2249.23 0 2179.8
70, 6: 0 2249.23 908.881 2179.8
71, 6: 0 2249.23 791.115 1727.66
72, 6: 0 2249.23 665.253 2179.8
73, 6: 1 2249.23 853.99 2179.8
74, 6: 0 2249.23 618.866 2179.8
75, 6: 0 2249.23 1019.89 1727.66
76, 6: 0 2249.23 723.476 2179.8
77, 6: 0 2249.23 534.728 2179.8
78, 6: 0 2249.23 379.912 2179.8
79, 6: 0 2249.23 259.025 1727.66
80, 6: 0 2249.23 467.846 2179.8
55, 8: 0 8649.84 8526.93
0, 8: 0 -
63, 8: 0 8649.84 1243.96 8526.93
64, 8: 0 8649.84 1112.85 8526.93
65, 8: 0 8649.84 1065.63 8526.93
66, 8: 0 8649.84 925.335 6389.57
67, 8: 0 8649.84 973.659 6389.57
68, 8: 0 8649.84 938.017 8526.93
69, 8: 0 8649.84 0 8526.93
70, 8: 0 8649.84 908.881 6389.57
71, 8: 0 8649.84 791.115 6389.57
72, 8: 0 8649.84 665.253 8526.93
73, 8: 0 8649.84 853.99 8526.93
74, 8: 0 8649.84 618.866 8526.93
75, 8: 0 8649.84 1019.89 6389.57
76, 8: 0 8649.84 723.476 8526.93
77, 8: 0 8649.84 534.728 6389.57
78, 8: 0 8649.84 379.912 8526.93
79, 8: 1 8649.84 259.025 8526.93
80, 8: 0 8649.84 467.846 8526.93
Customer 56 - Obj: 316.199   part1: 316.199   part2: 2.58384e-13
56, 1: 0 8515.52 8203.92
0, 1: 0 -
63, 1: 0 8515.52 9580.46 8203.92
64, 1: 0 8515.52 8614.5 8203.92
65, 1: 0 8515.52 9243.9 8203.92
66, 1: 0 8515.52 7236.38 8203.92
67, 1: 1 8515.52 0 8203.92
68, 1: 0 8515.52 7329.81 8203.92
69, 1: 0 8515.52 6057.59 8203.92
70, 1: 0 8515.52 7111.74 8203.92
71, 1: 0 8515.52 6835.13 8203.92
72, 1: 0 8515.52 5320.19 8203.92
73, 1: 0 8515.52 6707.33 8203.92
74, 1: 0 8515.52 4978.43 8203.92
75, 1: 0 8515.52 7929.62 8203.92
76, 1: 0 8515.52 5745.76 8203.92
77, 1: 0 8515.52 0 8203.92
78, 1: 0 8515.52 3217.92 8203.92
79, 1: 0 8515.52 2327.31 8203.92
80, 1: 0 8515.52 4092.42 8203.92
56, 3: 0 985.822 981.225
0, 3: 0 -
63, 3: 0 985.822 9580.46 981.225
64, 3: 0 985.822 8614.5 981.225
65, 3: 0 985.822 9243.9 981.225
66, 3: 0 985.822 7236.38 981.225
67, 3: 1 985.822 0 981.225
68, 3: 0 985.822 7329.81 981.225
69, 3: 0 985.822 6057.59 981.225
70, 3: 0 985.822 7111.74 981.225
71, 3: 0 985.822 6835.13 981.225
72, 3: 0 985.822 5320.19 981.225
73, 3: 0 985.822 6707.33 981.225
74, 3: 0 985.822 4978.43 981.225
75, 3: 0 985.822 7929.62 981.225
76, 3: 0 985.822 5745.76 981.225
77, 3: 0 985.822 0 981.225
78, 3: 0 985.822 3217.92 981.225
79, 3: 0 985.822 2327.31 981.225
80, 3: 0 985.822 4092.42 981.225
Customer 57 - Obj: 161.113   part1: 198.63   part2: 37.5168
57, 8: 0 8597.92 8526.93
0, 8: 0 -
63, 8: 0 8597.92 390.002 8526.93
64, 8: 0 8597.92 350.533 8526.93
65, 8: 1 8597.92 0 8526.93
66, 8: 0 8597.92 302.988 8526.93
67, 8: 0 8597.92 317.537 8526.93
68, 8: 0 8597.92 306.805 8526.93
69, 8: 0 8597.92 254.824 8526.93
70, 8: 0 8597.92 289.13 8526.93
71, 8: 0 8597.92 277.828 8526.93
72, 8: 0 8597.92 224.692 8526.93
73, 8: 0 8597.92 272.606 8526.93
74, 8: 0 8597.92 210.73 8526.93
75, 8: 0 8597.92 322.549 8526.93
76, 8: 0 8597.92 233.316 8526.93
77, 8: 0 8597.92 185.401 8526.93
78, 8: 0 8597.92 138.795 8526.93
79, 8: 0 8597.92 0 8526.93
80, 8: 0 8597.92 165.761 8526.93
57, 6: 0 2307.44 2179.8
0, 6: 0 -
63, 6: 0 2307.44 390.002 2179.8
64, 6: 0 2307.44 350.533 2179.8
65, 6: 1 2307.44 0 2179.8
66, 6: 0 2307.44 302.988 1727.66
67, 6: 0 2307.44 317.537 1727.66
68, 6: 0 2307.44 306.805 1727.66
69, 6: 0 2307.44 254.824 2179.8
70, 6: 0 2307.44 289.13 2179.8
71, 6: 0 2307.44 277.828 2179.8
72, 6: 0 2307.44 224.692 2179.8
73, 6: 0 2307.44 272.606 1727.66
74, 6: 0 2307.44 210.73 2179.8
75, 6: 0 2307.44 322.549 2179.8
76, 6: 0 2307.44 233.316 1727.66
77, 6: 0 2307.44 185.401 2179.8
78, 6: 0 2307.44 138.795 1727.66
79, 6: 0 2307.44 0 2179.8
80, 6: 0 2307.44 165.761 2179.8
Customer 58 - Obj: 286.411   part1: 286.411   part2: 0
58, 0: 0 6384.89 6180.34
0, 0: 0 -
63, 0: 0 6384.89 3591.36 6180.34
64, 0: 0 6384.89 3278.83 6180.34
65, 0: 0 6384.89 3221.76 6180.34
66, 0: 0 6384.89 2887.34 6180.34
67, 0: 0 6384.89 3002.54 6180.34
68, 0: 0 6384.89 2683.8 6180.34
69, 0: 0 6384.89 2505.98 6180.34
70, 0: 0 6384.89 0 6180.34
71, 0: 1 6384.89 0 6180.34
72, 0: 0 6384.89 2267.4 6180.34
73, 0: 0 6384.89 2661.81 6180.34
74, 0: 0 6384.89 1288.29 6180.34
75, 0: 0 6384.89 3057.25 6180.34
76, 0: 0 6384.89 2350.72 6180.34
77, 0: 0 6384.89 1956.28 6180.34
78, 0: 0 6384.89 1496.1 6180.34
79, 0: 0 6384.89 1207.95 6180.34
80, 0: 0 6384.89 1940.8 6180.34
58, 4: 0 3219.91 3219.23
0, 4: 0 -
63, 4: 0 3219.91 3591.36 3219.23
64, 4: 0 3219.91 3278.83 3219.23
65, 4: 0 3219.91 3221.76 3219.23
66, 4: 0 3219.91 2887.34 3219.23
67, 4: 0 3219.91 3002.54 3219.23
68, 4: 0 3219.91 2683.8 3219.23
69, 4: 0 3219.91 2505.98 3219.23
70, 4: 0 3219.91 0 3219.23
71, 4: 1 3219.91 0 3219.23
72, 4: 0 3219.91 2267.4 3219.23
73, 4: 0 3219.91 2661.81 2213.19
74, 4: 0 3219.91 1288.29 3219.23
75, 4: 0 3219.91 3057.25 3219.23
76, 4: 0 3219.91 2350.72 3219.23
77, 4: 0 3219.91 1956.28 3219.23
78, 4: 0 3219.91 1496.1 3219.23
79, 4: 0 3219.91 1207.95 3219.23
80, 4: 0 3219.91 1940.8 3219.23
58, 3: 0 1062.4 981.225
0, 3: 0 -
63, 3: 0 1062.4 3591.36 981.225
64, 3: 0 1062.4 3278.83 981.225
65, 3: 0 1062.4 3221.76 981.225
66, 3: 0 1062.4 2887.34 981.225
67, 3: 0 1062.4 3002.54 981.225
68, 3: 0 1062.4 2683.8 981.225
69, 3: 0 1062.4 2505.98 981.225
70, 3: 0 1062.4 0 981.225
71, 3: 1 1062.4 0 981.225
72, 3: 0 1062.4 2267.4 981.225
73, 3: 0 1062.4 2661.81 981.225
74, 3: 0 1062.4 1288.29 981.225
75, 3: 0 1062.4 3057.25 981.225
76, 3: 0 1062.4 2350.72 981.225
77, 3: 0 1062.4 1956.28 981.225
78, 3: 0 1062.4 1496.1 981.225
79, 3: 0 1062.4 1207.95 981.225
80, 3: 0 1062.4 1940.8 981.225
Customer 59 - Obj: 163.819   part1: 163.819   part2: 0
59, 2: 0 3303.93 3140.11
0, 2: 0 -
63, 2: 0 3303.93 96.6719 3140.11
64, 2: 0 3303.93 88.464 3140.11
65, 2: 0 3303.93 86.965 3140.11
66, 2: 0 3303.93 78.1821 3140.11
67, 2: 0 3303.93 81.2073 3140.11
68, 2: 0 3303.93 72.8364 3140.11
69, 2: 0 3303.93 68.1659 3140.11
70, 2: 0 3303.93 75.6951 3140.11
71, 2: 0 3303.93 0 3140.11
72, 2: 0 3303.93 61.9002 3140.11
73, 2: 1 3303.93 0 3140.11
74, 2: 0 3303.93 36.185 3140.11
75, 2: 0 3303.93 0 3140.11
76, 2: 0 3303.93 64.0883 3140.11
77, 2: 0 3303.93 53.729 3140.11
78, 2: 0 3303.93 41.6425 3140.11
79, 2: 0 3303.93 34.0746 3140.11
80, 2: 0 3303.93 53.3221 3140.11
Customer 60 - Obj: 8.30431   part1: 8.30431   part2: -4.56857e-13
60, 2: 0 3148.41 3140.11
0, 2: 0 -
63, 2: 0 3148.41 4115 3140.11
64, 2: 1 3148.41 0 3140.11
65, 2: 0 3148.41 3542.34 3140.11
66, 2: 0 3148.41 3145.23 3140.11
67, 2: 0 3148.41 3282.01 3140.11
68, 2: 0 3148.41 3181.13 3140.11
69, 2: 0 3148.41 2692.36 3140.11
70, 2: 0 3148.41 3166.54 3140.11
71, 2: 0 3148.41 2765.32 3140.11
72, 2: 0 3148.41 2409.05 3140.11
73, 2: 0 3148.41 3011.17 3140.11
74, 2: 0 3148.41 1706.27 3140.11
75, 2: 0 3148.41 3480.76 3140.11
76, 2: 0 3148.41 0 3140.11
77, 2: 0 3148.41 2039.61 3140.11
78, 2: 0 3148.41 1601.4 3140.11
79, 2: 0 3148.41 1259.23 3140.11
80, 2: 0 3148.41 2006.58 3140.11
Customer 61 - Obj: 156.858   part1: 781.128   part2: 624.27
61, 5: 0 6714.75 6665.31
0, 5: 0 -
63, 5: 0 6714.75 1850.29 6665.31
64, 5: 0 6714.75 1690.93 6665.31
65, 5: 0 6714.75 1604.69 6665.31
66, 5: 0 6714.75 1434.16 6249.21
67, 5: 0 6714.75 1492.9 6665.31
68, 5: 0 6714.75 1449.57 6665.31
69, 5: 0 6714.75 1239.69 6665.31
70, 5: 0 6714.75 1443.01 6665.31
71, 5: 0 6714.75 1271.02 6249.21
72, 5: 0 6714.75 1118.03 6665.31
73, 5: 0 6714.75 1376.29 6665.31
74, 5: 0 6714.75 841.714 6665.31
75, 5: 0 6714.75 1577.94 6665.31
76, 5: 0 6714.75 1217.65 6665.31
77, 5: 0 6714.75 959.378 6249.21
78, 5: 0 6714.75 771.208 6665.31
79, 5: 1 6714.75 624.27 6665.31
80, 5: 0 6714.75 944.883 6665.31
61, 0: 0 6237.65 6180.34
0, 0: 0 -
63, 0: 0 6237.65 1850.29 6180.34
64, 0: 0 6237.65 1690.93 6180.34
65, 0: 0 6237.65 1604.69 6180.34
66, 0: 0 6237.65 1434.16 6180.34
67, 0: 0 6237.65 1492.9 6180.34
68, 0: 0 6237.65 1449.57 6180.34
69, 0: 0 6237.65 1239.69 6180.34
70, 0: 0 6237.65 1443.01 6180.34
71, 0: 0 6237.65 1271.02 6180.34
72, 0: 0 6237.65 1118.03 6180.34
73, 0: 0 6237.65 1376.29 6180.34
74, 0: 0 6237.65 841.714 6180.34
75, 0: 0 6237.65 1577.94 6180.34
76, 0: 0 6237.65 1217.65 6180.34
77, 0: 0 6237.65 959.378 6180.34
78, 0: 0 6237.65 771.208 6180.34
79, 0: 1 6237.65 624.27 5673.84
80, 0: 0 6237.65 944.883 6180.34
61, 9: 0 671.397 621.29
0, 9: 0 -
63, 9: 0 671.397 1850.29 621.29
64, 9: 0 671.397 1690.93 621.29
65, 9: 0 671.397 1604.69 621.29
66, 9: 0 671.397 1434.16 621.29
67, 9: 0 671.397 1492.9 621.29
68, 9: 0 671.397 1449.57 621.29
69, 9: 0 671.397 1239.69 621.29
70, 9: 0 671.397 1443.01 621.29
71, 9: 0 671.397 1271.02 621.29
72, 9: 0 671.397 1118.03 621.29
73, 9: 0 671.397 1376.29 621.29
74, 9: 0 671.397 841.714 621.29
75, 9: 0 671.397 1577.94 621.29
76, 9: 0 671.397 1217.65 621.29
77, 9: 0 671.397 959.378 621.29
78, 9: 0 671.397 771.208 621.29
79, 9: 1 671.397 624.27 503.527
80, 9: 0 671.397 944.883 621.29
Customer 62 - Obj: 172.503   part1: 235.306   part2: 62.8029
62, 5: 0 6668.87 6665.31
0, 5: 0 -
63, 5: 0 6668.87 178.305 6665.31
64, 5: 0 6668.87 163.102 6502.21
65, 5: 0 6668.87 156.331 6665.31
66, 5: 0 6668.87 140.062 6665.31
67, 5: 0 6668.87 145.666 6665.31
68, 5: 0 6668.87 141.533 6665.31
69, 5: 0 6668.87 121.511 6665.31
70, 5: 0 6668.87 139.451 6525.86
71, 5: 0 6668.87 135.099 6665.31
72, 5: 0 6668.87 109.905 6665.31
73, 5: 0 6668.87 133.087 6665.31
74, 5: 0 6668.87 86.9999 6665.31
75, 5: 0 6668.87 152.324 6665.31
76, 5: 0 6668.87 117.953 6665.31
77, 5: 0 6668.87 94.7712 6665.31
78, 5: 0 6668.87 76.82 6665.31
79, 5: 1 6668.87 62.8029 6602.51
80, 5: 0 6668.87 91.9334 6665.31
62, 3: 0 1093.99 981.225
0, 3: 0 -
63, 3: 0 1093.99 178.305 981.225
64, 3: 0 1093.99 163.102 981.225
65, 3: 0 1093.99 156.331 981.225
66, 3: 0 1093.99 140.062 981.225
67, 3: 0 1093.99 145.666 981.225
68, 3: 0 1093.99 141.533 981.225
69, 3: 0 1093.99 121.511 981.225
70, 3: 0 1093.99 139.451 981.225
71, 3: 0 1093.99 135.099 981.225
72, 3: 0 1093.99 109.905 981.225
73, 3: 0 1093.99 133.087 981.225
74, 3: 0 1093.99 86.9999 981.225
75, 3: 0 1093.99 152.324 981.225
76, 3: 0 1093.99 117.953 981.225
77, 3: 0 1093.99 94.7712 981.225
78, 3: 0 1093.99 76.82 981.225
79, 3: 1 1093.99 62.8029 981.225
80, 3: 0 1093.99 91.9334 981.225
62, 6: 0 2235.97 2179.8
0, 6: 0 -
63, 6: 0 2235.97 178.305 2179.8
64, 6: 0 2235.97 163.102 2179.8
65, 6: 0 2235.97 156.331 2179.8
66, 6: 0 2235.97 140.062 2179.8
67, 6: 0 2235.97 145.666 2179.8
68, 6: 0 2235.97 141.533 2179.8
69, 6: 0 2235.97 121.511 2179.8
70, 6: 0 2235.97 139.451 2179.8
71, 6: 0 2235.97 135.099 2179.8
72, 6: 0 2235.97 109.905 2179.8
73, 6: 0 2235.97 133.087 2179.8
74, 6: 0 2235.97 86.9999 2092.8
75, 6: 0 2235.97 152.324 2179.8
76, 6: 0 2235.97 117.953 2179.8
77, 6: 0 2235.97 94.7712 2179.8
78, 6: 0 2235.97 76.82 2179.8
79, 6: 1 2235.97 62.8029 2179.8
80, 6: 0 2235.97 91.9334 2179.8
Routing:
9, 7, 1
10, 0, 2
26, 25, 0
51, 50, 0
64, 0, 1
64, 7, 1
65, 0, 2
65, 10, 2
66, 0, 0
66, 25, 0
67, 0, 0
67, 13, 0
68, 13, 0
71, 0, 1
73, 9, 1
73, 71, 1
74, 32, 0
74, 68, 0
78, 32, 0
79, 50, 0
79, 78, 0
80, 26, 0
80, 51, 0
Routing cost: 7842
[551513.2721950929, 7842.0, 129601.4070725441, 0.00398276982478749, 1, 2913.9371810925854, 0.9126984126984127, 0.8870967741935484, 0.8870967741935484]