64, 5: 0 6725.72 1691.68 6665.31
65, 5: 0 6725.72 1934.71 6665.31
66, 5: 0 6725.72 2122.04 6665.31
67, 5: 0 6725.72 2498.83 6665.31
68, 5: 0 6725.72 2231.79 6665.31
69, 5: 0 6725.72 1678.92 6665.31
70, 5: 0 6725.72 1122.67 6665.31
71, 5: 0 6725.72 0 6665.31
72, 5: 0 6725.72 1656.68 6665.31
73, 5: 0 6725.72 0 6665.31
74, 5: 0 6725.72 0 6665.31
75, 5: 0 6725.72 507.056 6249.21
76, 5: 1 6725.72 0 6665.31
77, 5: 0 6725.72 1540.3 6665.31
78, 5: 0 6725.72 2350.85 6665.31
79, 5: 0 6725.72 0 6665.31
80, 5: 0 6725.72 1674.68 6665.31
Customer 38 - Obj: 159.012   part1: 159.012   part2: 8.91305e-11
38, 5: 0 6818.2 6665.31
0, 5: 0 -
63, 5: 0 6818.2 0 6665.31
64, 5: 0 6818.2 443.893 6665.31
65, 5: 1 6818.2 0 6665.31
66, 5: 0 6818.2 556.259 6249.21
67, 5: 0 6818.2 654.636 6665.31
68, 5: 0 6818.2 569.182 6665.31
69, 5: 0 6818.2 424.827 6665.31
70, 5: 0 6818.2 279.59 6665.31
71, 5: 0 6818.2 317.98 6665.31
72, 5: 0 6818.2 419.021 6249.21
73, 5: 0 6818.2 223.342 6441.97
74, 5: 0 6818.2 714.763 6249.21
75, 5: 0 6818.2 109.032 6556.28
76, 5: 0 6818.2 240.391 6665.31
77, 5: 0 6818.2 333.449 6331.86
78, 5: 0 6818.2 545.088 6249.21
79, 5: 0 6818.2 0 6665.31
80, 5: 0 6818.2 368.536 6665.31
38, 4: 0 3225.36 3219.23
0, 4: 0 -
63, 4: 0 3225.36 0 3219.23
64, 4: 0 3225.36 443.893 2775.34
65, 4: 1 3225.36 0 3219.23
66, 4: 0 3225.36 556.259 3079.07
67, 4: 0 3225.36 654.636 2564.59
68, 4: 0 3225.36 569.182 2650.05
69, 4: 0 3225.36 424.827 2794.4
70, 4: 0 3225.36 279.59 2939.64
71, 4: 0 3225.36 317.98 2901.25
72, 4: 0 3225.36 419.021 3216.31
73, 4: 0 3225.36 223.342 3219.23
74, 4: 0 3225.36 714.763 2920.57
75, 4: 0 3225.36 109.032 3219.23
76, 4: -6.95543e-13 3225.36 240.391 2978.84
77, 4: 0 3225.36 333.449 3219.23
78, 4: 0 3225.36 545.088 3090.24
79, 4: 0 3225.36 0 3219.23
80, 4: 6.95543e-13 3225.36 368.536 2850.69
Customer 39 - Obj: 168.13   part1: 168.13   part2: 0
39, 3: 0 1040.84 981.225
0, 3: 0 -
63, 3: 0 1040.84 1207.56 770.044
64, 3: 0 1040.84 1051.31 770.044
65, 3: 0 1040.84 1186.32 770.044
66, 3: 0 1040.84 1221.56 981.225
67, 3: 1 1040.84 0 981.225
68, 3: 0 1040.84 1485.17 981.225
69, 3: 0 1040.84 1108.21 981.225
70, 3: 0 1040.84 728.94 981.225
71, 3: 0 1040.84 829.192 770.044
72, 3: 0 1040.84 1093.04 770.044
73, 3: 0 1040.84 0 981.225
74, 3: 0 1040.84 0 981.225
75, 3: 0 1040.84 0 981.225
76, 3: 0 1040.84 626.577 770.75
77, 3: 0 1040.84 869.587 981.225
78, 3: 0 1040.84 1422.24 770.044
79, 3: 0 1040.84 1222.52 770.044
80, 3: 0 1040.84 961.211 981.225
39, 5: 0 6702.24 6665.31
0, 5: 0 -
63, 5: 0 6702.24 1207.56 6249.21
64, 5: 0 6702.24 1051.31 6249.21
65, 5: 0 6702.24 1186.32 6249.21
66, 5: 0 6702.24 1221.56 6249.21
67, 5: 1 6702.24 0 6665.31
68, 5: 0 6702.24 1485.17 6665.31
69, 5: 0 6702.24 1108.21 6249.21
70, 5: 0 6702.24 728.94 6249.21
71, 5: 0 6702.24 829.192 6249.21
72, 5: 0 6702.24 1093.04 6249.21
73, 5: 0 6702.24 0 6665.31
74, 5: 0 6702.24 0 6665.31
75, 5: 0 6702.24 0 6665.31
76, 5: 0 6702.24 626.577 6249.21
77, 5: 0 6702.24 869.587 6249.21
78, 5: 0 6702.24 1422.24 6665.31
79, 5: 0 6702.24 1222.52 6249.21
80, 5: 0 6702.24 961.211 6249.21
39, 9: 0 692.882 621.29
0, 9: 0 -
63, 9: 0 692.882 1207.56 503.527
64, 9: 0 692.882 1051.31 621.29
65, 9: 0 692.882 1186.32 621.29
66, 9: 0 692.882 1221.56 621.29
67, 9: 1 692.882 0 621.29
68, 9: 0 692.882 1485.17 621.29
69, 9: 0 692.882 1108.21 621.29
70, 9: 0 692.882 728.94 621.29
71, 9: 0 692.882 829.192 503.527
72, 9: 0 692.882 1093.04 621.29
73, 9: 0 692.882 0 621.29
74, 9: 0 692.882 0 621.29
75, 9: 0 692.882 0 621.29
76, 9: 0 692.882 626.577 621.29
77, 9: 0 692.882 869.587 503.527
78, 9: 0 692.882 1422.24 503.527
79, 9: 0 692.882 1222.52 621.29
80, 9: 0 692.882 961.211 621.29
Customer 40 - Obj: 49.8824   part1: 93.428   part2: 43.5456
40, 5: 0 6676.04 6665.31
0, 5: 0 -
63, 5: 0 6676.04 148.984 6516.33
64, 5: 0 6676.04 156.19 6509.12
65, 5: 0 6676.04 183.669 6481.64
66, 5: 0 6676.04 190.841 6474.47
67, 5: 0 6676.04 215.927 6665.31
68, 5: 0 6676.04 244.491 6665.31
69, 5: 0 6676.04 167.771 6665.31
70, 5: 0 6676.04 90.5816 6574.73
71, 5: 0 6676.04 110.985 6554.33
72, 5: 0 6676.04 164.685 6500.63
73, 5: 0 6676.04 60.3442 6604.97
74, 5: 0 6676.04 298.626 6366.69
75, 5: 0 6676.04 78.9435 6665.31
76, 5: 1 6676.04 43.5456 6665.31
77, 5: 0 6676.04 95.0977 6570.22
78, 5: 0 6676.04 181.564 6483.75
79, 5: 0 6676.04 167.8 6665.31
80, 5: 0 6676.04 0 6665.31
40, 1: 0 8243.07 8203.92
0, 1: 0 -
63, 1: 0 8243.07 148.984 8203.92
64, 1: 0 8243.07 156.19 8203.92
65, 1: 0 8243.07 183.669 8203.92
66, 1: 0 8243.07 190.841 8203.92
67, 1: 0 8243.07 215.927 7987.99
68, 1: 0 8243.07 244.491 7959.43
69, 1: 0 8243.07 167.771 8036.15
70, 1: 0 8243.07 90.5816 8203.92
71, 1: 0 8243.07 110.985 8203.92
72, 1: 0 8243.07 164.685 8203.92
73, 1: 0 8243.07 60.3442 8203.92
74, 1: 0 8243.07 298.626 8203.92
75, 1: 0 8243.07 78.9435 8124.98
76, 1: 1 8243.07 43.5456 8160.37
77, 1: 0 8243.07 95.0977 8203.92
78, 1: 0 8243.07 181.564 8203.92
79, 1: 0 8243.07 167.8 8036.12
80, 1: 0 8243.07 0 8203.92
Customer 41 - Obj: -4755.95   part1: 241.091   part2: 4997.04
41, 2: 0 3283.89 3140.11
0, 2: 0 -
63, 2: 0 3283.89 2001.44 3140.11
64, 2: 0 3283.89 2095.02 3140.11
65, 2: 1 3283.89 2451.94 3140.11
66, 2: 0 3283.89 2545.1 3140.11
67, 2: 0 3283.89 2870.93 2815.86
68, 2: 0 3283.89 0 3140.11
69, 2: 0 3283.89 2245.44 2815.86
70, 2: 0 3283.89 1242.85 3140.11
71, 2: 0 3283.89 1507.86 3140.11
72, 2: 0 3283.89 2205.36 2815.86
73, 2: 0 3283.89 850.125 3140.11
74, 2: 0 3283.89 4246.91 3140.11
75, 2: 0 3283.89 1091.68 3140.11
76, 2: 0 3283.89 972.253 3140.11
77, 2: 0 3283.89 0 3140.11
78, 2: 0 3283.89 2675.53 3140.11
79, 2: 0 3283.89 0 3454.12
80, 2: 0 3283.89 1431.54 3140.11
41, 0: 0 6246.9 6180.34
0, 0: 0 -
63, 0: 0 6246.9 2001.44 4753.11
64, 0: 0 6246.9 2095.02 6798.38
65, 0: 1 6246.9 2451.94 6180.34
66, 0: 0 6246.9 2545.1 6798.38
67, 0: 0 6246.9 2870.93 4753.11
68, 0: 0 6246.9 0 4753.11
69, 0: 0 6246.9 2245.44 4753.11
70, 0: 0 6246.9 1242.85 4753.11
71, 0: 0 6246.9 1507.86 4753.11
72, 0: 0 6246.9 2205.36 4753.11
73, 0: 0 6246.9 850.125 6798.38
74, 0: 0 6246.9 4246.91 6798.38
75, 0: 0 6246.9 1091.68 4753.11
76, 0: 0 6246.9 972.253 4753.11
77, 0: 0 6246.9 0 6798.38
78, 0: 0 6246.9 2675.53 6798.38
79, 0: 0 6246.9 0 6798.38
80, 0: 0 6246.9 1431.54 6798.38
41, 8: 0 8557.68 8526.93
0, 8: 0 -
63, 8: 0 8557.68 2001.44 6389.57
64, 8: 0 8557.68 2095.02 9379.62
65, 8: 0 8557.68 2451.94 9379.62
66, 8: 1 8557.68 2545.1 8526.93
67, 8: 0 8557.68 2870.93 7361.83
68, 8: 0 8557.68 0 7361.83
69, 8: 0 8557.68 2245.44 7361.83
70, 8: 0 8557.68 1242.85 9379.62
71, 8: 0 8557.68 1507.86 9379.62
72, 8: 0 8557.68 2205.36 9379.62
73, 8: 0 8557.68 850.125 6511.7
74, 8: 0 8557.68 4246.91 7361.83
75, 8: 0 8557.68 1091.68 6389.57
76, 8: 0 8557.68 972.253 6389.57
77, 8: 0 8557.68 0 7361.83
78, 8: 0 8557.68 2675.53 9379.62
79, 8: 0 8557.68 0 9379.62
80, 8: 0 8557.68 1431.54 9379.62
Customer 42 - Obj: 96.3106   part1: 96.3106   part2: 1.46429e-10
42, 0: 0 6180.8 6180.34
0, 0: 0 -
63, 0: 0 6180.8 697.99 5482.35
64, 0: 0 6180.8 578.396 5601.95
65, 0: 0 6180.8 523.206 5657.14
66, 0: 0 6180.8 466.284 5714.06
67, 0: 0 6180.8 511.947 5668.39
68, 0: 0 6180.8 633.272 5547.07
69, 0: 0 6180.8 375.151 5805.19
70, 0: 1 6180.8 0 6180.34
71, 0: 0 6180.8 312.504 5867.84
72, 0: 0 6180.8 0 6180.34
73, 0: 0 6180.8 342.275 5838.07
74, 0: 0 6180.8 557.55 5622.79
75, 0: 0 6180.8 493.603 5686.74
76, 0: 0 6180.8 223.224 6180.34
77, 0: 0 6180.8 0 6180.34
78, 0: 0 6180.8 0 6180.34
79, 0: 0 6180.8 259.735 6180.34
80, 0: 0 6180.8 172.302 6008.04
42, 4: 0 3315.08 3219.23
0, 4: 0 -
63, 4: 0 3315.08 697.99 3219.23
64, 4: 0 3315.08 578.396 3219.23
65, 4: 0 3315.08 523.206 3219.23
66, 4: 0 3315.08 466.284 3219.23
67, 4: 0 3315.08 511.947 3219.23
68, 4: 0 3315.08 633.272 3219.23
69, 4: 0 3315.08 375.151 3219.23
70, 4: 0 3315.08 0 3219.23
71, 4: 0 3315.08 312.504 3219.23
72, 4: 0 3315.08 0 3219.23
73, 4: 0 3315.08 342.275 3219.23
74, 4: 0 3315.08 557.55 3219.23
75, 4: 0 3315.08 493.603 3219.23
76, 4: 6.55972e-13 3315.08 223.224 2996.01
77, 4: 1 3315.08 0 3219.23
78, 4: 0 3315.08 0 3219.23
79, 4: 0 3315.08 259.735 2959.49
80, 4: 0 3315.08 172.302 3219.23
Customer 43 - Obj: 30.9106   part1: 30.9106   part2: 1.65245e-11
43, 9: 0 652.201 621.29
0, 9: 0 -
63, 9: 0 652.201 319.398 621.29
64, 9: 0 652.201 0 683.419
65, 9: 0 652.201 230.266 621.29
66, 9: 0 652.201 188.867 503.527
67, 9: 0 652.201 203.128 503.527
68, 9: 0 652.201 192.609 621.29
69, 9: 1 652.201 0 621.29
70, 9: 0 652.201 183.662 503.527
71, 9: 0 652.201 158.907 621.29
72, 9: 0 652.201 112.122 621.29
73, 9: 0 652.201 167.465 621.29
74, 9: 0 652.201 122.515 621.29
75, 9: 0 652.201 253.28 621.29
76, 9: 0 652.201 0 621.29
77, 9: 0 652.201 73.5182 621.29
78, 9: 0 652.201 19.9933 621.29
79, 9: 0 652.201 40.5054 580.785
80, 9: 0 652.201 114.4 621.29
Customer 44 - Obj: 32.058   part1: 32.058   part2: 5.28829e-11
44, 2: 0 3172.16 3140.11
0, 2: 0 -
63, 2: 0 3172.16 1470.14 3140.11
64, 2: 0 3172.16 0 3454.12
65, 2: 0 3172.16 1098.14 3140.11
66, 2: 0 3172.16 900.906 3140.11
67, 2: 0 3172.16 968.849 3140.11
68, 2: 0 3172.16 0 3140.11
69, 2: 0 3172.16 675.984 3140.11
70, 2: 0 3172.16 999.07 3140.11
71, 2: 0 3172.16 758.174 3140.11
72, 2: 0 3172.16 535.271 3140.11
73, 2: 1 3172.16 0 3140.11
74, 2: 0 3172.16 0 3140.11
75, 2: 0 3172.16 1155.13 3140.11
76, 2: 0 3172.16 738.42 3140.11
77, 2: 0 3172.16 351.35 3140.11
78, 2: 0 3172.16 128.267 3011.84
79, 2: 0 3172.16 139.65 3000.46
80, 2: 0 3172.16 491.704 3140.11
Customer 45 - Obj: 142.489   part1: 142.489   part2: 0
45, 6: 0 2254.68 2179.8
0, 6: 0 -
63, 6: 0 2254.68 850.929 1727.66
64, 6: 0 2254.68 742.402 1727.66
65, 6: 1 2254.68 0 2179.8
66, 6: 0 2254.68 587.185 1727.66
67, 6: 0 2254.68 0 2179.8
68, 6: 0 2254.68 597.683 1727.66
69, 6: 0 2254.68 454.747 1727.66
70, 6: 0 2254.68 573.565 1727.66
71, 6: 0 2254.68 476.083 2179.8
72, 6: 0 2254.68 371.894 1807.9
73, 6: 0 2254.68 528.129 1727.66
74, 6: 0 2254.68 406.123 1773.67
75, 6: 0 2254.68 665.454 2179.8
76, 6: 0 2254.68 420.094 1759.7
77, 6: 0 2254.68 248.378 1931.42
78, 6: 0 2254.68 0 2179.8
79, 6: 0 2254.68 39.3235 2140.47
80, 6: 0 2254.68 274.827 1904.97
45, 9: 0 632.075 621.29
0, 9: 0 -
63, 9: 0 632.075 850.929 621.29
64, 9: 0 632.075 742.402 621.29
65, 9: 1 632.075 0 621.29
66, 9: 0 632.075 587.185 503.527
67, 9: 0 632.075 0 621.29
68, 9: 0 632.075 597.683 503.527
69, 9: 0 632.075 454.747 621.29
70, 9: 0 632.075 573.565 503.527
71, 9: 0 632.075 476.083 621.29
72, 9: 0 632.075 371.894 621.29
73, 9: 0 632.075 528.129 621.29
74, 9: 0 632.075 406.123 621.29
75, 9: 0 632.075 665.454 621.29
76, 9: 0 632.075 420.094 621.29
77, 9: 0 632.075 248.378 621.29
78, 9: 0 632.075 0 621.29
79, 9: 0 632.075 39.3235 621.29
80, 9: 0 632.075 274.827 621.29
45, 0: 0 6237.16 6180.34
0, 0: 0 -
63, 0: 0 6237.16 850.929 5781.55
64, 0: 0 6237.16 742.402 5890.08
65, 0: 1 6237.16 0 6180.34
66, 0: 0 6237.16 587.185 6163.06
67, 0: 0 6237.16 0 6180.34
68, 0: 0 6237.16 597.683 6152.56
69, 0: 0 6237.16 454.747 6177.73
70, 0: 0 6237.16 573.565 6176.68
71, 0: 0 6237.16 476.083 5704.26
72, 0: 0 6237.16 371.894 6180.34
73, 0: 0 6237.16 528.129 6104.35
74, 0: 0 6237.16 406.123 6180.34
75, 0: 0 6237.16 665.454 5514.89
76, 0: 0 6237.16 420.094 6180.34
77, 0: 0 6237.16 248.378 6180.34
78, 0: 0 6237.16 0 6180.34
79, 0: 0 6237.16 39.3235 6180.34
80, 0: 0 6237.16 274.827 6180.34
Customer 46 - Obj: -223.24   part1: 240.039   part2: 463.278
46, 8: 0 8766.97 8526.93
0, 8: 0 -
63, 8: 0 8766.97 553.404 7973.53
64, 8: 0 8766.97 0 8526.93
65, 8: 1 8766.97 463.278 8526.93
66, 8: 0 8766.97 392.373 8134.56
67, 8: 0 8766.97 416.796 8110.13
68, 8: 0 8766.97 398.782 8128.15
69, 8: 0 8766.97 0 8526.93
70, 8: 0 8766.97 0 8526.93
71, 8: 0 8766.97 324.539 8202.39
72, 8: 0 8766.97 260.929 8266
73, 8: 0 8766.97 356.316 8170.61
74, 8: 0 8766.97 234.318 8292.61
75, 8: 0 8766.97 0 8526.93
76, 8: 0 8766.97 290.354 8236.58
77, 8: 0 8766.97 194.962 8331.97
78, 8: 0 8766.97 107.371 9379.62
79, 8: 0 8766.97 46.2747 8480.65
80, 8: 0 8766.97 201.661 8325.27
Customer 47 - Obj: 45.6408   part1: 45.6408   part2: 0
47, 0: 0 6225.98 6180.34
0, 0: 0 -
63, 0: 0 6225.98 1598.17 4753.11
64, 0: 0 6225.98 0 6180.34
65, 0: 0 6225.98 1320.44 4859.91
66, 0: 0 6225.98 1101.93 5078.41
67, 0: 1 6225.98 0 6180.34
68, 0: 0 6225.98 1121.68 5058.66
69, 0: 0 6225.98 852.739 5327.6
70, 0: 0 6225.98 0 6180.34
71, 0: 0 6225.98 892.884 5287.46
72, 0: 0 6225.98 696.848 5483.49
73, 0: 0 6225.98 0 6180.34
74, 0: 0 6225.98 826.565 5353.78
75, 0: 0 6225.98 1249.19 4931.15
76, 0: 0 6225.98 787.538 5392.8
77, 0: 0 6225.98 493.568 5686.77
78, 0: 0 6225.98 0 6180.34
79, 0: 0 6225.98 22.8371 6157.5
80, 0: 0 6225.98 514.212 5666.13
Customer 48 - Obj: 51.5474   part1: 51.5474   part2: 3.59918e-11
48, 6: 0 2231.34 2179.8
0, 6: 0 -
63, 6: 0 2231.34 0 2179.8
64, 6: 0 2231.34 0 2179.8
65, 6: 0 2231.34 306.994 1872.8
66, 6: 0 2231.34 255.519 1924.28
67, 6: 1 2231.34 0 2179.8
68, 6: 0 2231.34 260.172 1919.63
69, 6: 0 2231.34 196.818 1982.98
70, 6: 0 2231.34 249.482 1930.32
71, 6: 0 2231.34 206.273 1973.52
72, 6: 0 2231.34 160.095 2019.7
73, 6: 0 2231.34 229.342 1950.45
74, 6: 0 2231.34 198.476 1981.32
75, 6: 0 2231.34 290.213 1889.58
76, 6: 0 2231.34 181.457 1998.34
77, 6: 0 2231.34 112.205 2067.59
78, 6: 0 2231.34 58.4555 2121.34
79, 6: 0 2231.34 12.0888 2167.71
80, 6: 0 2231.34 117.068 2062.73
Customer 49 - Obj: 43.1189   part1: 43.1189   part2: 0
49, 4: 0 3244.33 3219.23
0, 4: 0 -
63, 4: 0 3244.33 113.909 3219.23
64, 4: 0 3244.33 99.2732 3219.23
65, 4: 0 3244.33 94.0027 3125.23
66, 4: 0 3244.33 78.342 3140.89
67, 4: 0 3244.33 83.7368 3219.23
68, 4: 0 3244.33 79.7576 3139.47
69, 4: 1 3244.33 0 3219.23
70, 4: 0 3244.33 76.5052 3219.23
71, 4: 0 3244.33 63.3596 3155.87
72, 4: 0 3244.33 49.3102 3169.92
73, 4: 0 3244.33 70.3781 3148.85
74, 4: 0 3244.33 61.2607 3219.23
75, 4: 0 3244.33 0 3219.23
76, 4: 0 3244.33 55.8094 3163.42
77, 4: 0 3244.33 34.7403 3219.23
78, 4: 0 3244.33 22.3729 3196.86
79, 4: 0 3244.33 8.2664 3219.23
80, 4: 0 3244.33 36.2199 3219.23
49, 1: 0 8221.94 8203.92
0, 1: 0 -
63, 1: 0 8221.94 113.909 8090.01
64, 1: 0 8221.94 99.2732 8104.65
65, 1: 0 8221.94 94.0027 8203.92
66, 1: 0 8221.94 78.342 8203.92
67, 1: 0 8221.94 83.7368 8120.18
68, 1: 0 8221.94 79.7576 8203.92
69, 1: 1 8221.94 0 8203.92
70, 1: 0 8221.94 76.5052 8127.41
71, 1: 0 8221.94 63.3596 8203.92
72, 1: 0 8221.94 49.3102 8203.92
73, 1: 0 8221.94 70.3781 8203.92
74, 1: 0 8221.94 61.2607 8142.66
75, 1: 0 8221.94 0 8203.92
76, 1: 0 8221.94 55.8094 8203.92
77, 1: 0 8221.94 34.7403 8169.18
78, 1: 0 8221.94 22.3729 8203.92
79, 1: 0 8221.94 8.2664 8195.65
80, 1: 0 8221.94 36.2199 8167.7
Customer 50 - Obj: -1390.1   part1: 355.238   part2: 1745.33
50, 8: 0 8882.17 8526.93
0, 8: 0 -
63, 8: 0 8882.17 2105.6 9379.62
64, 8: 0 8882.17 1840.72 6389.57
65, 8: 1 8882.17 1745.33 8526.93
66, 8: 0 8882.17 1461.89 6389.57
67, 8: 0 8882.17 1559.52 9379.62
68, 8: 0 8882.17 0 6389.57
69, 8: 0 8882.17 0 6389.57
70, 8: 0 8882.17 1428.64 9379.62
71, 8: 0 8882.17 1190.73 9379.62
72, 8: 0 8882.17 936.439 9379.62
73, 8: 0 8882.17 1317.75 6389.57
74, 8: 0 8882.17 1283.23 6389.57
75, 8: 0 8882.17 1652.92 9379.62
76, 8: 0 8882.17 1054.08 9379.62
77, 8: 0 8882.17 0 9379.62
78, 8: 0 8882.17 472.053 9379.62
79, 8: 0 8882.17 114.537 9379.62
80, 8: 0 8882.17 0 9379.62
Customer 51 - Obj: 16.0667   part1: 16.0667   part2: 6.20112e-11
51, 4: 0 3235.3 3219.23
0, 4: 0 -
63, 4: 0 3235.3 2289.13 3219.23
64, 4: 0 3235.3 2000.59 3219.23
65, 4: 0 3235.3 1896.68 3219.23
66, 4: 0 3235.3 1587.92 3219.23
67, 4: 0 3235.3 1694.27 3219.23
68, 4: 0 3235.3 1615.83 3219.23
69, 4: 1 3235.3 0 3219.23
70, 4: 0 3235.3 1551.71 3219.23
71, 4: 0 3235.3 1292.54 2213.19
72, 4: 0 3235.3 1015.54 2213.19
73, 4: 0 3235.3 1430.91 3219.23
74, 4: 0 3235.3 1393.31 3219.23
75, 4: 0 3235.3 0 3219.23
76, 4: 0 3235.3 1143.69 2213.19
77, 4: 0 3235.3 728.304 2490.93
78, 4: 0 3235.3 509.681 2709.55
79, 4: 0 3235.3 231.579 2987.65
80, 4: 0 3235.3 581.115 2638.11
Customer 52 - Obj: 8.40553   part1: 8.40553   part2: 9.9299e-12
52, 9: 0 629.696 621.29
0, 9: 0 -
63, 9: 0 629.696 2032.74 503.527
64, 9: 0 629.696 1781.22 503.527
65, 9: 0 629.696 1690.64 503.527
66, 9: 1 629.696 0 621.29
67, 9: 0 629.696 1514.2 503.527
68, 9: 0 629.696 1445.82 503.527
69, 9: 0 629.696 0 621.29
70, 9: 0 629.696 1389.92 503.527
71, 9: 0 629.696 1164 503.527
72, 9: 0 629.696 922.551 621.29
73, 9: 0 629.696 0 621.29
74, 9: 0 629.696 1251.85 621.29
75, 9: 0 629.696 1602.89 621.29
76, 9: 0 629.696 1034.26 503.527
77, 9: 0 629.696 672.164 621.29
78, 9: 0 629.696 481.59 621.29
79, 9: 0 629.696 141.5 621.29
80, 9: 0 629.696 543.859 621.29
Customer 53 - Obj: 311.522   part1: 311.522   part2: 6.03677e-11
53, 5: 0 6730.4 6665.31
0, 5: 0 -
63, 5: 0 6730.4 657.425 6665.31
64, 5: 0 6730.4 607.145 6665.31
65, 5: 1 6730.4 0 6665.31
66, 5: 0 6730.4 502.428 6249.21
67, 5: 0 6730.4 452.377 6249.21
68, 5: 0 6730.4 352.803 6312.51
69, 5: 0 6730.4 482.809 6249.21
70, 5: 0 6730.4 528.928 6254.15
71, 5: 0 6730.4 498.026 6249.21
72, 5: 0 6730.4 444.426 6338.65
73, 5: 0 6730.4 507.879 6249.21
74, 5: -2.6545e-13 6730.4 0 6665.31
75, 5: 0 6730.4 571.5 6665.31
76, 5: 0 6730.4 457.829 6249.21
77, 5: 0 6730.4 394.374 6270.94
78, 5: 0 6730.4 265 6400.31
79, 5: 2.6545e-13 6730.4 227.417 6555.66
80, 5: 0 6730.4 345.319 6319.99
53, 9: 0 867.731 621.29
0, 9: 0 -
63, 9: 0 867.731 657.425 621.29
64, 9: 0 867.731 607.145 503.527
65, 9: 1 867.731 0 621.29
66, 9: 0 867.731 502.428 621.29
67, 9: 0 867.731 452.377 585.015
68, 9: 0 867.731 352.803 621.29
69, 9: 0 867.731 482.809 554.583
70, 9: 0 867.731 528.928 503.527
71, 9: 0 867.731 498.026 621.29
72, 9: 0 867.731 444.426 503.527
73, 9: 0 867.731 507.879 621.29
74, 9: 0 867.731 0 621.29
75, 9: 0 867.731 571.5 621.29
76, 9: 0 867.731 457.829 621.29
77, 9: 0 867.731 394.374 621.29
78, 9: 0 867.731 265 621.29
79, 9: 2.6545e-13 867.731 227.417 503.527
80, 9: 0 867.731 345.319 621.29
Customer 54 - Obj: 247.426   part1: 247.426   part2: 0
54, 1: 0 8210.23 8203.92
0, 1: 0 -
63, 1: 0 8210.23 2317.22 6210.95
64, 1: 0 8210.23 2075.93 6452.24
65, 1: 0 8210.23 0 8203.92
66, 1: 1 8210.23 0 8203.92
67, 1: 0 8210.23 1819.77 7714.44
68, 1: 0 8210.23 1754.17 6449.75
69, 1: 0 8210.23 1436.38 7091.79
70, 1: 0 8210.23 1700.54 7833.67
71, 1: 0 8210.23 1483.82 7726.14
72, 1: 0 8210.23 1252.18 8203.92
73, 1: 0 8210.23 1599.53 7934.67
74, 1: 0 8210.23 1166.82 8203.92
75, 1: 0 8210.23 1904.85 6623.32
76, 1: 0 8210.23 1359.34 8174.87
77, 1: 0 8210.23 0 8203.92
78, 1: 0 8210.23 727.054 8203.92
79, 1: 0 8210.23 504.577 8203.92
80, 1: 0 8210.23 0 8203.92
54, 4: 0 3339.63 3219.23
0, 4: 0 -
63, 4: 0 3339.63 2317.22 3219.23
64, 4: 0 3339.63 2075.93 3219.23
65, 4: 0 3339.63 0 3219.23
66, 4: 1 3339.63 0 3219.23
67, 4: 0 3339.63 1819.77 2213.19
68, 4: 0 3339.63 1754.17 3219.23
69, 4: 0 3339.63 1436.38 3219.23
70, 4: 0 3339.63 1700.54 2213.19
71, 4: 0 3339.63 1483.82 2213.19
72, 4: 0 3339.63 1252.18 2213.19
73, 4: 0 3339.63 1599.53 2213.19
74, 4: 0 3339.63 1166.82 2376.66
75, 4: 0 3339.63 1904.85 3219.23
76, 4: 0 3339.63 1359.34 2213.19
77, 4: 0 3339.63 0 3219.23
78, 4: 0 3339.63 727.054 2492.17
79, 4: 0 3339.63 504.577 3038.9
80, 4: 0 3339.63 0 3219.23
54, 2: 0 3260.83 3140.11
0, 2: 0 -
63, 2: 0 3260.83 2317.22 2815.86
64, 2: 0 3260.83 2075.93 2815.86
65, 2: 1 3260.83 0 3140.11
66, 2: 0 3260.83 0 3140.11
67, 2: 0 3260.83 1819.77 2815.86
68, 2: 0 3260.83 1754.17 3140.11
69, 2: 0 3260.83 1436.38 2815.86
70, 2: 0 3260.83 1700.54 2815.86
71, 2: 0 3260.83 1483.82 3140.11
72, 2: 0 3260.83 1252.18 2893.97
73, 2: 0 3260.83 1599.53 2815.86
74, 2: 0 3260.83 1166.82 2815.86
75, 2: 0 3260.83 1904.85 2815.86
76, 2: 0 3260.83 1359.34 2815.86
77, 2: 0 3260.83 0 3140.11
78, 2: 0 3260.83 727.054 3140.11
79, 2: 0 3260.83 504.577 2815.86
80, 2: 0 3260.83 0 3140.11
Customer 55 - Obj: -759.769   part1: 288.109   part2: 1047.88
55, 2: 0 3235.87 3140.11
0, 2: 0 -
63, 2: 0 3235.87 0 3140.11
64, 2: 0 3235.87 585.71 3140.11
65, 2: 1 3235.87 560.859 3140.11
66, 2: 0 3235.87 487.019 3454.12
67, 2: 0 3235.87 512.452 3140.11
68, 2: 0 3235.87 493.693 3454.12
69, 2: 0 3235.87 0 3140.11
70, 2: 0 3235.87 478.358 3140.11
71, 2: 0 3235.87 416.376 3140.11
72, 2: 0 3235.87 350.133 3140.11
73, 2: 0 3235.87 449.469 3140.11
74, 2: 0 3235.87 325.719 3140.11
75, 2: 0 3235.87 536.785 3140.11
76, 2: 0 3235.87 380.777 3140.11
77, 2: 0 3235.87 281.436 3454.12
78, 2: 0 3235.87 199.954 2940.15
79, 2: 0 3235.87 136.329 3454.12
80, 2: 0 3235.87 246.235 3140.11
55, 6: 0 2249.23 2179.8
0, 6: 0 -
63, 6: 0 2249.23 0 2179.8
64, 6: 0 2249.23 585.71 2397.78
65, 6: 0 2249.23 560.859 2179.8
66, 6: 1 2249.23 487.019 2179.8
67, 6: 0 2249.23 512.452 2397.78
68, 6: 0 2249.23 493.693 2179.8
69, 6: 0 2249.23 0 2179.8
70, 6: 0 2249.23 478.358 2179.8
71, 6: 0 2249.23 416.376 2397.78
72, 6: 0 2249.23 350.133 2397.78
73, 6: 0 2249.23 449.469 2397.78
74, 6: 0 2249.23 325.719 2397.78
75, 6: 0 2249.23 536.785 2179.8
76, 6: 0 2249.23 380.777 2397.78
77, 6: 0 2249.23 281.436 2179.8
78, 6: 0 2249.23 199.954 2397.78
79, 6: 0 2249.23 136.329 2397.78
80, 6: 0 2249.23 246.235 2179.8
55, 8: 0 8649.84 8526.93
0, 8: 0 -
63, 8: 0 8649.84 0 8526.93
64, 8: 0 8649.84 585.71 8526.93
65, 8: 0 8649.84 560.859 7966.07
66, 8: 1 8649.84 487.019 8526.93
67, 8: 0 8649.84 512.452 8014.48
68, 8: 0 8649.84 493.693 8033.24
69, 8: 0 8649.84 0 8526.93
70, 8: 0 8649.84 478.358 8048.57
71, 8: 0 8649.84 416.376 8110.55
72, 8: 0 8649.84 350.133 8176.8
73, 8: 0 8649.84 449.469 8077.46
74, 8: 0 8649.84 325.719 8201.21
75, 8: 0 8649.84 536.785 9379.62
76, 8: 0 8649.84 380.777 8146.15
77, 8: 0 8649.84 281.436 9379.62
78, 8: 0 8649.84 199.954 8526.93
79, 8: 0 8649.84 136.329 8526.93
80, 8: 0 8649.84 246.235 8280.7
Customer 56 - Obj: 316.199   part1: 316.199   part2: 0
56, 1: 0 8515.52 8203.92
0, 1: 0 -
63, 1: 0 8515.52 5042.35 8203.92
64, 1: 0 8515.52 4533.94 8203.92
65, 1: 0 8515.52 4865.21 8203.92
66, 1: 0 8515.52 3808.62 8203.92
67, 1: 1 8515.52 0 8203.92
68, 1: 0 8515.52 3857.8 8203.92
69, 1: 0 8515.52 3188.21 8203.92
70, 1: 0 8515.52 0 8203.92
71, 1: 0 8515.52 0 8203.92
72, 1: 0 8515.52 2800.1 5561.73
73, 1: 0 8515.52 3530.18 8203.92
74, 1: 0 8515.52 0 8203.92
75, 1: 0 8515.52 4173.48 8203.92
76, 1: 0 8515.52 3024.08 8203.92
77, 1: 0 8515.52 0 8203.92
78, 1: 0 8515.52 1693.64 6510.28
79, 1: 0 8515.52 1224.9 6979.02
80, 1: 0 8515.52 2153.9 6261.2
56, 3: 0 985.822 981.225
0, 3: 0 -
63, 3: 0 985.822 5042.35 770.044
64, 3: 0 985.822 4533.94 770.044
65, 3: 0 985.822 4865.21 770.044
66, 3: 0 985.822 3808.62 981.225
67, 3: 1 985.822 0 981.225
68, 3: 0 985.822 3857.8 770.044
69, 3: 0 985.822 3188.21 981.225
70, 3: 0 985.822 0 981.225
71, 3: 0 985.822 0 981.225
72, 3: 0 985.822 2800.1 823.307
73, 3: 0 985.822 3530.18 981.225
74, 3: 0 985.822 0 981.225
75, 3: 0 985.822 4173.48 770.044
76, 3: 0 985.822 3024.08 981.225
77, 3: 0 985.822 0 981.225
78, 3: 0 985.822 1693.64 981.225
79, 3: 0 985.822 1224.9 981.225
80, 3: 0 985.822 2153.9 770.044
Customer 57 - Obj: 198.63   part1: 198.63   part2: 0
57, 8: 0 8597.92 8526.93
0, 8: 0 -
63, 8: 0 8597.92 205.264 6512.37
64, 8: 0 8597.92 184.491 6389.57
65, 8: 1 8597.92 0 8526.93
66, 8: 0 8597.92 159.467 6512.37
67, 8: 0 8597.92 167.125 6512.37
68, 8: 0 8597.92 161.477 9379.62
69, 8: 0 8597.92 134.118 6389.57
70, 8: 0 8597.92 0 6512.37
71, 8: 0 8597.92 146.225 6512.37
72, 8: 0 8597.92 118.259 9379.62
73, 8: 0 8597.92 143.477 6389.57
74, 8: 0 8597.92 110.91 6401.46
75, 8: 0 8597.92 169.763 6512.37
76, 8: 0 8597.92 122.798 6389.57
77, 8: 0 8597.92 97.5793 6512.37
78, 8: 0 8597.92 0 6512.37
79, 8: 0 8597.92 0 6512.37
80, 8: 0 8597.92 87.2424 6425.13
57, 6: 0 2307.44 2179.8
0, 6: 0 -
63, 6: 0 2307.44 205.264 1974.53
64, 6: 0 2307.44 184.491 2118.1
65, 6: 1 2307.44 0 2179.8
66, 6: 0 2307.44 159.467 2397.78
67, 6: 0 2307.44 167.125 2179.8
68, 6: 0 2307.44 161.477 2397.78
69, 6: 0 2307.44 134.118 2179.8
70, 6: 0 2307.44 0 2179.8
71, 6: 0 2307.44 146.225 2179.8
72, 6: 0 2307.44 118.259 2061.54
73, 6: 0 2307.44 143.477 2179.8
74, 6: 0 2307.44 110.91 2397.78
75, 6: 0 2307.44 169.763 2179.8
76, 6: 0 2307.44 122.798 2179.8
77, 6: 0 2307.44 97.5793 2179.8
78, 6: 0 2307.44 0 2397.78
79, 6: 0 2307.44 0 2179.8
80, 6: 0 2307.44 87.2424 2179.8
Customer 58 - Obj: 286.411   part1: 286.411   part2: 0
58, 0: 0 6384.89 6180.34
0, 0: 0 -
63, 0: 0 6384.89 1890.19 5296.19
64, 0: 0 6384.89 1725.7 4753.11
65, 0: 0 6384.89 1695.66 5490.72
66, 0: 0 6384.89 1519.65 4753.11
67, 0: 0 6384.89 1580.28 4753.11
68, 0: 0 6384.89 1412.53 5985.03
69, 0: 0 6384.89 1318.94 4861.4
70, 0: 0 6384.89 0 6180.34
71, 0: 0 6384.89 0 6180.34
72, 0: 0 6384.89 1193.37 4986.97
73, 0: 1 6384.89 0 6180.34
74, 0: 0 6384.89 678.046 6180.34
75, 0: 0 6384.89 1609.08 5577.3
76, 0: 0 6384.89 0 6180.34
77, 0: 0 6384.89 1029.62 6180.34
78, 0: 0 6384.89 0 6180.34
79, 0: 0 6384.89 0 6180.34
80, 0: 0 6384.89 1021.47 5158.87
58, 4: 0 3219.91 3219.23
0, 4: 0 -
63, 4: 0 3219.91 1890.19 2213.19
64, 4: 0 3219.91 1725.7 2920.77
65, 4: 0 3219.91 1695.66 2213.19
66, 4: 0 3219.91 1519.65 3126.81
67, 4: 0 3219.91 1580.28 3219.23
68, 4: 0 3219.91 1412.53 2213.19
69, 4: 0 3219.91 1318.94 3219.23
70, 4: 0 3219.91 0 3219.23
71, 4: 0 3219.91 0 3219.23
72, 4: 0 3219.91 1193.37 3219.23
73, 4: 0 3219.91 0 3219.23
74, 4: 0 3219.91 678.046 2541.18
75, 4: 0 3219.91 1609.08 2213.19
76, 4: 1 3219.91 0 3219.23
77, 4: 0 3219.91 1029.62 2213.19
78, 4: 0 3219.91 0 3219.23
79, 4: 0 3219.91 0 3219.23
80, 4: 0 3219.91 1021.47 3541.15
58, 3: 0 1062.4 981.225
0, 3: 0 -
63, 3: 0 1062.4 1890.19 981.225
64, 3: 0 1062.4 1725.7 981.225
65, 3: 0 1062.4 1695.66 981.225
66, 3: 0 1062.4 1519.65 981.225
67, 3: 0 1062.4 1580.28 828.178
68, 3: 0 1062.4 1412.53 770.044
69, 3: 0 1062.4 1318.94 981.225
70, 3: 0 1062.4 0 981.225
71, 3: 0 1062.4 0 981.225
72, 3: 0 1062.4 1193.37 981.225
73, 3: 1 1062.4 0 981.225
74, 3: 0 1062.4 678.046 981.225
75, 3: 0 1062.4 1609.08 981.225
76, 3: 0 1062.4 0 981.225
77, 3: 0 1062.4 1029.62 957.641
78, 3: 0 1062.4 0 981.225
79, 3: 0 1062.4 0 981.225
80, 3: 0 1062.4 1021.47 981.225
Customer 59 - Obj: 163.819   part1: 163.819   part2: 5.42285e-11
59, 2: 0 3303.93 3140.11
0, 2: 0 -
63, 2: 0 3303.93 50.8799 3089.23
64, 2: 0 3303.93 46.56 3093.55
65, 2: 0 3303.93 45.7711 3094.34
66, 2: 0 3303.93 41.1485 3098.96
67, 2: 0 3303.93 42.7407 3097.37
68, 2: 0 3303.93 38.3349 3101.77
69, 2: 0 3303.93 35.8768 3104.23
70, 2: 0 3303.93 39.8395 3100.27
71, 2: 0 3303.93 0 3454.12
72, 2: 0 3303.93 32.5791 3107.53
73, 2: 1 3303.93 0 3140.11
74, 2: 0 3303.93 19.0447 3121.06
75, 2: 0 3303.93 0 3140.11
76, 2: 0 3303.93 33.7307 3106.38
77, 2: 0 3303.93 28.2784 3111.83
78, 2: 0 3303.93 21.9171 3118.19
79, 2: 0 3303.93 17.934 3122.17
80, 2: 0 3303.93 28.0642 3112.04
Customer 60 - Obj: 8.30431   part1: 8.30431   part2: 4.80902e-13
60, 2: 0 3148.41 3140.11
0, 2: 0 -
63, 2: 0 3148.41 2165.79 3140.11
64, 2: 0 3148.41 0 3454.12
65, 2: 0 3148.41 1864.39 3140.11
66, 2: 0 3148.41 1655.38 3140.11
67, 2: 0 3148.41 1727.37 3140.11
68, 2: 0 3148.41 1674.28 3140.11
69, 2: 0 3148.41 1417.03 3140.11
70, 2: 0 3148.41 1666.6 3140.11
71, 2: 0 3148.41 1455.43 3140.11
72, 2: 0 3148.41 1267.92 3140.11
73, 2: 0 3148.41 1584.83 3140.11
74, 2: 0 3148.41 898.037 3140.11
75, 2: 0 3148.41 1831.98 3140.11
76, 2: 1 3148.41 0 3140.11
77, 2: 0 3148.41 1073.48 3140.11
78, 2: 0 3148.41 842.842 3140.11
79, 2: 0 3148.41 662.75 3140.11
80, 2: 0 3148.41 1056.09 3140.11
Customer 61 - Obj: 156.858   part1: 156.858   part2: 0
61, 5: 0 6714.75 6665.31
0, 5: 0 -
63, 5: 1 6714.75 0 6665.31
64, 5: 0 6714.75 889.963 6665.31
65, 5: 0 6714.75 844.574 6665.31
66, 5: 0 6714.75 754.821 6665.31
67, 5: 0 6714.75 785.739 6665.31
68, 5: 0 6714.75 762.934 6665.31
69, 5: 0 6714.75 652.466 6249.21
70, 5: 0 6714.75 759.477 6665.31
71, 5: 0 6714.75 668.956 6665.31
72, 5: 0 6714.75 588.437 6665.31
73, 5: 0 6714.75 724.362 6665.31
74, 5: 0 6714.75 443.007 6249.21
75, 5: 0 6714.75 830.494 6249.21
76, 5: 0 6714.75 640.868 6249.21
77, 5: 0 6714.75 504.936 6249.21
78, 5: 0 6714.75 0 6665.31
79, 5: 0 6714.75 328.563 6665.31
80, 5: 0 6714.75 497.307 6249.21
61, 0: 0 6237.65 6180.34
0, 0: 0 -
63, 0: 1 6237.65 0 6180.34
64, 0: 0 6237.65 889.963 5408.14
65, 0: 0 6237.65 844.574 5335.77
66, 0: 0 6237.65 754.821 5425.52
67, 0: 0 6237.65 785.739 5394.6
68, 0: 0 6237.65 762.934 5417.41
69, 0: 0 6237.65 652.466 5943.98
70, 0: 0 6237.65 759.477 5420.86
71, 0: 0 6237.65 668.956 5511.39
72, 0: 0 6237.65 588.437 5591.9
73, 0: 0 6237.65 724.362 5455.98
74, 0: 0 6237.65 443.007 6153.44
75, 0: 0 6237.65 830.494 5765.95
76, 0: 0 6237.65 640.868 5955.58
77, 0: 0 6237.65 504.936 6091.51
78, 0: 0 6237.65 0 6180.34
79, 0: 0 6237.65 328.563 5851.78
80, 0: 0 6237.65 497.307 6099.14
61, 9: 0 671.397 621.29
0, 9: 0 -
63, 9: 1 671.397 0 621.29
64, 9: 0 671.397 889.963 503.527
65, 9: 0 671.397 844.574 621.29
66, 9: 0 671.397 754.821 621.29
67, 9: 0 671.397 785.739 621.29
68, 9: 0 671.397 762.934 621.29
69, 9: 0 671.397 652.466 621.29
70, 9: 0 671.397 759.477 621.29
71, 9: 0 671.397 668.956 621.29
72, 9: 0 671.397 588.437 621.29
73, 9: 0 671.397 724.362 621.29
74, 9: 0 671.397 443.007 621.29
75, 9: 0 671.397 830.494 621.29
76, 9: 0 671.397 640.868 621.29
77, 9: 0 671.397 504.936 621.29
78, 9: 0 671.397 0 621.29
79, 9: 0 671.397 328.563 621.29
80, 9: 0 671.397 497.307 621.29
Customer 62 - Obj: 172.503   part1: 222.383   part2: 49.8796
62, 5: 0 6668.87 6665.31
0, 5: 0 -
63, 5: 0 6668.87 93.8447 6571.47
64, 5: 0 6668.87 85.8431 6579.47
65, 5: 0 6668.87 82.2793 6583.03
66, 5: 0 6668.87 73.717 6591.6
67, 5: 0 6668.87 76.6664 6588.65
68, 5: 0 6668.87 74.491 6590.82
69, 5: 0 6668.87 63.9532 6601.36
70, 5: 0 6668.87 73.3954 6591.92
71, 5: 0 6668.87 71.1045 6665.31
72, 5: 0 6668.87 57.8449 6607.47
73, 5: 0 6668.87 70.0456 6595.27
74, 5: 0 6668.87 45.7894 6665.31
75, 5: 0 6668.87 0 6665.31
76, 5: 0 6668.87 62.0807 6665.31
77, 5: 1 6668.87 49.8796 6665.31
78, 5: 0 6668.87 40.4316 6624.88
79, 5: 0 6668.87 0 6665.31
80, 5: 0 6668.87 48.386 6665.31
62, 3: 0 1093.99 981.225
0, 3: 0 -
63, 3: 0 1093.99 93.8447 981.225
64, 3: 0 1093.99 85.8431 981.225
65, 3: 0 1093.99 82.2793 981.225
66, 3: 0 1093.99 73.717 981.225
67, 3: 0 1093.99 76.6664 981.225
68, 3: 0 1093.99 74.491 981.225
69, 3: 0 1093.99 63.9532 981.225
70, 3: 0 1093.99 73.3954 981.225
71, 3: 0 1093.99 71.1045 910.121
72, 3: 0 1093.99 57.8449 981.225
73, 3: 0 1093.99 70.0456 981.225
74, 3: 0 1093.99 45.7894 981.225
75, 3: 0 1093.99 0 981.225
76, 3: 0 1093.99 62.0807 919.144
77, 3: 1 1093.99 49.8796 981.225
78, 3: 0 1093.99 40.4316 981.225
79, 6: 0 2235.97 0 2179.8
80, 6: 0 2235.97 48.386 2179.8
Routing:
10, 0, 2
64, 0, 0
64, 63, 0
65, 0, 2
65, 10, 2
66, 0, 1
67, 0, 1
67, 66, 1
69, 0, 0
70, 63, 0
73, 70, 0
76, 73, 0
77, 69, 0
77, 76, 0
Routing cost: 4981.33
[557194.454173147, 4981.33, 10828.864552259445, 9.85306511692365e-05, 1, 93.42520304246875]