74, 4: 0 3225.36 100000 3541.15
75, 4: 0 3225.36 100000 3541.15
76, 4: 0 3225.36 100000 3541.15
77, 4: 0 3225.36 100000 3541.15
78, 4: 0 3225.36 100000 3541.15
79, 4: 0 3225.36 100000 3541.15
80, 4: 0 3225.36 100000 3541.15
Customer 39 - Obj: 168.13   part1: 168.13   part2: 0
39, 3: 1 1040.84 981.225
0, 3: 0 -
63, 3: 0 1040.84 100000 1079.35
64, 3: 0 1040.84 100000 1079.35
65, 3: 0 1040.84 100000 1079.35
66, 3: 0 1040.84 100000 1079.35
67, 3: 0 1040.84 100000 1079.35
68, 3: 0 1040.84 100000 1079.35
69, 3: 0 1040.84 100000 1079.35
70, 3: 0 1040.84 100000 1079.35
71, 3: 0 1040.84 100000 1079.35
72, 3: 0 1040.84 100000 1079.35
73, 3: 0 1040.84 100000 1079.35
74, 3: 0 1040.84 100000 1079.35
75, 3: 0 1040.84 100000 1079.35
76, 3: 0 1040.84 100000 1079.35
77, 3: 0 1040.84 100000 1079.35
78, 3: 0 1040.84 100000 1079.35
79, 3: 0 1040.84 100000 1079.35
80, 3: 0 1040.84 100000 1079.35
39, 5: 1 6702.24 6665.31
0, 5: 0 -
63, 5: 0 6702.24 100000 7331.84
64, 5: 0 6702.24 100000 7331.84
65, 5: 0 6702.24 100000 7331.84
66, 5: 0 6702.24 100000 7331.84
67, 5: 0 6702.24 100000 7331.84
68, 5: 0 6702.24 100000 7331.84
69, 5: 0 6702.24 100000 7331.84
70, 5: 0 6702.24 100000 7331.84
71, 5: 0 6702.24 100000 7331.84
72, 5: 0 6702.24 100000 7331.84
73, 5: 0 6702.24 100000 7331.84
74, 5: 0 6702.24 100000 7331.84
75, 5: 0 6702.24 100000 7331.84
76, 5: 0 6702.24 100000 7331.84
77, 5: 0 6702.24 100000 7331.84
78, 5: 0 6702.24 100000 7331.84
79, 5: 0 6702.24 100000 7331.84
80, 5: 0 6702.24 100000 7331.84
39, 9: 1 692.882 621.29
0, 9: 0 -
63, 9: 0 692.882 100000 683.419
64, 9: 0 692.882 100000 683.419
65, 9: 0 692.882 100000 683.419
66, 9: 0 692.882 100000 683.419
67, 9: 0 692.882 100000 683.419
68, 9: 0 692.882 100000 683.419
69, 9: 0 692.882 100000 683.419
70, 9: 0 692.882 100000 683.419
71, 9: 0 692.882 100000 683.419
72, 9: 0 692.882 100000 683.419
73, 9: 0 692.882 100000 683.419
74, 9: 0 692.882 100000 683.419
75, 9: 0 692.882 100000 683.419
76, 9: 0 692.882 100000 683.419
77, 9: 0 692.882 100000 683.419
78, 9: 0 692.882 100000 683.419
79, 9: 0 692.882 100000 683.419
80, 9: 0 692.882 100000 683.419
Customer 40 - Obj: 49.8824   part1: 49.8824   part2: 0
40, 5: 1 6676.04 6665.31
0, 5: 0 -
63, 5: 0 6676.04 100000 7331.84
64, 5: 0 6676.04 100000 7331.84
65, 5: 0 6676.04 100000 7331.84
66, 5: 0 6676.04 100000 7331.84
67, 5: 0 6676.04 100000 7331.84
68, 5: 0 6676.04 100000 7331.84
69, 5: 0 6676.04 100000 7331.84
70, 5: 0 6676.04 100000 7331.84
71, 5: 0 6676.04 100000 7331.84
72, 5: 0 6676.04 100000 7331.84
73, 5: 0 6676.04 100000 7331.84
74, 5: 0 6676.04 100000 7331.84
75, 5: 0 6676.04 100000 7331.84
76, 5: 0 6676.04 100000 7331.84
77, 5: 0 6676.04 100000 7331.84
78, 5: 0 6676.04 100000 7331.84
79, 5: 0 6676.04 100000 7331.84
80, 5: 0 6676.04 100000 7331.84
40, 1: 1 8243.07 8203.92
0, 1: 0 -
63, 1: 0 8243.07 100000 9024.31
64, 1: 0 8243.07 100000 9024.31
65, 1: 0 8243.07 100000 9024.31
66, 1: 0 8243.07 100000 9024.31
67, 1: 0 8243.07 100000 9024.31
68, 1: 0 8243.07 100000 9024.31
69, 1: 0 8243.07 100000 9024.31
70, 1: 0 8243.07 100000 9024.31
71, 1: 0 8243.07 100000 9024.31
72, 1: 0 8243.07 100000 9024.31
73, 1: 0 8243.07 100000 9024.31
74, 1: 0 8243.07 100000 9024.31
75, 1: 0 8243.07 100000 9024.31
76, 1: 0 8243.07 100000 9024.31
77, 1: 0 8243.07 100000 9024.31
78, 1: 0 8243.07 100000 9024.31
79, 1: 0 8243.07 100000 9024.31
80, 1: 0 8243.07 100000 9024.31
Customer 41 - Obj: 241.091   part1: 241.091   part2: 0
41, 2: 1 3283.89 3140.11
0, 2: 0 -
63, 2: 0 3283.89 100000 3454.12
64, 2: 0 3283.89 100000 3454.12
65, 2: 0 3283.89 100000 3454.12
66, 2: 0 3283.89 100000 3454.12
67, 2: 0 3283.89 100000 3454.12
68, 2: 0 3283.89 100000 3454.12
69, 2: 0 3283.89 100000 3454.12
70, 2: 0 3283.89 100000 3454.12
71, 2: 0 3283.89 100000 3454.12
72, 2: 0 3283.89 100000 3454.12
73, 2: 0 3283.89 100000 3454.12
74, 2: 0 3283.89 100000 3454.12
75, 2: 0 3283.89 100000 3454.12
76, 2: 0 3283.89 100000 3454.12
77, 2: 0 3283.89 100000 3454.12
78, 2: 0 3283.89 100000 3454.12
79, 2: 0 3283.89 100000 3454.12
80, 2: 0 3283.89 100000 3454.12
41, 0: 1 6246.9 6180.34
0, 0: 0 -
63, 0: 0 6246.9 100000 6798.38
64, 0: 0 6246.9 100000 6798.38
65, 0: 0 6246.9 100000 6798.38
66, 0: 0 6246.9 100000 6798.38
67, 0: 0 6246.9 100000 6798.38
68, 0: 0 6246.9 100000 6798.38
69, 0: 0 6246.9 100000 6798.38
70, 0: 0 6246.9 100000 6798.38
71, 0: 0 6246.9 100000 6798.38
72, 0: 0 6246.9 100000 6798.38
73, 0: 0 6246.9 100000 6798.38
74, 0: 0 6246.9 100000 6798.38
75, 0: 0 6246.9 100000 6798.38
76, 0: 0 6246.9 100000 6798.38
77, 0: 0 6246.9 100000 6798.38
78, 0: 0 6246.9 100000 6798.38
79, 0: 0 6246.9 100000 6798.38
80, 0: 0 6246.9 100000 6798.38
41, 8: 1 8557.68 8526.93
0, 8: 0 -
63, 8: 0 8557.68 100000 9379.62
64, 8: 0 8557.68 100000 9379.62
65, 8: 0 8557.68 100000 9379.62
66, 8: 0 8557.68 100000 9379.62
67, 8: 0 8557.68 100000 9379.62
68, 8: 0 8557.68 100000 9379.62
69, 8: 0 8557.68 100000 9379.62
70, 8: 0 8557.68 100000 9379.62
71, 8: 0 8557.68 100000 9379.62
72, 8: 0 8557.68 100000 9379.62
73, 8: 0 8557.68 100000 9379.62
74, 8: 0 8557.68 100000 9379.62
75, 8: 0 8557.68 100000 9379.62
76, 8: 0 8557.68 100000 9379.62
77, 8: 0 8557.68 100000 9379.62
78, 8: 0 8557.68 100000 9379.62
79, 8: 0 8557.68 100000 9379.62
80, 8: 0 8557.68 100000 9379.62
Customer 42 - Obj: 96.3106   part1: 96.3106   part2: 0
42, 0: 1 6180.8 6180.34
0, 0: 0 -
63, 0: 0 6180.8 100000 6798.38
64, 0: 0 6180.8 100000 6798.38
65, 0: 0 6180.8 100000 6798.38
66, 0: 0 6180.8 100000 6798.38
67, 0: 0 6180.8 100000 6798.38
68, 0: 0 6180.8 100000 6798.38
69, 0: 0 6180.8 100000 6798.38
70, 0: 0 6180.8 100000 6798.38
71, 0: 0 6180.8 100000 6798.38
72, 0: 0 6180.8 100000 6798.38
73, 0: 0 6180.8 100000 6798.38
74, 0: 0 6180.8 100000 6798.38
75, 0: 0 6180.8 100000 6798.38
76, 0: 0 6180.8 100000 6798.38
77, 0: 0 6180.8 100000 6798.38
78, 0: 0 6180.8 100000 6798.38
79, 0: 0 6180.8 100000 6798.38
80, 0: 0 6180.8 100000 6798.38
42, 4: 1 3315.08 3219.23
0, 4: 0 -
63, 4: 0 3315.08 100000 3541.15
64, 4: 0 3315.08 100000 3541.15
65, 4: 0 3315.08 100000 3541.15
66, 4: 0 3315.08 100000 3541.15
67, 4: 0 3315.08 100000 3541.15
68, 4: 0 3315.08 100000 3541.15
69, 4: 0 3315.08 100000 3541.15
70, 4: 0 3315.08 100000 3541.15
71, 4: 0 3315.08 100000 3541.15
72, 4: 0 3315.08 100000 3541.15
73, 4: 0 3315.08 100000 3541.15
74, 4: 0 3315.08 100000 3541.15
75, 4: 0 3315.08 100000 3541.15
76, 4: 0 3315.08 100000 3541.15
77, 4: 0 3315.08 100000 3541.15
78, 4: 0 3315.08 100000 3541.15
79, 4: 0 3315.08 100000 3541.15
80, 4: 0 3315.08 100000 3541.15
Customer 43 - Obj: 30.9106   part1: 30.9106   part2: 0
43, 9: 1 652.201 621.29
0, 9: 0 -
63, 9: 0 652.201 100000 683.419
64, 9: 0 652.201 100000 683.419
65, 9: 0 652.201 100000 683.419
66, 9: 0 652.201 100000 683.419
67, 9: 0 652.201 100000 683.419
68, 9: 0 652.201 100000 683.419
69, 9: 0 652.201 100000 683.419
70, 9: 0 652.201 100000 683.419
71, 9: 0 652.201 100000 683.419
72, 9: 0 652.201 100000 683.419
73, 9: 0 652.201 100000 683.419
74, 9: 0 652.201 100000 683.419
75, 9: 0 652.201 100000 683.419
76, 9: 0 652.201 100000 683.419
77, 9: 0 652.201 100000 683.419
78, 9: 0 652.201 100000 683.419
79, 9: 0 652.201 100000 683.419
80, 9: 0 652.201 100000 683.419
Customer 44 - Obj: 32.058   part1: 32.058   part2: 0
44, 2: 1 3172.16 3140.11
0, 2: 0 -
63, 2: 0 3172.16 100000 3454.12
64, 2: 0 3172.16 100000 3454.12
65, 2: 0 3172.16 100000 3454.12
66, 2: 0 3172.16 100000 3454.12
67, 2: 0 3172.16 100000 3454.12
68, 2: 0 3172.16 100000 3454.12
69, 2: 0 3172.16 100000 3454.12
70, 2: 0 3172.16 100000 3454.12
71, 2: 0 3172.16 100000 3454.12
72, 2: 0 3172.16 100000 3454.12
73, 2: 0 3172.16 100000 3454.12
74, 2: 0 3172.16 100000 3454.12
75, 2: 0 3172.16 100000 3454.12
76, 2: 0 3172.16 100000 3454.12
77, 2: 0 3172.16 100000 3454.12
78, 2: 0 3172.16 100000 3454.12
79, 2: 0 3172.16 100000 3454.12
80, 2: 0 3172.16 100000 3454.12
Customer 45 - Obj: 142.489   part1: 142.489   part2: 0
45, 6: 1 2254.68 2179.8
0, 6: 0 -
63, 6: 0 2254.68 100000 2397.78
64, 6: 0 2254.68 100000 2397.78
65, 6: 0 2254.68 100000 2397.78
66, 6: 0 2254.68 100000 2397.78
67, 6: 0 2254.68 100000 2397.78
68, 6: 0 2254.68 100000 2397.78
69, 6: 0 2254.68 100000 2397.78
70, 6: 0 2254.68 100000 2397.78
71, 6: 0 2254.68 100000 2397.78
72, 6: 0 2254.68 100000 2397.78
73, 6: 0 2254.68 100000 2397.78
74, 6: 0 2254.68 100000 2397.78
75, 6: 0 2254.68 100000 2397.78
76, 6: 0 2254.68 100000 2397.78
77, 6: 0 2254.68 100000 2397.78
78, 6: 0 2254.68 100000 2397.78
79, 6: 0 2254.68 100000 2397.78
80, 6: 0 2254.68 100000 2397.78
45, 9: 1 632.075 621.29
0, 9: 0 -
63, 9: 0 632.075 100000 683.419
64, 9: 0 632.075 100000 683.419
65, 9: 0 632.075 100000 683.419
66, 9: 0 632.075 100000 683.419
67, 9: 0 632.075 100000 683.419
68, 9: 0 632.075 100000 683.419
69, 9: 0 632.075 100000 683.419
70, 9: 0 632.075 100000 683.419
71, 9: 0 632.075 100000 683.419
72, 9: 0 632.075 100000 683.419
73, 9: 0 632.075 100000 683.419
74, 9: 0 632.075 100000 683.419
75, 9: 0 632.075 100000 683.419
76, 9: 0 632.075 100000 683.419
77, 9: 0 632.075 100000 683.419
78, 9: 0 632.075 100000 683.419
79, 9: 0 632.075 100000 683.419
80, 9: 0 632.075 100000 683.419
45, 0: 1 6237.16 6180.34
0, 0: 0 -
63, 0: 0 6237.16 100000 6798.38
64, 0: 0 6237.16 100000 6798.38
65, 0: 0 6237.16 100000 6798.38
66, 0: 0 6237.16 100000 6798.38
67, 0: 0 6237.16 100000 6798.38
68, 0: 0 6237.16 100000 6798.38
69, 0: 0 6237.16 100000 6798.38
70, 0: 0 6237.16 100000 6798.38
71, 0: 0 6237.16 100000 6798.38
72, 0: 0 6237.16 100000 6798.38
73, 0: 0 6237.16 100000 6798.38
74, 0: 0 6237.16 100000 6798.38
75, 0: 0 6237.16 100000 6798.38
76, 0: 0 6237.16 100000 6798.38
77, 0: 0 6237.16 100000 6798.38
78, 0: 0 6237.16 100000 6798.38
79, 0: 0 6237.16 100000 6798.38
80, 0: 0 6237.16 100000 6798.38
Customer 46 - Obj: 240.039   part1: 240.039   part2: 4.87024e-11
46, 8: 1 8766.97 8526.93
0, 8: 0 -
63, 8: 0 8766.97 100000 9379.62
64, 8: 0 8766.97 100000 9379.62
65, 8: 0 8766.97 100000 9379.62
66, 8: 0 8766.97 100000 9379.62
67, 8: 0 8766.97 100000 9379.62
68, 8: 0 8766.97 100000 9379.62
69, 8: 0 8766.97 100000 9379.62
70, 8: 0 8766.97 100000 9379.62
71, 8: 0 8766.97 100000 9379.62
72, 8: 0 8766.97 100000 9379.62
73, 8: 0 8766.97 100000 9379.62
74, 8: 0 8766.97 100000 9379.62
75, 8: 0 8766.97 100000 9379.62
76, 8: 0 8766.97 100000 9379.62
77, 8: 0 8766.97 100000 9379.62
78, 8: 0 8766.97 100000 9379.62
79, 8: 0 8766.97 100000 9379.62
80, 8: 0 8766.97 100000 9379.62
Customer 47 - Obj: 45.6408   part1: 45.6408   part2: 0
47, 0: 1 6225.98 6180.34
0, 0: 0 -
63, 0: 0 6225.98 100000 6798.38
64, 0: 0 6225.98 100000 6798.38
65, 0: 0 6225.98 100000 6798.38
66, 0: 0 6225.98 100000 6798.38
67, 0: 0 6225.98 100000 6798.38
68, 0: 0 6225.98 100000 6798.38
69, 0: 0 6225.98 100000 6798.38
70, 0: 0 6225.98 100000 6798.38
71, 0: 0 6225.98 100000 6798.38
72, 0: 0 6225.98 100000 6798.38
73, 0: 0 6225.98 100000 6798.38
74, 0: 0 6225.98 100000 6798.38
75, 0: 0 6225.98 100000 6798.38
76, 0: 0 6225.98 100000 6798.38
77, 0: 0 6225.98 100000 6798.38
78, 0: 0 6225.98 100000 6798.38
79, 0: 0 6225.98 100000 6798.38
80, 0: 0 6225.98 100000 6798.38
Customer 48 - Obj: 51.5474   part1: 51.5474   part2: 0
48, 6: 1 2231.34 2179.8
0, 6: 0 -
63, 6: 0 2231.34 100000 2397.78
64, 6: 0 2231.34 100000 2397.78
65, 6: 0 2231.34 100000 2397.78
66, 6: 0 2231.34 100000 2397.78
67, 6: 0 2231.34 100000 2397.78
68, 6: 0 2231.34 100000 2397.78
69, 6: 0 2231.34 100000 2397.78
70, 6: 0 2231.34 100000 2397.78
71, 6: 0 2231.34 100000 2397.78
72, 6: 0 2231.34 100000 2397.78
73, 6: 0 2231.34 100000 2397.78
74, 6: 0 2231.34 100000 2397.78
75, 6: 0 2231.34 100000 2397.78
76, 6: 0 2231.34 100000 2397.78
77, 6: 0 2231.34 100000 2397.78
78, 6: 0 2231.34 100000 2397.78
79, 6: 0 2231.34 100000 2397.78
80, 6: 0 2231.34 100000 2397.78
Customer 49 - Obj: 43.1189   part1: 43.1189   part2: 0
49, 4: 1 3244.33 3219.23
0, 4: 0 -
63, 4: 0 3244.33 100000 3541.15
64, 4: 0 3244.33 100000 3541.15
65, 4: 0 3244.33 100000 3541.15
66, 4: 0 3244.33 100000 3541.15
67, 4: 0 3244.33 100000 3541.15
68, 4: 0 3244.33 100000 3541.15
69, 4: 0 3244.33 100000 3541.15
70, 4: 0 3244.33 100000 3541.15
71, 4: 0 3244.33 100000 3541.15
72, 4: 0 3244.33 100000 3541.15
73, 4: 0 3244.33 100000 3541.15
74, 4: 0 3244.33 100000 3541.15
75, 4: 0 3244.33 100000 3541.15
76, 4: 0 3244.33 100000 3541.15
77, 4: 0 3244.33 100000 3541.15
78, 4: 0 3244.33 100000 3541.15
79, 4: 0 3244.33 100000 3541.15
80, 4: 0 3244.33 100000 3541.15
49, 1: 1 8221.94 8203.92
0, 1: 0 -
63, 1: 0 8221.94 100000 9024.31
64, 1: 0 8221.94 100000 9024.31
65, 1: 0 8221.94 100000 9024.31
66, 1: 0 8221.94 100000 9024.31
67, 1: 0 8221.94 100000 9024.31
68, 1: 0 8221.94 100000 9024.31
69, 1: 0 8221.94 100000 9024.31
70, 1: 0 8221.94 100000 9024.31
71, 1: 0 8221.94 100000 9024.31
72, 1: 0 8221.94 100000 9024.31
73, 1: 0 8221.94 100000 9024.31
74, 1: 0 8221.94 100000 9024.31
75, 1: 0 8221.94 100000 9024.31
76, 1: 0 8221.94 100000 9024.31
77, 1: 0 8221.94 100000 9024.31
78, 1: 0 8221.94 100000 9024.31
79, 1: 0 8221.94 100000 9024.31
80, 1: 0 8221.94 100000 9024.31
Customer 50 - Obj: 355.238   part1: 355.238   part2: -4.33681e-14
50, 8: 1 8882.17 8526.93
0, 8: 0 -
63, 8: 0 8882.17 100000 9379.62
64, 8: 0 8882.17 100000 9379.62
65, 8: 0 8882.17 100000 9379.62
66, 8: 0 8882.17 100000 9379.62
67, 8: 0 8882.17 100000 9379.62
68, 8: 0 8882.17 100000 9379.62
69, 8: 0 8882.17 100000 9379.62
70, 8: 0 8882.17 100000 9379.62
71, 8: 0 8882.17 100000 9379.62
72, 8: 0 8882.17 100000 9379.62
73, 8: 0 8882.17 100000 9379.62
74, 8: 0 8882.17 100000 9379.62
75, 8: 0 8882.17 100000 9379.62
76, 8: 0 8882.17 100000 9379.62
77, 8: 0 8882.17 100000 9379.62
78, 8: 0 8882.17 100000 9379.62
79, 8: 0 8882.17 100000 9379.62
80, 8: 0 8882.17 100000 9379.62
Customer 51 - Obj: 16.0667   part1: 16.0667   part2: 0
51, 4: 1 3235.3 3219.23
0, 4: 0 -
63, 4: 0 3235.3 100000 3541.15
64, 4: 0 3235.3 100000 3541.15
65, 4: 0 3235.3 100000 3541.15
66, 4: 0 3235.3 100000 3541.15
67, 4: 0 3235.3 100000 3541.15
68, 4: 0 3235.3 100000 3541.15
69, 4: 0 3235.3 100000 3541.15
70, 4: 0 3235.3 100000 3541.15
71, 4: 0 3235.3 100000 3541.15
72, 4: 0 3235.3 100000 3541.15
73, 4: 0 3235.3 100000 3541.15
74, 4: 0 3235.3 100000 3541.15
75, 4: 0 3235.3 100000 3541.15
76, 4: 0 3235.3 100000 3541.15
77, 4: 0 3235.3 100000 3541.15
78, 4: 0 3235.3 100000 3541.15
79, 4: 0 3235.3 100000 3541.15
80, 4: 0 3235.3 100000 3541.15
Customer 52 - Obj: 8.40553   part1: 8.40553   part2: 0
52, 9: 1 629.696 621.29
0, 9: 0 -
63, 9: 0 629.696 100000 683.419
64, 9: 0 629.696 100000 683.419
65, 9: 0 629.696 100000 683.419
66, 9: 0 629.696 100000 683.419
67, 9: 0 629.696 100000 683.419
68, 9: 0 629.696 100000 683.419
69, 9: 0 629.696 100000 683.419
70, 9: 0 629.696 100000 683.419
71, 9: 0 629.696 100000 683.419
72, 9: 0 629.696 100000 683.419
73, 9: 0 629.696 100000 683.419
74, 9: 0 629.696 100000 683.419
75, 9: 0 629.696 100000 683.419
76, 9: 0 629.696 100000 683.419
77, 9: 0 629.696 100000 683.419
78, 9: 0 629.696 100000 683.419
79, 9: 0 629.696 100000 683.419
80, 9: 0 629.696 100000 683.419
Customer 53 - Obj: 311.522   part1: 311.522   part2: 0
53, 5: 1 6730.4 6665.31
0, 5: 0 -
63, 5: 0 6730.4 100000 7331.84
64, 5: 0 6730.4 100000 7331.84
65, 5: 0 6730.4 100000 7331.84
66, 5: 0 6730.4 100000 7331.84
67, 5: 0 6730.4 100000 7331.84
68, 5: 0 6730.4 100000 7331.84
69, 5: 0 6730.4 100000 7331.84
70, 5: 0 6730.4 100000 7331.84
71, 5: 0 6730.4 100000 7331.84
72, 5: 0 6730.4 100000 7331.84
73, 5: 0 6730.4 100000 7331.84
74, 5: 0 6730.4 100000 7331.84
75, 5: 0 6730.4 100000 7331.84
76, 5: 0 6730.4 100000 7331.84
77, 5: 0 6730.4 100000 7331.84
78, 5: 0 6730.4 100000 7331.84
79, 5: 0 6730.4 100000 7331.84
80, 5: 0 6730.4 100000 7331.84
53, 9: 1 867.731 621.29
0, 9: 0 -
63, 9: 0 867.731 100000 683.419
64, 9: 0 867.731 100000 683.419
65, 9: 0 867.731 100000 683.419
66, 9: 0 867.731 100000 683.419
67, 9: 0 867.731 100000 683.419
68, 9: 0 867.731 100000 683.419
69, 9: 0 867.731 100000 683.419
70, 9: 0 867.731 100000 683.419
71, 9: 0 867.731 100000 683.419
72, 9: 0 867.731 100000 683.419
73, 9: 0 867.731 100000 683.419
74, 9: 0 867.731 100000 683.419
75, 9: 0 867.731 100000 683.419
76, 9: 0 867.731 100000 683.419
77, 9: 0 867.731 100000 683.419
78, 9: 0 867.731 100000 683.419
79, 9: 0 867.731 100000 683.419
80, 9: 0 867.731 100000 683.419
Customer 54 - Obj: 247.426   part1: 247.426   part2: 0
54, 1: 1 8210.23 8203.92
0, 1: 0 -
63, 1: 0 8210.23 100000 9024.31
64, 1: 0 8210.23 100000 9024.31
65, 1: 0 8210.23 100000 9024.31
66, 1: 0 8210.23 100000 9024.31
67, 1: 0 8210.23 100000 9024.31
68, 1: 0 8210.23 100000 9024.31
69, 1: 0 8210.23 100000 9024.31
70, 1: 0 8210.23 100000 9024.31
71, 1: 0 8210.23 100000 9024.31
72, 1: 0 8210.23 100000 9024.31
73, 1: 0 8210.23 100000 9024.31
74, 1: 0 8210.23 100000 9024.31
75, 1: 0 8210.23 100000 9024.31
76, 1: 0 8210.23 100000 9024.31
77, 1: 0 8210.23 100000 9024.31
78, 1: 0 8210.23 100000 9024.31
79, 1: 0 8210.23 100000 9024.31
80, 1: 0 8210.23 100000 9024.31
54, 4: 1 3339.63 3219.23
0, 4: 0 -
63, 4: 0 3339.63 100000 3541.15
64, 4: 0 3339.63 100000 3541.15
65, 4: 0 3339.63 100000 3541.15
66, 4: 0 3339.63 100000 3541.15
67, 4: 0 3339.63 100000 3541.15
68, 4: 0 3339.63 100000 3541.15
69, 4: 0 3339.63 100000 3541.15
70, 4: 0 3339.63 100000 3541.15
71, 4: 0 3339.63 100000 3541.15
72, 4: 0 3339.63 100000 3541.15
73, 4: 0 3339.63 100000 3541.15
74, 4: 0 3339.63 100000 3541.15
75, 4: 0 3339.63 100000 3541.15
76, 4: 0 3339.63 100000 3541.15
77, 4: 0 3339.63 100000 3541.15
78, 4: 0 3339.63 100000 3541.15
79, 4: 0 3339.63 100000 3541.15
80, 4: 0 3339.63 100000 3541.15
54, 2: 1 3260.83 3140.11
0, 2: 0 -
63, 2: 0 3260.83 100000 3454.12
64, 2: 0 3260.83 100000 3454.12
65, 2: 0 3260.83 100000 3454.12
66, 2: 0 3260.83 100000 3454.12
67, 2: 0 3260.83 100000 3454.12
68, 2: 0 3260.83 100000 3454.12
69, 2: 0 3260.83 100000 3454.12
70, 2: 0 3260.83 100000 3454.12
71, 2: 0 3260.83 100000 3454.12
72, 2: 0 3260.83 100000 3454.12
73, 2: 0 3260.83 100000 3454.12
74, 2: 0 3260.83 100000 3454.12
75, 2: 0 3260.83 100000 3454.12
76, 2: 0 3260.83 100000 3454.12
77, 2: 0 3260.83 100000 3454.12
78, 2: 0 3260.83 100000 3454.12
79, 2: 0 3260.83 100000 3454.12
80, 2: 0 3260.83 100000 3454.12
Customer 55 - Obj: 288.109   part1: 288.109   part2: 0
55, 2: 1 3235.87 3140.11
0, 2: 0 -
63, 2: 0 3235.87 100000 3454.12
64, 2: 0 3235.87 100000 3454.12
65, 2: 0 3235.87 100000 3454.12
66, 2: 0 3235.87 100000 3454.12
67, 2: 0 3235.87 100000 3454.12
68, 2: 0 3235.87 100000 3454.12
69, 2: 0 3235.87 100000 3454.12
70, 2: 0 3235.87 100000 3454.12
71, 2: 0 3235.87 100000 3454.12
72, 2: 0 3235.87 100000 3454.12
73, 2: 0 3235.87 100000 3454.12
74, 2: 0 3235.87 100000 3454.12
75, 2: 0 3235.87 100000 3454.12
76, 2: 0 3235.87 100000 3454.12
77, 2: 0 3235.87 100000 3454.12
78, 2: 0 3235.87 100000 3454.12
79, 2: 0 3235.87 100000 3454.12
80, 2: 0 3235.87 100000 3454.12
55, 6: 1 2249.23 2179.8
0, 6: 0 -
63, 6: 0 2249.23 100000 2397.78
64, 6: 0 2249.23 100000 2397.78
65, 6: 0 2249.23 100000 2397.78
66, 6: 0 2249.23 100000 2397.78
67, 6: 0 2249.23 100000 2397.78
68, 6: 0 2249.23 100000 2397.78
69, 6: 0 2249.23 100000 2397.78
70, 6: 0 2249.23 100000 2397.78
71, 6: 0 2249.23 100000 2397.78
72, 6: 0 2249.23 100000 2397.78
73, 6: 0 2249.23 100000 2397.78
74, 6: 0 2249.23 100000 2397.78
75, 6: 0 2249.23 100000 2397.78
76, 6: 0 2249.23 100000 2397.78
77, 6: 0 2249.23 100000 2397.78
78, 6: 0 2249.23 100000 2397.78
79, 6: 0 2249.23 100000 2397.78
80, 6: 0 2249.23 100000 2397.78
55, 8: 1 8649.84 8526.93
0, 8: 0 -
63, 8: 0 8649.84 100000 9379.62
64, 8: 0 8649.84 100000 9379.62
65, 8: 0 8649.84 100000 9379.62
66, 8: 0 8649.84 100000 9379.62
67, 8: 0 8649.84 100000 9379.62
68, 8: 0 8649.84 100000 9379.62
69, 8: 0 8649.84 100000 9379.62
70, 8: 0 8649.84 100000 9379.62
71, 8: 0 8649.84 100000 9379.62
72, 8: 0 8649.84 100000 9379.62
73, 8: 0 8649.84 100000 9379.62
74, 8: 0 8649.84 100000 9379.62
75, 8: 0 8649.84 100000 9379.62
76, 8: 0 8649.84 100000 9379.62
77, 8: 0 8649.84 100000 9379.62
78, 8: 0 8649.84 100000 9379.62
79, 8: 0 8649.84 100000 9379.62
80, 8: 0 8649.84 100000 9379.62
Customer 56 - Obj: 316.199   part1: 316.199   part2: 0
56, 1: 1 8515.52 8203.92
0, 1: 0 -
63, 1: 0 8515.52 100000 9024.31
64, 1: 0 8515.52 100000 9024.31
65, 1: 0 8515.52 100000 9024.31
66, 1: 0 8515.52 100000 9024.31
67, 1: 0 8515.52 100000 9024.31
68, 1: 0 8515.52 100000 9024.31
69, 1: 0 8515.52 100000 9024.31
70, 1: 0 8515.52 100000 9024.31
71, 1: 0 8515.52 100000 9024.31
72, 1: 0 8515.52 100000 9024.31
73, 1: 0 8515.52 100000 9024.31
74, 1: 0 8515.52 100000 9024.31
75, 1: 0 8515.52 100000 9024.31
76, 1: 0 8515.52 100000 9024.31
77, 1: 0 8515.52 100000 9024.31
78, 1: 0 8515.52 100000 9024.31
79, 1: 0 8515.52 100000 9024.31
80, 1: 0 8515.52 100000 9024.31
56, 3: 1 985.822 981.225
0, 3: 0 -
63, 3: 0 985.822 100000 1079.35
64, 3: 0 985.822 100000 1079.35
65, 3: 0 985.822 100000 1079.35
66, 3: 0 985.822 100000 1079.35
67, 3: 0 985.822 100000 1079.35
68, 3: 0 985.822 100000 1079.35
69, 3: 0 985.822 100000 1079.35
70, 3: 0 985.822 100000 1079.35
71, 3: 0 985.822 100000 1079.35
72, 3: 0 985.822 100000 1079.35
73, 3: 0 985.822 100000 1079.35
74, 3: 0 985.822 100000 1079.35
75, 3: 0 985.822 100000 1079.35
76, 3: 0 985.822 100000 1079.35
77, 3: 0 985.822 100000 1079.35
78, 3: 0 985.822 100000 1079.35
79, 3: 0 985.822 100000 1079.35
80, 3: 0 985.822 100000 1079.35
Customer 57 - Obj: 198.63   part1: 198.63   part2: 0
57, 8: 1 8597.92 8526.93
0, 8: 0 -
63, 8: 0 8597.92 100000 9379.62
64, 8: 0 8597.92 100000 9379.62
65, 8: 0 8597.92 100000 9379.62
66, 8: 0 8597.92 100000 9379.62
67, 8: 0 8597.92 100000 9379.62
68, 8: 0 8597.92 100000 9379.62
69, 8: 0 8597.92 100000 9379.62
70, 8: 0 8597.92 100000 9379.62
71, 8: 0 8597.92 100000 9379.62
72, 8: 0 8597.92 100000 9379.62
73, 8: 0 8597.92 100000 9379.62
74, 8: 0 8597.92 100000 9379.62
75, 8: 0 8597.92 100000 9379.62
76, 8: 0 8597.92 100000 9379.62
77, 8: 0 8597.92 100000 9379.62
78, 8: 0 8597.92 100000 9379.62
79, 8: 0 8597.92 100000 9379.62
80, 8: 0 8597.92 100000 9379.62
57, 6: 1 2307.44 2179.8
0, 6: 0 -
63, 6: 0 2307.44 100000 2397.78
64, 6: 0 2307.44 100000 2397.78
65, 6: 0 2307.44 100000 2397.78
66, 6: 0 2307.44 100000 2397.78
67, 6: 0 2307.44 100000 2397.78
68, 6: 0 2307.44 100000 2397.78
69, 6: 0 2307.44 100000 2397.78
70, 6: 0 2307.44 100000 2397.78
71, 6: 0 2307.44 100000 2397.78
72, 6: 0 2307.44 100000 2397.78
73, 6: 0 2307.44 100000 2397.78
74, 6: 0 2307.44 100000 2397.78
75, 6: 0 2307.44 100000 2397.78
76, 6: 0 2307.44 100000 2397.78
77, 6: 0 2307.44 100000 2397.78
78, 6: 0 2307.44 100000 2397.78
79, 6: 0 2307.44 100000 2397.78
80, 6: 0 2307.44 100000 2397.78
Customer 58 - Obj: 286.411   part1: 286.411   part2: 0
58, 0: 1 6384.89 6180.34
0, 0: 0 -
63, 0: 0 6384.89 100000 6798.38
64, 0: 0 6384.89 100000 6798.38
65, 0: 0 6384.89 100000 6798.38
66, 0: 0 6384.89 100000 6798.38
67, 0: 0 6384.89 100000 6798.38
68, 0: 0 6384.89 100000 6798.38
69, 0: 0 6384.89 100000 6798.38
70, 0: 0 6384.89 100000 6798.38
71, 0: 0 6384.89 100000 6798.38
72, 0: 0 6384.89 100000 6798.38
73, 0: 0 6384.89 100000 6798.38
74, 0: 0 6384.89 100000 6798.38
75, 0: 0 6384.89 100000 6798.38
76, 0: 0 6384.89 100000 6798.38
77, 0: 0 6384.89 100000 6798.38
78, 0: 0 6384.89 100000 6798.38
79, 0: 0 6384.89 100000 6798.38
80, 0: 0 6384.89 100000 6798.38
58, 4: 1 3219.91 3219.23
0, 4: 0 -
63, 4: 0 3219.91 100000 3541.15
64, 4: 0 3219.91 100000 3541.15
65, 4: 0 3219.91 100000 3541.15
66, 4: 0 3219.91 100000 3541.15
67, 4: 0 3219.91 100000 3541.15
68, 4: 0 3219.91 100000 3541.15
69, 4: 0 3219.91 100000 3541.15
70, 4: 0 3219.91 100000 3541.15
71, 4: 0 3219.91 100000 3541.15
72, 4: 0 3219.91 100000 3541.15
73, 4: 0 3219.91 100000 3541.15
74, 4: 0 3219.91 100000 3541.15
75, 4: 0 3219.91 100000 3541.15
76, 4: 0 3219.91 100000 3541.15
77, 4: 0 3219.91 100000 3541.15
78, 4: 0 3219.91 100000 3541.15
79, 4: 0 3219.91 100000 3541.15
80, 4: 0 3219.91 100000 3541.15
58, 3: 1 1062.4 981.225
0, 3: 0 -
63, 3: 0 1062.4 100000 1079.35
64, 3: 0 1062.4 100000 1079.35
65, 3: 0 1062.4 100000 1079.35
66, 3: 0 1062.4 100000 1079.35
67, 3: 0 1062.4 100000 1079.35
68, 3: 0 1062.4 100000 1079.35
69, 3: 0 1062.4 100000 1079.35
70, 3: 0 1062.4 100000 1079.35
71, 3: 0 1062.4 100000 1079.35
72, 3: 0 1062.4 100000 1079.35
73, 3: 0 1062.4 100000 1079.35
74, 3: 0 1062.4 100000 1079.35
75, 3: 0 1062.4 100000 1079.35
76, 3: 0 1062.4 100000 1079.35
77, 3: 0 1062.4 100000 1079.35
78, 3: 0 1062.4 100000 1079.35
79, 3: 0 1062.4 100000 1079.35
80, 3: 0 1062.4 100000 1079.35
Customer 59 - Obj: 163.819   part1: 163.819   part2: 0
59, 2: 1 3303.93 3140.11
0, 2: 0 -
63, 2: 0 3303.93 100000 3454.12
64, 2: 0 3303.93 100000 3454.12
65, 2: 0 3303.93 100000 3454.12
66, 2: 0 3303.93 100000 3454.12
67, 2: 0 3303.93 100000 3454.12
68, 2: 0 3303.93 100000 3454.12
69, 2: 0 3303.93 100000 3454.12
70, 2: 0 3303.93 100000 3454.12
71, 2: 0 3303.93 100000 3454.12
72, 2: 0 3303.93 100000 3454.12
73, 2: 0 3303.93 100000 3454.12
74, 2: 0 3303.93 100000 3454.12
75, 2: 0 3303.93 100000 3454.12
76, 2: 0 3303.93 100000 3454.12
77, 2: 0 3303.93 100000 3454.12
78, 2: 0 3303.93 100000 3454.12
79, 2: 0 3303.93 100000 3454.12
80, 2: 0 3303.93 100000 3454.12
Customer 60 - Obj: 8.30431   part1: 8.30431   part2: 0
60, 2: 1 3148.41 3140.11
0, 2: 0 -
63, 2: 0 3148.41 100000 3454.12
64, 2: 0 3148.41 100000 3454.12
65, 2: 0 3148.41 100000 3454.12
66, 2: 0 3148.41 100000 3454.12
67, 2: 0 3148.41 100000 3454.12
68, 2: 0 3148.41 100000 3454.12
69, 2: 0 3148.41 100000 3454.12
70, 2: 0 3148.41 100000 3454.12
71, 2: 0 3148.41 100000 3454.12
72, 2: 0 3148.41 100000 3454.12
73, 2: 0 3148.41 100000 3454.12
74, 2: 0 3148.41 100000 3454.12
75, 2: 0 3148.41 100000 3454.12
76, 2: 0 3148.41 100000 3454.12
77, 2: 0 3148.41 100000 3454.12
78, 2: 0 3148.41 100000 3454.12
79, 2: 0 3148.41 100000 3454.12
80, 2: 0 3148.41 100000 3454.12
Customer 61 - Obj: 156.858   part1: 156.858   part2: 0
61, 5: 1 6714.75 6665.31
0, 5: 0 -
63, 5: 0 6714.75 100000 7331.84
64, 5: 0 6714.75 100000 7331.84
65, 5: 0 6714.75 100000 7331.84
66, 5: 0 6714.75 100000 7331.84
67, 5: 0 6714.75 100000 7331.84
68, 5: 0 6714.75 100000 7331.84
69, 5: 0 6714.75 100000 7331.84
70, 5: 0 6714.75 100000 7331.84
71, 5: 0 6714.75 100000 7331.84
72, 5: 0 6714.75 100000 7331.84
73, 5: 0 6714.75 100000 7331.84
74, 5: 0 6714.75 100000 7331.84
75, 5: 0 6714.75 100000 7331.84
76, 5: 0 6714.75 100000 7331.84
77, 5: 0 6714.75 100000 7331.84
78, 5: 0 6714.75 100000 7331.84
79, 5: 0 6714.75 100000 7331.84
80, 5: 0 6714.75 100000 7331.84
61, 0: 1 6237.65 6180.34
0, 0: 0 -
63, 0: 0 6237.65 100000 6798.38
64, 0: 0 6237.65 100000 6798.38
65, 0: 0 6237.65 100000 6798.38
66, 0: 0 6237.65 100000 6798.38
67, 0: 0 6237.65 100000 6798.38
68, 0: 0 6237.65 100000 6798.38
69, 0: 0 6237.65 100000 6798.38
70, 0: 0 6237.65 100000 6798.38
71, 0: 0 6237.65 100000 6798.38
72, 0: 0 6237.65 100000 6798.38
73, 0: 0 6237.65 100000 6798.38
74, 0: 0 6237.65 100000 6798.38
75, 0: 0 6237.65 100000 6798.38
76, 0: 0 6237.65 100000 6798.38
77, 0: 0 6237.65 100000 6798.38
78, 0: 0 6237.65 100000 6798.38
79, 0: 0 6237.65 100000 6798.38
80, 0: 0 6237.65 100000 6798.38
61, 9: 1 671.397 621.29
0, 9: 0 -
63, 9: 0 671.397 100000 683.419
64, 9: 0 671.397 100000 683.419
65, 9: 0 671.397 100000 683.419
66, 9: 0 671.397 100000 683.419
67, 9: 0 671.397 100000 683.419
68, 9: 0 671.397 100000 683.419
69, 9: 0 671.397 100000 683.419
70, 9: 0 671.397 100000 683.419
71, 9: 0 671.397 100000 683.419
72, 9: 0 671.397 100000 683.419
73, 9: 0 671.397 100000 683.419
74, 9: 0 671.397 100000 683.419
75, 9: 0 671.397 100000 683.419
76, 9: 0 671.397 100000 683.419
77, 9: 0 671.397 100000 683.419
78, 9: 0 671.397 100000 683.419
79, 9: 0 671.397 100000 683.419
80, 9: 0 671.397 100000 683.419
Customer 62 - Obj: 172.503   part1: 172.503   part2: 0
62, 5: 1 6668.87 6665.31
0, 5: 0 -
63, 5: 0 6668.87 100000 7331.84
64, 5: 0 6668.87 100000 7331.84
65, 5: 0 6668.87 100000 7331.84
66, 5: 0 6668.87 100000 7331.84
67, 5: 0 6668.87 100000 7331.84
68, 5: 0 6668.87 100000 7331.84
69, 5: 0 6668.87 100000 7331.84
70, 5: 0 6668.87 100000 7331.84
71, 5: 0 6668.87 100000 7331.84
72, 5: 0 6668.87 100000 7331.84
73, 5: 0 6668.87 100000 7331.84
74, 5: 0 6668.87 100000 7331.84
75, 5: 0 6668.87 100000 7331.84
76, 5: 0 6668.87 100000 7331.84
77, 5: 0 6668.87 100000 7331.84
78, 5: 0 6668.87 100000 7331.84
79, 5: 0 6668.87 100000 7331.84
80, 5: 0 6668.87 100000 7331.84
62, 3: 1 1093.99 981.225
0, 3: 0 -
63, 3: 0 1093.99 100000 1079.35
64, 3: 0 1093.99 100000 1079.35
65, 3: 0 1093.99 100000 1079.35
66, 3: 0 1093.99 100000 1079.35
67, 3: 0 1093.99 100000 1079.35
68, 3: 0 1093.99 100000 1079.35
69, 3: 0 1093.99 100000 1079.35
70, 3: 0 1093.99 100000 1079.35
71, 3: 0 1093.99 100000 1079.35
72, 3: 0 1093.99 100000 1079.35
73, 3: 0 1093.99 100000 1079.35
74, 3: 0 1093.99 100000 1079.35
75, 3: 0 1093.99 100000 1079.35
76, 3: 0 1093.99 100000 1079.35
77, 3: 0 1093.99 100000 1079.35
78, 3: 0 1093.99 100000 1079.35
79, 3: 0 1093.99 100000 1079.35
80, 3: 0 1093.99 100000 1079.35
62, 6: 1 2235.97 2179.8
0, 6: 0 -
63, 6: 0 2235.97 100000 2397.78
64, 6: 0 2235.97 100000 2397.78
65, 6: 0 2235.97 100000 2397.78
66, 6: 0 2235.97 100000 2397.78
67, 6: 0 2235.97 100000 2397.78
68, 6: 0 2235.97 100000 2397.78
69, 6: 0 2235.97 100000 2397.78
70, 6: 0 2235.97 100000 2397.78
71, 6: 0 2235.97 100000 2397.78
72, 6: 0 2235.97 100000 2397.78
73, 6: 0 2235.97 100000 2397.78
74, 6: 0 2235.97 100000 2397.78
75, 6: 0 2235.97 100000 2397.78
76, 6: 0 2235.97 100000 2397.78
77, 6: 0 2235.97 100000 2397.78
78, 6: 0 2235.97 100000 2397.78
79, 6: 0 2235.97 100000 2397.78
80, 6: 0 2235.97 100000 2397.78
Routing:
1, 0, 0
2, 1, 0
3, 0, 1
4, 0, 2
5, 4, 2
7, 5, 2
9, 7, 2
9, 8, 2
10, 6, 2
11, 10, 2
12, 8, 2
12, 11, 2
14, 0, 0
14, 13, 0
15, 0, 1
16, 15, 1
18, 17, 0
20, 3, 1
20, 19, 1
21, 19, 1
23, 22, 1
24, 22, 1
25, 24, 1
26, 25, 1
27, 26, 1
29, 16, 1
29, 28, 1
30, 17, 0
31, 30, 0
32, 13, 0
32, 31, 0
33, 18, 0
34, 33, 0
35, 2, 0
36, 35, 0
38, 37, 0
39, 36, 0
39, 37, 0
40, 23, 1
41, 21, 1
41, 40, 1
43, 28, 1
44, 43, 1
45, 44, 1
47, 46, 0
48, 45, 1
49, 42, 1
50, 38, 0
50, 47, 0
51, 49, 1
51, 50, 1
52, 48, 1
52, 50, 1
53, 34, 0
54, 46, 0
55, 54, 0
56, 55, 0
57, 56, 0
58, 53, 0
59, 58, 0
60, 59, 0
61, 57, 0
62, 60, 0
62, 61, 0
65, 0, 2
65, 6, 2
77, 27, 1
77, 42, 1
Routing cost: 18715.9
[543553.2593761855, 18715.949999999964, 23237.24129509926, 0.006991513724500523, 1, 0, 0.0]