65, 4: 0 3370.61 867.027 3219.23
66, 4: 0 3370.61 1066.56 3219.23
67, 4: 0 3370.61 0 3219.23
68, 4: 0 3370.61 813.557 3219.23
69, 4: 0 3370.61 134.336 3219.23
70, 4: 0 3370.61 1950.46 3219.23
71, 4: 0 3370.61 1943.2 3219.23
72, 4: 0 3370.61 433.822 3219.23
73, 4: 0 3370.61 1325.76 3219.23
74, 4: 0 3370.61 1313.89 3219.23
75, 4: 0 3370.61 1295.01 3219.23
76, 4: 0 3370.61 694.67 3219.23
77, 4: 0 3370.61 1027 3219.23
78, 4: 1 3370.61 0 3219.23
79, 4: 0 3370.61 593.524 3219.23
80, 4: 0 3370.61 875.339 3219.23
Customer 16 - Obj: -2100.65   part1: 151.376   part2: 2252.02
16, 8: 0 8678.31 8526.93
0, 8: 0 -
63, 8: 0 8678.31 2492.63 8526.93
64, 8: 0 8678.31 3984.29 8526.93
65, 8: 1 8678.31 2189.86 8526.93
66, 8: 0 8678.31 2676.63 8526.93
67, 8: 0 8678.31 0 8526.93
68, 8: 0 8678.31 2059.42 6467.51
69, 8: 0 8678.31 402.452 8526.93
70, 8: 0 8678.31 4774 6389.57
71, 8: 0 8678.31 4815.19 8526.93
72, 8: 0 8678.31 990.41 8526.93
73, 8: 0 8678.31 3308.94 8526.93
74, 8: 0 8678.31 3144.07 8526.93
75, 8: 0 8678.31 3110.86 8526.93
76, 8: 0 8678.31 1769.39 8526.93
77, 8: 0 8678.31 2457.05 8526.93
78, 8: 0 8678.31 0 8526.93
79, 8: 0 8678.31 1399.56 8526.93
80, 8: 0 8678.31 2210.13 8526.93
Customer 17 - Obj: 151.376   part1: 151.376   part2: 0
17, 1: 0 8355.3 8203.92
0, 1: 0 -
63, 1: 0 8355.3 1670.87 8203.92
64, 1: 0 8355.3 6047.8 8203.92
65, 1: 0 8355.3 5146.99 8203.92
66, 1: 0 8355.3 3877.29 8203.92
67, 1: 0 8355.3 0 8203.92
68, 1: 0 8355.3 3980.62 8203.92
69, 1: 0 8355.3 2232.48 8203.92
70, 1: 0 8355.3 8194.9 8203.92
71, 1: 0 8355.3 7252.15 8203.92
72, 1: 0 8355.3 1362.12 8203.92
73, 1: 0 8355.3 6491.81 8203.92
74, 1: 0 8355.3 4209.34 8203.92
75, 1: 0 8355.3 3304.82 8203.92
76, 1: 0 8355.3 2334.94 8203.92
77, 1: 0 8355.3 2016.32 8203.92
78, 1: 1 8355.3 0 8203.92
79, 1: 0 8355.3 127.81 8203.92
80, 1: 0 8355.3 3873.85 8203.92
Customer 18 - Obj: 151.376   part1: 151.376   part2: 0
18, 7: 0 4659.51 4508.14
0, 7: 0 -
63, 7: 0 4659.51 714.338 4508.14
64, 7: 0 4659.51 3100.39 4508.14
65, 7: 0 4659.51 2725.51 4508.14
66, 7: 0 4659.51 1983.1 4508.14
67, 7: 0 4659.51 0 4508.14
68, 7: 0 4659.51 1722.14 4508.14
69, 7: 0 4659.51 1225.26 3282.88
70, 7: 0 4659.51 4294.47 4508.14
71, 7: 0 4659.51 3720.34 4508.14
72, 7: 0 4659.51 688.395 4508.14
73, 7: 0 4659.51 3328.94 4508.14
74, 7: 0 4659.51 2154.01 4508.14
75, 7: 0 4659.51 1574.23 4508.14
76, 7: 0 4659.51 1189.15 4508.14
77, 7: 0 4659.51 910.968 3597.17
78, 7: 1 4659.51 0 4508.14
79, 7: 0 4659.51 78.461 4429.68
80, 7: 0 4659.51 1981.33 4508.14
Customer 19 - Obj: 151.376   part1: 151.376   part2: 0
19, 1: 0 8355.3 8203.92
0, 1: 0 -
63, 1: 0 8355.3 5450.56 8203.92
64, 1: 0 8355.3 986.162 8203.92
65, 1: 0 8355.3 2203.22 8203.92
66, 1: 0 8355.3 2714.07 8203.92
67, 1: 0 8355.3 0 8203.92
68, 1: 0 8355.3 1487.46 8203.92
69, 1: 0 8355.3 3599.33 8203.92
70, 1: 0 8355.3 1766.96 8203.92
71, 1: 0 8355.3 1323.66 8203.92
72, 1: 0 8355.3 4030.88 8203.92
73, 1: 0 8355.3 59.8596 8203.92
74, 1: 0 8355.3 4302.53 8203.92
75, 1: 0 8355.3 4659.52 8203.92
76, 1: 0 8355.3 2403.83 8203.92
77, 1: 0 8355.3 5279.95 8203.92
78, 1: 1 8355.3 0 8203.92
79, 1: 0 8355.3 4833.07 8203.92
80, 1: 0 8355.3 2751.71 8203.92
Customer 20 - Obj: 151.376   part1: 151.376   part2: 5.90917e-11
20, 4: 0 3370.61 3219.23
0, 4: 0 -
63, 4: 0 3370.61 9856.49 3219.23
64, 4: 0 3370.61 2052.43 3219.23
65, 4: 0 3370.61 3667.25 3219.23
66, 4: 0 3370.61 5105.02 3219.23
67, 4: 0 3370.61 0 3219.23
68, 4: 0 3370.61 2955.51 3219.23
69, 4: 0 3370.61 5315.76 3219.23
70, 4: 0 3370.61 2909.75 3219.23
71, 4: 0 3370.61 1870.03 3219.23
72, 4: 0 3370.61 7391.42 3219.23
73, 4: 0 3370.61 676.938 3219.23
74, 4: 0 3370.61 7863.15 3219.23
75, 4: 0 3370.61 8482.99 3219.23
76, 4: 0 3370.61 4358.46 3219.23
77, 4: 0 3370.61 9560.25 3219.23
78, 4: 1 3370.61 0 3219.23
79, 4: 0 3370.61 8784.34 3219.23
80, 4: 0 3370.61 5170.37 3219.23
Customer 21 - Obj: 34.5941   part1: 151.376   part2: 116.782
21, 8: 0 8678.31 8526.93
0, 8: 0 -
63, 8: 0 8678.31 136.79 8526.93
64, 8: 0 8678.31 21.8303 8526.93
65, 8: 1 8678.31 53.7162 8526.93
66, 8: 0 8678.31 66.3245 8526.93
67, 8: 0 8678.31 0 8526.93
68, 8: 0 8678.31 34.739 8492.19
69, 8: 0 8678.31 89.1203 8437.81
70, 8: 0 8678.31 49.0106 8477.92
71, 8: 0 8678.31 30.521 8496.41
72, 8: 0 8678.31 100.233 8526.93
73, 8: 0 8678.31 4.83122 8526.93
74, 8: 0 8678.31 107.228 8526.93
75, 8: 0 8678.31 116.42 8526.93
76, 8: 0 8678.31 58.3358 8468.59
77, 8: 0 8678.31 132.397 8526.93
78, 8: 0 8678.31 0 8526.93
79, 8: 0 8678.31 120.89 8526.93
80, 8: 0 8678.31 67.2937 8526.93
Customer 22 - Obj: 151.376   part1: 151.376   part2: 0
22, 3: 0 1132.6 981.225
0, 3: 0 -
63, 3: 0 1132.6 6184.65 981.225
64, 3: 0 1132.6 1281.75 981.225
65, 3: 0 1132.6 2155.22 981.225
66, 3: 0 1132.6 2457.08 981.225
67, 3: 0 1132.6 0 981.225
68, 3: 0 1132.6 447.848 981.225
69, 3: 0 1132.6 3058.39 981.225
70, 3: 0 1132.6 3075.85 981.225
71, 3: 0 1132.6 2157.2 981.225
72, 3: 0 1132.6 2519.02 981.225
73, 3: 0 1132.6 1547.31 981.225
74, 3: 0 1132.6 4511.68 981.225
75, 3: 0 1132.6 5161.47 981.225
76, 3: 0 1132.6 1512.07 981.225
77, 3: 0 1132.6 5963.97 981.225
78, 3: 1 1132.6 0 981.225
79, 3: 0 1132.6 3469.1 981.225
80, 3: 0 1132.6 1907.44 981.225
Customer 23 - Obj: 151.376   part1: 151.376   part2: 0
23, 3: 0 1132.6 981.225
0, 3: 0 -
63, 3: 0 1132.6 986.397 981.225
64, 3: 0 1132.6 177.722 981.225
65, 3: 0 1132.6 296.807 981.225
66, 3: 0 1132.6 376.455 981.225
67, 3: 0 1132.6 0 981.225
68, 3: 0 1132.6 64.4489 981.225
69, 3: 0 1132.6 502.443 981.225
70, 3: 0 1132.6 439.767 981.225
71, 3: 0 1132.6 313.665 981.225
72, 3: 0 1132.6 418.165 770.044
73, 3: 0 1132.6 218.955 981.225
74, 3: 0 1132.6 695.503 981.225
75, 3: 0 1132.6 827.517 981.225
76, 3: 0 1132.6 244.041 981.225
77, 3: 0 1132.6 952.129 981.225
78, 3: 1 1132.6 0 981.225
79, 3: 0 1132.6 565.699 770.044
80, 3: 0 1132.6 291.105 981.225
Customer 24 - Obj: 151.376   part1: 151.376   part2: 0
24, 2: 0 3291.48 3140.11
0, 2: 0 -
63, 2: 0 3291.48 1736.59 3140.11
64, 2: 0 3291.48 616.583 3140.11
65, 2: 0 3291.48 528.712 3140.11
66, 2: 0 3291.48 599.372 3140.11
67, 2: 0 3291.48 0 3140.11
68, 2: 0 3291.48 190.523 3140.11
69, 2: 0 3291.48 741.96 3140.11
70, 2: 0 3291.48 1099.01 3140.11
71, 2: 0 3291.48 887.777 3140.11
72, 2: 0 3291.48 574.88 3140.11
73, 2: 0 3291.48 701.96 3140.11
74, 2: 0 3291.48 1235.82 3140.11
75, 2: 0 3291.48 1419.65 3140.11
76, 2: 0 3291.48 262.959 3140.11
77, 2: 0 3291.48 1390.88 3140.11
78, 2: 1 3291.48 0 3140.11
79, 2: 0 3291.48 869.185 3140.11
80, 2: 0 3291.48 399.339 3140.11
Customer 25 - Obj: 151.376   part1: 151.376   part2: 3.00338e-11
25, 7: 0 4659.51 4508.14
0, 7: 0 -
63, 7: 0 4659.51 4363.23 4508.14
64, 7: 0 4659.51 1326.24 4508.14
65, 7: 0 4659.51 1398.48 4508.14
66, 7: 0 4659.51 1557.46 4508.14
67, 7: 0 4659.51 0 4508.14
68, 7: 0 4659.51 134.341 4373.8
69, 7: 0 4659.51 2037.9 4508.14
70, 7: 0 4659.51 2615.98 4508.14
71, 7: 0 4659.51 1995.34 4508.14
72, 7: 0 4659.51 1625.68 4508.14
73, 7: 0 4659.51 1529.2 4508.14
74, 7: 0 4659.51 3127.73 4508.14
75, 7: 0 4659.51 3581.26 4508.14
76, 7: 0 4659.51 905.753 4508.14
77, 7: 0 4659.51 3510.3 4508.14
78, 7: 1 4659.51 0 4508.14
79, 7: 0 4659.51 2351.8 4508.14
80, 7: 0 4659.51 1063.93 4508.14
Customer 26 - Obj: 151.376   part1: 151.376   part2: 0
26, 2: 0 3291.48 3140.11
0, 2: 0 -
63, 2: 0 3291.48 3309.59 3140.11
64, 2: 0 3291.48 1086.98 3140.11
65, 2: 0 3291.48 1335.53 3140.11
66, 2: 0 3291.48 1156.87 3140.11
67, 2: 0 3291.48 0 3140.11
68, 2: 0 3291.48 142.09 2998.02
69, 2: 0 3291.48 1761.85 3140.11
70, 2: 0 3291.48 2109.42 3140.11
71, 2: 0 3291.48 1617.4 3140.11
72, 2: 0 3291.48 1720.73 3140.11
73, 2: 0 3291.48 1247.86 3140.11
74, 2: 0 3291.48 2401.72 3140.11
75, 2: 0 3291.48 2689.66 3140.11
76, 2: 0 3291.48 753.62 3140.11
77, 2: 0 3291.48 2704.59 3140.11
78, 2: 1 3291.48 0 3140.11
79, 2: 0 3291.48 2008.65 3140.11
80, 2: 0 3291.48 765.194 3140.11
Customer 27 - Obj: 151.376   part1: 151.376   part2: 1.55656e-11
27, 9: 0 772.666 621.29
0, 9: 0 -
63, 9: 0 772.666 405.21 621.29
64, 9: 0 772.666 147.217 621.29
65, 9: 0 772.666 157.846 621.29
66, 9: 0 772.666 133.952 621.29
67, 9: 0 772.666 0 621.29
68, 9: 0 772.666 28.153 621.29
69, 9: 0 772.666 211.299 621.29
70, 9: 0 772.666 276.054 621.29
71, 9: 0 772.666 214.056 621.29
72, 9: 0 772.666 205.003 621.29
73, 9: 0 772.666 167.491 621.29
74, 9: 0 772.666 290.813 621.29
75, 9: 0 772.666 327.096 621.29
76, 9: 0 772.666 81.8107 621.29
77, 9: 0 772.666 328.978 621.29
78, 9: 1 772.666 0 621.29
79, 9: 0 772.666 242.398 621.29
80, 9: 0 772.666 84.5982 621.29
Customer 28 - Obj: 151.376   part1: 151.376   part2: 5.89024e-11
28, 4: 0 3370.61 3219.23
0, 4: 0 -
63, 4: 0 3370.61 1816.94 3219.23
64, 4: 0 3370.61 1880.98 3219.23
65, 4: 0 3370.61 1298.43 3219.23
66, 4: 0 3370.61 799.027 3219.23
67, 4: 0 3370.61 0 3219.23
68, 4: 0 3370.61 573.907 3219.23
69, 4: 0 3370.61 1196.58 3219.23
70, 4: 0 3370.61 2183.64 3219.23
71, 4: 0 3370.61 2474.15 3219.23
72, 4: 0 3370.61 665.052 2554.18
73, 4: 0 3370.61 1522.62 3219.23
74, 4: 0 3370.61 1946.81 3219.23
75, 4: 0 3370.61 1956.57 3219.23
76, 4: 0 3370.61 29.7947 3189.43
77, 4: 0 3370.61 1998.85 3219.23
78, 4: 1 3370.61 0 3219.23
79, 4: 0 3370.61 1155.02 3219.23
80, 4: 0 3370.61 574.525 3219.23
Customer 29 - Obj: 151.376   part1: 151.376   part2: 5.95122e-11
29, 4: 0 3370.61 3219.23
0, 4: 0 -
63, 4: 0 3370.61 141.959 3219.23
64, 4: 0 3370.61 125.974 3219.23
65, 4: 0 3370.61 90.4118 3219.23
66, 4: 0 3370.61 49.9829 3219.23
67, 4: 0 3370.61 0 3219.23
68, 4: 0 3370.61 40.1679 3219.23
69, 4: 0 3370.61 59.3368 3219.23
70, 4: 0 3370.61 149.501 3219.23
71, 4: 0 3370.61 165.569 3219.23
72, 4: 0 3370.61 44.0182 3219.23
73, 4: 0 3370.61 102.993 3219.23
74, 4: 0 3370.61 126.6 3219.23
75, 4: 0 3370.61 127.251 3219.23
76, 4: 0 3370.61 3.80005 3219.23
77, 4: 0 3370.61 130.073 3089.16
78, 4: 1 3370.61 0 3219.23
79, 4: 0 3370.61 76.7241 3219.23
80, 4: 0 3370.61 34.9971 3219.23
Customer 30 - Obj: 151.376   part1: 151.376   part2: 0
30, 5: 0 6816.69 6665.31
0, 5: 0 -
63, 5: 0 6816.69 509.674 6665.31
64, 5: 0 6816.69 1040.69 6665.31
65, 5: 0 6816.69 747.987 6665.31
66, 5: 0 6816.69 506.913 6665.31
67, 5: 0 6816.69 0 6665.31
68, 5: 0 6816.69 454.718 6665.31
69, 5: 0 6816.69 362.862 6665.31
70, 5: 0 6816.69 1536.6 6665.31
71, 5: 0 6816.69 1284.4 6665.31
72, 5: 0 6816.69 40.2628 6665.31
73, 5: 0 6816.69 1130.54 6665.31
74, 5: 0 6816.69 668.908 6665.31
75, 5: 0 6816.69 585.307 6665.31
76, 5: 0 6816.69 245.205 6665.31
77, 5: 0 6816.69 600.083 6665.31
78, 5: 1 6816.69 0 6665.31
79, 5: 0 6816.69 237.723 6665.31
80, 5: 0 6816.69 479.416 6665.31
Customer 31 - Obj: 151.376   part1: 151.376   part2: 8.92029e-11
31, 5: 0 6816.69 6665.31
0, 5: 0 -
63, 5: 0 6816.69 2391.27 6665.31
64, 5: 0 6816.69 3820.55 6665.31
65, 5: 0 6816.69 2966.07 6665.31
66, 5: 0 6816.69 1744.9 6665.31
67, 5: 0 6816.69 0 6665.31
68, 5: 0 6816.69 1853.51 6665.31
69, 5: 0 6816.69 1550.29 6665.31
70, 5: 0 6816.69 5701.86 6665.31
71, 5: 0 6816.69 4745.08 6665.31
72, 5: 0 6816.69 22.6434 6642.67
73, 5: 0 6816.69 4161.4 6665.31
74, 5: 0 6816.69 2410.11 6665.31
75, 5: 0 6816.69 2092.95 6665.31
76, 5: 0 6816.69 1058.69 6665.31
77, 5: 0 6816.69 2149.03 6665.31
78, 5: 1 6816.69 0 6665.31
79, 5: 0 6816.69 1075.53 6665.31
80, 5: 0 6816.69 1691.24 6665.31
Customer 32 - Obj: 151.376   part1: 151.376   part2: 0
32, 5: 0 6816.69 6665.31
0, 5: 0 -
63, 5: 0 6816.69 801.816 6665.31
64, 5: 0 6816.69 1277.83 6665.31
65, 5: 0 6816.69 1005.38 6665.31
66, 5: 0 6816.69 572.185 6665.31
67, 5: 0 6816.69 0 6665.31
68, 5: 0 6816.69 634.846 6665.31
69, 5: 0 6816.69 545.432 6665.31
70, 5: 0 6816.69 1904.4 6665.31
71, 5: 0 6816.69 1585.74 6665.31
72, 5: 0 6816.69 39.4647 6625.85
73, 5: 0 6816.69 1391.35 6665.31
74, 5: 0 6816.69 808.088 6665.31
75, 5: 0 6816.69 702.467 6665.31
76, 5: 0 6816.69 370.132 6295.18
77, 5: 0 6816.69 721.135 6665.31
78, 5: 1 6816.69 0 6665.31
79, 5: 0 6816.69 387.315 6278
80, 5: 0 6816.69 522.424 6665.31
Customer 33 - Obj: 151.376   part1: 151.376   part2: 3.09263e-12
33, 5: 0 6816.69 6665.31
0, 5: 0 -
63, 5: 0 6816.69 36.2707 6665.31
64, 5: 0 6816.69 2832.26 6665.31
65, 5: 0 6816.69 2746.07 6665.31
66, 5: 0 6816.69 1921.55 6665.31
67, 5: 0 6816.69 0 6665.31
68, 5: 0 6816.69 2321.52 6665.31
69, 5: 0 6816.69 1559.82 6665.31
70, 5: 0 6816.69 3860.55 6665.31
71, 5: 0 6816.69 3337.6 6665.31
72, 5: 0 6816.69 1247.76 6665.31
73, 5: 0 6816.69 3018.56 6665.31
74, 5: 0 6816.69 2435.07 6665.31
75, 5: 0 6816.69 1691.16 6665.31
76, 5: 0 6816.69 2024.27 6665.31
77, 5: 0 6816.69 606.206 6665.31
78, 5: 1 6816.69 0 6665.31
79, 5: 0 6816.69 592.25 6665.31
80, 5: 0 6816.69 1920.1 6665.31
Customer 34 - Obj: 151.376   part1: 151.376   part2: 1.55931e-11
34, 9: 0 772.666 621.29
0, 9: 0 -
63, 9: 0 772.666 54.1859 621.29
64, 9: 0 772.666 4059.87 621.29
65, 9: 0 772.666 4010.98 621.29
66, 9: 0 772.666 2764.72 621.29
67, 9: 0 772.666 0 621.29
68, 9: 0 772.666 3333.53 621.29
69, 9: 0 772.666 2324.02 621.29
70, 9: 0 772.666 5522.21 621.29
71, 9: 0 772.666 4778.51 621.29
72, 9: 0 772.666 1806.53 621.29
73, 9: 0 772.666 4324.81 621.29
74, 9: 0 772.666 3495.02 621.29
75, 9: 0 772.666 2437.1 621.29
76, 9: 0 772.666 2910.82 621.29
77, 9: 0 772.666 894.182 621.29
78, 9: 1 772.666 0 621.29
79, 9: 0 772.666 948.026 621.29
80, 9: 0 772.666 2762.68 621.29
Customer 35 - Obj: -2883   part1: 151.376   part2: 3034.37
35, 8: 0 8678.31 8526.93
0, 8: 0 -
63, 8: 0 8678.31 6274.7 7462.95
64, 8: 0 8678.31 1206.61 8526.93
65, 8: 1 8678.31 3026.71 8526.93
66, 8: 0 8678.31 3351.8 8526.93
67, 8: 0 8678.31 0 7462.95
68, 8: 0 8678.31 2265.19 6389.57
69, 8: 0 8678.31 5495.14 8526.93
70, 8: 0 8678.31 2004.1 8526.93
71, 8: 0 8678.31 169.905 8526.93
72, 8: 0 8678.31 4758.32 8526.93
73, 8: 0 8678.31 1073.38 8526.93
74, 8: 0 8678.31 5048.48 6389.57
75, 8: 0 8678.31 5429.78 7462.95
76, 8: 0 8678.31 3971.81 8526.93
77, 8: 0 8678.31 6092.46 8526.93
78, 8: 0 8678.31 0 7462.95
79, 8: 0 8678.31 5615.16 8526.93
80, 8: 0 8678.31 3392 8526.93
Customer 36 - Obj: 151.376   part1: 151.376   part2: 3.0384e-11
36, 7: 0 4659.51 4508.14
0, 7: 0 -
63, 7: 0 4659.51 5262.98 4508.14
64, 7: 0 4659.51 986.318 4508.14
65, 7: 0 4659.51 2566.57 4508.14
66, 7: 0 4659.51 2836.47 4508.14
67, 7: 0 4659.51 0 4508.14
68, 7: 0 4659.51 1624.81 4508.14
69, 7: 0 4659.51 4615.81 4508.14
70, 7: 0 4659.51 1717.64 4508.14
71, 7: 0 4659.51 121.863 4508.14
72, 7: 0 4659.51 4004.1 4508.14
73, 7: 0 4659.51 944.976 4508.14
74, 7: 0 4659.51 4244.99 4508.14
75, 7: 0 4659.51 4561.55 4508.14
76, 7: 0 4659.51 3351.18 4508.14
77, 7: 0 4659.51 5111.69 4508.14
78, 7: 1 4659.51 0 4508.14
79, 7: 0 4659.51 4715.43 4508.14
80, 7: 0 4659.51 2869.84 4508.14
Customer 37 - Obj: 151.376   part1: 151.376   part2: 0
37, 7: 0 4659.51 4508.14
0, 7: 0 -
63, 7: 0 4659.51 26.8822 4508.14
64, 7: 0 4659.51 5.10588 4508.14
65, 7: 0 4659.51 13.3576 4508.14
66, 7: 0 4659.51 14.7112 4508.14
67, 7: 0 4659.51 0 4508.14
68, 7: 0 4659.51 8.30841 4508.14
69, 7: 0 4659.51 17.6668 4490.47
70, 7: 0 4659.51 9.0995 4508.14
71, 7: 0 4659.51 0.935901 4508.14
72, 7: 0 4659.51 20.568 4508.14
73, 7: 0 4659.51 5.2239 4508.14
74, 7: 0 4659.51 21.7762 4486.36
75, 7: 0 4659.51 23.3639 4508.14
76, 7: 0 4659.51 12.2853 4508.14
77, 7: 0 4659.51 26.1233 4508.14
78, 7: 1 4659.51 0 4508.14
79, 7: 0 4659.51 24.1358 4508.14
80, 7: 0 4659.51 14.8786 4508.14
Customer 38 - Obj: 151.376   part1: 151.376   part2: 0
38, 6: 0 2331.17 2179.8
0, 6: 0 -
63, 6: 0 2331.17 1904.95 2179.8
64, 6: 0 2331.17 360.814 2179.8
65, 6: 0 2331.17 1020.23 2179.8
66, 6: 0 2331.17 979.391 2179.8
67, 6: 0 2331.17 0 2179.8
68, 6: 0 2331.17 604.362 2179.8
69, 6: 0 2331.17 1316.03 2179.8
70, 6: 0 2331.17 709.655 2179.8
71, 6: 0 2331.17 75.6015 2179.8
72, 6: 0 2331.17 1424.77 2179.8
73, 6: 0 2331.17 401.695 2179.8
74, 6: 0 2331.17 1516.66 2179.8
75, 6: 0 2331.17 1637.4 2179.8
76, 6: 0 2331.17 906.781 2179.8
77, 6: 0 2331.17 1847.24 2179.8
78, 6: 1 2331.17 0 2179.8
79, 6: 0 2331.17 1696.1 2179.8
80, 6: 0 2331.17 992.121 2179.8
Customer 39 - Obj: 151.376   part1: 151.376   part2: -2.41197e-13
39, 3: 0 1132.6 981.225
0, 3: 0 -
63, 3: 0 1132.6 2172.51 981.225
64, 3: 0 1132.6 410.729 981.225
65, 3: 0 1132.6 1026.14 981.225
66, 3: 0 1132.6 1116.49 981.225
67, 3: 0 1132.6 0 981.225
68, 3: 0 1132.6 688.597 981.225
69, 3: 0 1132.6 1500.58 981.225
70, 3: 0 1132.6 884.484 981.225
71, 3: 0 1132.6 90.9613 981.225
72, 3: 0 1132.6 1624.65 981.225
73, 3: 0 1132.6 405.271 981.225
74, 3: 0 1132.6 1729.49 981.225
75, 3: 0 1132.6 1867.25 981.225
76, 3: 0 1132.6 1033.65 981.225
77, 3: 0 1132.6 2106.67 981.225
78, 3: 1 1132.6 0 981.225
79, 3: 0 1132.6 1934.22 981.225
80, 3: 0 1132.6 1131.02 981.225
Customer 40 - Obj: 151.376   part1: 151.376   part2: 0
40, 9: 0 772.666 621.29
0, 9: 0 -
63, 9: 0 772.666 167.119 621.29
64, 9: 0 772.666 3.27249 621.29
65, 9: 0 772.666 71.169 621.29
66, 9: 0 772.666 70.1797 621.29
67, 9: 0 772.666 0 621.29
68, 9: 0 772.666 40.1842 621.29
69, 9: 0 772.666 141.265 621.29
70, 9: 0 772.666 103.562 621.29
71, 9: 0 772.666 41.035 621.29
72, 9: 0 772.666 116.828 621.29
73, 9: 0 772.666 32.5529 621.29
74, 9: 0 772.666 126.451 621.29
75, 9: 0 772.666 139.097 621.29
76, 9: 0 772.666 70.1348 621.29
77, 9: 0 772.666 161.075 621.29
78, 9: 1 772.666 0 621.29
79, 9: 0 772.666 145.245 621.29
80, 9: 0 772.666 71.513 621.29
Customer 41 - Obj: 151.376   part1: 151.376   part2: 0
41, 4: 0 3370.61 3219.23
0, 4: 0 -
63, 4: 0 3370.61 2436.68 3219.23
64, 4: 0 3370.61 28.7308 3219.23
65, 4: 0 3370.61 999.75 3219.23
66, 4: 0 3370.61 944.764 3219.23
67, 4: 0 3370.61 0 3219.23
68, 4: 0 3370.61 576.653 3219.23
69, 4: 0 3370.61 1594.44 3219.23
70, 4: 0 3370.61 1442.06 3219.23
71, 4: 0 3370.61 517.554 3219.23
72, 4: 0 3370.61 1749.96 3219.23
73, 4: 0 3370.61 472.45 2746.78
74, 4: 0 3370.61 1784.72 3219.23
75, 4: 0 3370.61 2054.05 3219.23
76, 4: 0 3370.61 1009.16 3219.23
77, 4: 0 3370.61 2354.15 3219.23
78, 4: 1 3370.61 0 3219.23
79, 4: 0 3370.61 2137.99 3219.23
80, 4: 0 3370.61 1131.21 3219.23
Customer 42 - Obj: 151.376   part1: 151.376   part2: 0
42, 2: 0 3291.48 3140.11
0, 2: 0 -
63, 2: 0 3291.48 2225.45 3140.11
64, 2: 0 3291.48 808.742 3140.11
65, 2: 0 3291.48 1478.85 3140.11
66, 2: 0 3291.48 652.516 3140.11
67, 2: 0 3291.48 0 3140.11
68, 2: 0 3291.48 581.492 3140.11
69, 2: 0 3291.48 1560.62 3140.11
70, 2: 0 3291.48 1955.92 3140.11
71, 2: 0 3291.48 1421.55 3140.11
72, 2: 0 3291.48 1248.06 3140.11
73, 2: 0 3291.48 1095.56 3140.11
74, 2: 0 3291.48 1558.86 3140.11
75, 2: 0 3291.48 1766.14 3140.11
76, 2: 0 3291.48 699.054 3140.11
77, 2: 0 3291.48 2126.38 3140.11
78, 2: 1 3291.48 0 3140.11
79, 2: 0 3291.48 1866.92 3140.11
80, 2: 0 3291.48 540.09 3140.11
Customer 43 - Obj: -3063.77   part1: 151.376   part2: 3215.15
43, 8: 0 8678.31 8526.93
0, 8: 0 -
63, 8: 0 8678.31 3240.43 8526.93
64, 8: 0 8678.31 2386.48 8526.93
65, 8: 1 8678.31 3181.66 8526.93
66, 8: 0 8678.31 645.618 8526.93
67, 8: 0 8678.31 0 8526.93
68, 8: 0 8678.31 1394.43 8526.93
69, 8: 0 8678.31 2019.53 8526.93
70, 8: 0 8678.31 4940.3 8526.93
71, 8: 0 8678.31 3933.78 8526.93
72, 8: 0 8678.31 1575.35 8526.93
73, 8: 0 8678.31 3319.74 8526.93
74, 8: 0 8678.31 2453.78 8526.93
75, 8: 0 8678.31 2549.04 8526.93
76, 8: 0 8678.31 771.467 8526.93
77, 8: 0 8678.31 2744.94 6389.57
78, 8: 0 8678.31 0 8526.93
79, 8: 0 8678.31 2554.18 8526.93
80, 8: 0 8678.31 277.524 8526.93
Customer 44 - Obj: 151.376   part1: 151.376   part2: 0
44, 1: 0 8355.3 8203.92
0, 1: 0 -
63, 1: 0 8355.3 6475.75 8203.92
64, 1: 0 8355.3 3607.37 8203.92
65, 1: 0 8355.3 5138.24 8203.92
66, 1: 0 8355.3 798.888 8203.92
67, 1: 0 8355.3 0 8203.92
68, 1: 0 8355.3 2255 8203.92
69, 1: 0 8355.3 3263.42 8203.92
70, 1: 0 8355.3 7735.94 8203.92
71, 1: 0 8355.3 6112.14 8203.92
72, 1: 0 8355.3 2703.46 8203.92
73, 1: 0 8355.3 5121.53 8203.92
74, 1: 0 8355.3 3715.94 8203.92
75, 1: 0 8355.3 4053.2 8203.92
76, 1: 0 8355.3 1249.99 6953.93
77, 1: 0 8355.3 4369.25 8203.92
78, 1: 1 8355.3 0 8203.92
79, 1: 0 8355.3 4282.54 8203.92
80, 1: 0 8355.3 379.358 8203.92
Customer 45 - Obj: -268.147   part1: 151.376   part2: 419.523
45, 8: 0 8678.31 8526.93
0, 8: 0 -
63, 8: 0 8678.31 284.988 8526.93
64, 8: 0 8678.31 168.447 8358.48
65, 8: 1 8678.31 268.947 8526.93
66, 8: 0 8678.31 21.9211 8526.93
67, 8: 0 8678.31 0 8526.93
68, 8: 0 8678.31 129.919 8526.93
69, 8: 0 8678.31 237.342 8526.93
70, 8: 0 8678.31 367.521 8159.41
71, 8: 0 8678.31 289.222 8237.71
72, 8: 0 8678.31 145.811 8526.93
73, 8: 0 8678.31 241.456 8526.93
74, 8: 0 8678.31 163.711 8526.93
75, 8: 0 8678.31 177.776 8349.15
76, 8: 0 8678.31 75.7279 8526.93
77, 8: 0 8678.31 193.015 8526.93
78, 8: 0 8678.31 0 8526.93
79, 8: 0 8678.31 232.453 8526.93
80, 8: 0 8678.31 33.7473 8526.93
Customer 46 - Obj: 151.376   part1: 151.376   part2: 2.98062e-11
46, 6: 0 2331.17 2179.8
0, 6: 0 -
63, 6: 0 2331.17 493.511 2179.8
64, 6: 0 2331.17 360.945 2179.8
65, 6: 0 2331.17 552.896 2179.8
66, 6: 0 2331.17 73.1423 2179.8
67, 6: 0 2331.17 0 2179.8
68, 6: 0 2331.17 287.36 2179.8
69, 6: 0 2331.17 353.012 1826.79
70, 6: 0 2331.17 741.17 2179.8
71, 6: 0 2331.17 591.621 2179.8
72, 6: 0 2331.17 228.296 2179.8
73, 6: 0 2331.17 500.39 2179.8
74, 6: 0 2331.17 261.027 2179.8
75, 6: 0 2331.17 288.739 2179.8
76, 6: 0 2331.17 222.6 1957.2
77, 6: 0 2331.17 317.845 2179.8
78, 6: 1 2331.17 0 2179.8
79, 6: 0 2331.17 393.171 2179.8
80, 6: 0 2331.17 142.418 2179.8
Customer 47 - Obj: 151.376   part1: 151.376   part2: 9.72673e-13
47, 1: 0 8355.3 8203.92
0, 1: 0 -
63, 1: 0 8355.3 2190.27 8203.92
64, 1: 0 8355.3 1317.8 8203.92
65, 1: 0 8355.3 2106.61 8203.92
66, 1: 0 8355.3 44.076 8203.92
67, 1: 0 8355.3 0 8203.92
68, 1: 0 8355.3 1015.42 7188.5
69, 1: 0 8355.3 1858.55 8203.92
70, 1: 0 8355.3 2880.29 8203.92
71, 1: 0 8355.3 2265.74 8203.92
72, 1: 0 8355.3 1100.39 8203.92
73, 1: 0 8355.3 1890.84 8203.92
74, 1: 0 8355.3 1164.61 7039.31
75, 1: 0 8355.3 1348.79 8203.92
76, 1: 0 8355.3 749.306 8203.92
77, 1: 0 8355.3 1468.38 8203.92
78, 1: 1 8355.3 0 8203.92
79, 1: 0 8355.3 1777.92 8203.92
80, 1: 0 8355.3 419.812 8203.92
Customer 48 - Obj: 151.376   part1: 151.376   part2: 8.83162e-11
48, 0: 0 6331.72 6180.34
0, 0: 0 -
63, 0: 0 6331.72 292.457 6180.34
64, 0: 0 6331.72 170.464 6180.34
65, 0: 0 6331.72 274.611 6180.34
66, 0: 0 6331.72 8.75041 6180.34
67, 0: 0 6331.72 0 6180.34
68, 0: 0 6331.72 130.54 6049.8
69, 0: 0 6331.72 241.86 6180.34
70, 0: 0 6331.72 376.761 5803.58
71, 0: 0 6331.72 295.622 6180.34
72, 0: 0 6331.72 148.56 6031.78
73, 0: 0 6331.72 246.123 6180.34
74, 0: 0 6331.72 152.967 6027.38
75, 0: 0 6331.72 181.355 6180.34
76, 0: 0 6331.72 95.4054 6180.34
77, 0: 0 6331.72 197.147 6180.34
78, 0: 1 6331.72 0 6180.34
79, 0: 0 6331.72 238.014 6180.34
80, 0: 0 6331.72 51.902 6180.34
Customer 49 - Obj: 151.376   part1: 151.376   part2: 5.90286e-11
49, 4: 0 3370.61 3219.23
0, 4: 0 -
63, 4: 0 3370.61 563.223 3219.23
64, 4: 0 3370.61 307.347 3219.23
65, 4: 0 3370.61 493.274 3219.23
66, 4: 0 3370.61 30.2003 3219.23
67, 4: 0 3370.61 0 3219.23
68, 4: 0 3370.61 236.068 2983.16
69, 4: 0 3370.61 434.804 2784.42
70, 4: 0 3370.61 675.639 2543.59
71, 4: 0 3370.61 530.784 3219.23
72, 4: 0 3370.61 288.573 2930.66
73, 4: 0 3370.61 442.416 3219.23
74, 4: 0 3370.61 267.192 2952.04
75, 4: 0 3370.61 306.027 3219.23
76, 4: 0 3370.61 173.343 3219.23
77, 4: 0 3370.61 375.311 2843.92
78, 4: 1 3370.61 0 3219.23
79, 4: 0 3370.61 466.029 3219.23
80, 4: 0 3370.61 95.6782 3219.23
Customer 50 - Obj: 151.376   part1: 151.376   part2: 8.79124e-11
50, 0: 0 6331.72 6180.34
0, 0: 0 -
63, 0: 0 6331.72 1940.79 6180.34
64, 0: 0 6331.72 1039.85 6180.34
65, 0: 0 6331.72 1704.98 6180.34
66, 0: 0 6331.72 45.8036 6180.34
67, 0: 0 6331.72 0 6180.34
68, 0: 0 6331.72 837.83 5342.51
69, 0: 0 6331.72 1507.85 6180.34
70, 0: 0 6331.72 2319.8 6180.34
71, 0: 0 6331.72 1831.44 6180.34
72, 0: 0 6331.72 1187.42 6180.34
73, 0: 0 6331.72 1533.51 6180.34
74, 0: 0 6331.72 852.06 6180.34
75, 0: 0 6331.72 982.992 6180.34
76, 0: 0 6331.72 751.034 6180.34
77, 0: 0 6331.72 1329.18 6180.34
78, 0: 1 6331.72 0 6180.34
79, 0: 0 6331.72 1613.11 6180.34
80, 0: 0 6331.72 386.423 6180.34
Customer 51 - Obj: 151.376   part1: 151.376   part2: 0
51, 1: 0 8355.3 8203.92
0, 1: 0 -
63, 1: 0 8355.3 420.654 8203.92
64, 1: 0 8355.3 224.995 7978.92
65, 1: 0 8355.3 369.438 8203.92
66, 1: 0 8355.3 17.9254 8203.92
67, 1: 0 8355.3 0 8203.92
68, 1: 0 8355.3 181.119 8203.92
69, 1: 0 8355.3 326.629 8203.92
70, 1: 0 8355.3 502.962 8203.92
71, 1: 0 8355.3 396.902 8203.92
72, 1: 0 8355.3 257.042 8203.92
73, 1: 0 8355.3 332.201 7871.72
74, 1: 0 8355.3 191.445 8203.92
75, 1: 0 8355.3 219.879 8203.92
76, 1: 0 8355.3 162.269 8203.92
77, 1: 0 8355.3 287.826 8203.92
78, 1: 1 8355.3 0 8203.92
79, 1: 0 8355.3 349.49 8203.92
80, 1: 0 8355.3 83.0886 8120.83
Customer 52 - Obj: 151.376   part1: 151.376   part2: 8.82686e-11
52, 5: 0 6816.69 6665.31
0, 5: 0 -
63, 5: 0 6816.69 3517.93 6665.31
64, 5: 0 6816.69 1912.37 6665.31
65, 5: 0 6816.69 3097.68 6665.31
66, 5: 0 6816.69 139.799 6665.31
67, 5: 0 6816.69 0 6665.31
68, 5: 0 6816.69 1552.33 6665.31
69, 5: 0 6816.69 2746.38 6665.31
70, 5: 0 6816.69 4193.38 6665.31
71, 5: 0 6816.69 3323.05 6665.31
72, 5: 0 6816.69 2175.35 6665.31
73, 5: 0 6816.69 2792.11 6665.31
74, 5: 0 6816.69 1502.27 6665.31
75, 5: 0 6816.69 1735.61 6665.31
76, 5: 0 6816.69 1397.65 6665.31
77, 5: 0 6816.69 2345.03 6665.31
78, 5: 1 6816.69 0 6665.31
79, 5: 0 6816.69 2933.99 6665.31
80, 5: 0 6816.69 747.887 6665.31
Customer 53 - Obj: 151.376   part1: 151.376   part2: 0
53, 9: 0 772.666 621.29
0, 9: 0 -
63, 9: 0 772.666 1364.21 621.29
64, 9: 0 772.666 6026.63 621.29
65, 9: 0 772.666 6159.55 621.29
66, 9: 0 772.666 2732.36 621.29
67, 9: 0 772.666 0 621.29
68, 9: 0 772.666 4942.17 621.29
69, 9: 0 772.666 3563.06 621.29
70, 9: 0 772.666 8209.94 621.29
71, 9: 0 772.666 7099.57 621.29
72, 9: 0 772.666 2520.09 621.29
73, 9: 0 772.666 6422.19 621.29
74, 9: 0 772.666 3182.69 621.29
75, 9: 0 772.666 1843.91 621.29
76, 9: 0 772.666 3571.3 621.29
77, 9: 0 772.666 0 621.29
78, 9: 1 772.666 0 621.29
79, 9: 0 772.666 1731.55 621.29
80, 9: 0 772.666 4089.89 621.29
Customer 54 - Obj: 151.376   part1: 151.376   part2: 5.90486e-11
54, 4: 0 3370.61 3219.23
0, 4: 0 -
63, 4: 0 3370.61 77.6668 3219.23
64, 4: 0 3370.61 58.3397 3219.23
65, 4: 0 3370.61 84.9762 3134.25
66, 4: 0 3370.61 18.5071 3200.72
67, 4: 0 3370.61 0 3219.23
68, 4: 0 3370.61 50.2493 3219.23
69, 4: 0 3370.61 59.2924 3219.23
70, 4: 0 3370.61 109.598 3109.63
71, 4: 0 3370.61 90.0407 3219.23
72, 4: 0 3370.61 42.9822 3219.23
73, 4: 0 3370.61 78.1095 3141.12
74, 4: 0 3370.61 23.4453 3219.23
75, 4: 0 3370.61 36.8751 3182.35
76, 4: 0 3370.61 44.0903 3219.23
77, 4: 0 3370.61 54.6933 3219.23
78, 4: 1 3370.61 0 3219.23
79, 4: 0 3370.61 64.5444 3219.23
80, 4: 0 3370.61 32.1716 3219.23
Customer 55 - Obj: -1780.56   part1: 151.376   part2: 1931.93
55, 8: 0 8678.31 8526.93
0, 8: 0 -
63, 8: 0 8678.31 1698.94 8526.93
64, 8: 0 8678.31 1269.74 8526.93
65, 8: 1 8678.31 1861.24 8526.93
66, 8: 0 8678.31 385.201 8526.93
67, 8: 0 8678.31 0 8526.93
68, 8: 0 8678.31 1090.08 8526.93
69, 8: 0 8678.31 1290.9 7236.03
70, 8: 0 8678.31 2408.02 8526.93
71, 8: 0 8678.31 1973.71 8526.93
72, 8: 0 8678.31 928.706 7598.22
73, 8: 0 8678.31 1708.76 8526.93
74, 8: 0 8678.31 481.378 8526.93
75, 8: 0 8678.31 779.606 7747.32
76, 8: 0 8678.31 953.323 8526.93
77, 8: 0 8678.31 1188.78 8526.93
78, 8: 0 8678.31 0 8526.93
79, 8: 0 8678.31 1407.53 8526.93
80, 8: 0 8678.31 688.64 8526.93
Customer 56 - Obj: 151.376   part1: 151.376   part2: 1.54652e-11
56, 9: 0 772.666 621.29
0, 9: 0 -
63, 9: 0 772.666 3764.82 621.29
64, 9: 0 772.666 2979.11 621.29
65, 9: 0 772.666 4436.82 621.29
66, 9: 0 772.666 1011.31 621.29
67, 9: 0 772.666 0 621.29
68, 9: 0 772.666 2488.7 621.29
69, 9: 0 772.666 2909.6 621.29
70, 9: 0 772.666 5249.5 621.29
71, 9: 0 772.666 4339.21 503.527
72, 9: 0 772.666 2150.46 621.29
73, 9: 0 772.666 3783.89 621.29
74, 9: 0 772.666 819.077 621.29
75, 9: 0 772.666 1444.15 621.29
76, 9: 0 772.666 2202.06 621.29
77, 9: 0 772.666 2695.56 621.29
78, 9: 1 772.666 0 621.29
79, 9: 0 772.666 3154.04 621.29
80, 9: 0 772.666 1647.3 621.29
Customer 57 - Obj: -10089.6   part1: 151.376   part2: 10241
57, 8: 0 8678.31 8526.93
0, 8: 0 -
63, 8: 0 8678.31 8925.87 8526.93
64, 8: 0 8678.31 6863.06 6389.57
65, 8: 1 8678.31 10241 8526.93
66, 8: 0 8678.31 2545.18 8526.93
67, 8: 0 8678.31 0 8526.93
68, 8: 0 8678.31 5968.71 8526.93
69, 8: 0 8678.31 6944.1 8526.93
70, 8: 0 8678.31 12124.2 8526.93
71, 8: 0 8678.31 10014.8 8526.93
72, 8: 0 8678.31 5184.93 6389.57
73, 8: 0 8678.31 8727.98 8526.93
74, 8: 0 8678.31 1864.97 8526.93
75, 8: 0 8678.31 3313.44 8526.93
76, 8: 0 8678.31 5304.49 8526.93
77, 8: 0 8678.31 6448.07 8526.93
78, 8: 0 8678.31 0 8526.93
79, 8: 0 8678.31 7510.51 8526.93
80, 8: 0 8678.31 4019 8526.93
Customer 58 - Obj: 151.376   part1: 151.376   part2: 3.03914e-11
58, 6: 0 2331.17 2179.8
0, 6: 0 -
63, 6: 0 2331.17 570.295 2179.8
64, 6: 0 2331.17 843.758 2179.8
65, 6: 0 2331.17 1040.24 2179.8
66, 6: 0 2331.17 388.589 2179.8
67, 6: 0 2331.17 0 2179.8
68, 6: 0 2331.17 665.001 2179.8
69, 6: 0 2331.17 735.913 2179.8
70, 6: 0 2331.17 1203.64 2179.8
71, 6: 0 2331.17 1020.62 2179.8
72, 6: 0 2331.17 377.145 2179.8
73, 6: 0 2331.17 908.96 2179.8
74, 6: 0 2331.17 271.52 1908.28
75, 6: 0 2331.17 37.5618 2179.8
76, 6: 0 2331.17 548.397 2179.8
77, 6: 0 2331.17 282.992 2179.8
78, 6: 1 2331.17 0 2179.8
79, 6: 0 2331.17 449.523 1730.27
80, 6: 0 2331.17 524.515 2179.8
Customer 59 - Obj: 151.376   part1: 151.376   part2: 5.88712e-11
59, 4: 0 3370.61 3219.23
0, 4: 0 -
63, 4: 0 3370.61 345.224 3219.23
64, 4: 0 3370.61 503.254 2715.98
65, 4: 0 3370.61 616.799 3219.23
66, 4: 0 3370.61 211.793 3219.23
67, 4: 0 3370.61 0 3219.23
68, 4: 0 3370.61 399.955 2819.27
69, 4: 0 3370.61 440.932 3219.23
70, 4: 0 3370.61 711.226 2508
71, 4: 0 3370.61 605.459 2613.77
72, 4: 0 3370.61 233.606 3219.23
73, 4: 0 3370.61 540.935 3219.23
74, 4: 0 3370.61 136.907 3219.23
75, 4: 0 3370.61 14.6785 3219.23
76, 4: 0 3370.61 332.572 3219.23
77, 4: 0 3370.61 179.199 3219.23
78, 4: 1 3370.61 0 3219.23
79, 4: 0 3370.61 275.435 3219.23
80, 4: 0 3370.61 318.769 3219.23
Customer 60 - Obj: 151.376   part1: 151.376   part2: 8.8106e-11
60, 5: 0 6816.69 6665.31
0, 5: 0 -
63, 5: 0 6816.69 4613.89 6665.31
64, 5: 0 6816.69 4632.25 6665.31
65, 5: 0 6816.69 6546.07 6665.31
66, 5: 0 6816.69 1932.94 6665.31
67, 5: 0 6816.69 0 6665.31
68, 5: 0 6816.69 3872.58 6665.31
69, 5: 0 6816.69 4425.16 6665.31
70, 5: 0 6816.69 7613.02 6665.31
71, 5: 0 6816.69 6417.91 6665.31
72, 5: 0 6816.69 2758.4 6665.31
73, 5: 0 6816.69 5688.85 6665.31
74, 5: 0 6816.69 284.039 6665.31
75, 5: 0 6816.69 1408.42 6665.31
76, 5: 0 6816.69 3496.25 6665.31
77, 5: 0 6816.69 3180.66 6665.31
78, 5: 1 6816.69 0 6665.31
79, 5: 0 6816.69 3812 6665.31
80, 5: 0 6816.69 2767.92 6665.31
Customer 61 - Obj: 151.376   part1: 151.376   part2: 0
61, 2: 0 3291.48 3140.11
0, 2: 0 -
63, 2: 0 3291.48 5772.3 3140.11
64, 2: 0 3291.48 5679.1 3140.11
65, 2: 0 3291.48 7872.45 3140.11
66, 2: 0 3291.48 2586.77 3140.11
67, 2: 0 3291.48 0 3140.11
68, 2: 0 3291.48 4809.74 3140.11
69, 2: 0 3291.48 5443.05 3140.11
70, 2: 0 3291.48 9095.26 3140.11
71, 2: 0 3291.48 7725.61 3140.11
72, 2: 0 3291.48 3645.76 3140.11
73, 2: 0 3291.48 6890.04 3140.11
74, 2: 0 3291.48 195.391 3140.11
75, 2: 0 3291.48 2098.59 3140.11
76, 2: 0 3291.48 4378.42 3140.11
77, 2: 0 3291.48 4129.74 3140.11
78, 2: 1 3291.48 0 3140.11
79, 2: 0 3291.48 4853.28 3140.11
80, 2: 0 3291.48 3543.72 3140.11
Customer 62 - Obj: 151.376   part1: 151.376   part2: 5.889e-11
62, 4: 0 3370.61 3219.23
0, 4: 0 -
63, 4: 0 3370.61 631.469 3219.23
64, 4: 0 3370.61 528.614 3219.23
65, 4: 0 3370.61 729.824 2489.41
66, 4: 0 3370.61 251.16 2968.07
67, 4: 0 3370.61 0 3219.23
68, 4: 0 3370.61 455.085 3219.23
69, 4: 0 3370.61 513.182 3219.23
70, 4: 0 3370.61 841.999 3219.23
71, 4: 0 3370.61 716.351 3219.23
72, 4: 0 3370.61 363.007 3219.23
73, 4: 0 3370.61 639.7 3219.23
74, 4: 0 3370.61 22.188 3197.04
75, 4: 0 3370.61 191.88 3219.23
76, 4: 0 3370.61 415.517 3219.23
77, 4: 0 3370.61 378.205 3219.23
78, 4: 1 3370.61 0 3219.23
79, 4: 0 3370.61 473.782 2745.45
80, 4: 0 3370.61 338.946 3219.23
Routing:
5, 0, 0
6, 0, 1
65, 0, 1
65, 6, 1
78, 0, 0
78, 5, 0
Routing cost: 2205.12
[284989.6339542577, 2205.1199999999994, 42.36298441886902, 0.0, 1, 1.1368683772161603e-13, 0.9838709677419355, 0.9838709677419355, 0.9838709677419355]