Routing:
4, 0, 0
5, 4, 0
6, 0, 2
8, 5, 0
9, 2, 0
9, 8, 0
9, 7, 1
14, 0, 1
14, 13, 1
15, 13, 1
16, 15, 1
17, 0, 0
18, 17, 0
23, 9, 1
25, 24, 1
26, 23, 1
27, 25, 1
27, 26, 1
28, 22, 0
30, 16, 1
31, 30, 1
32, 24, 1
32, 31, 1
33, 18, 0
34, 33, 0
35, 2, 0
36, 35, 0
39, 36, 0
39, 38, 0
40, 22, 0
59, 58, 0
61, 56, 0
62, 59, 0
62, 61, 0
64, 0, 1
64, 7, 1
65, 0, 2
65, 6, 2
Routing cost: 15633.7
[517768.2069152591, 15633.71, 5200.735108613968, 0.005357738118762323, 1, 821.3351159283985, 0.2564102564102564, 0.25806451612903225, 0.25806451612903225]
520542.87